run,generation,degenerate,holistic,other,compositional,popsize,turnover_rounds,group_rounds
19,0,0.9987713554999793,1.4267839920713722e-08,0.0012266915175253483,1.938714656782331e-06,25,30,10
19,1,0.935487242260214,2.6991862641936974e-05,0.06437173265824725,0.00011403321889155195,25,30,10
19,2,0.9607778081960148,7.78346854692912e-06,0.039178342061890865,3.606627354528283e-05,25,30,10
19,3,0.9433300042879814,3.3200143862844454e-08,0.0566541470549253,1.581545694622753e-05,25,30,10
19,4,0.9372614682525157,4.102822624705837e-08,0.0627224811738828,1.6009545373757096e-05,25,30,10
19,5,0.871005996660428,0.0004656528664444922,0.12851054821099672,1.7802262128481146e-05,25,30,10
19,6,0.7863357150258667,7.81142099572526e-06,0.21363916404107408,1.7309512067860065e-05,25,30,10
19,7,0.7905072905841811,7.703380978759037e-06,0.20946206612781576,2.293990703174098e-05,25,30,10
19,8,0.7778931129640354,1.6003058674715582e-07,0.2218454646508333,0.00026126235455027136,25,30,10
19,9,0.7719476109614091,1.7799606189892434e-07,0.22778971648225535,0.0002624945602745783,25,30,10
19,10,0.677545677751481,1.2548031284803987e-05,0.32216351499138873,0.00027825922584568324,25,30,10
19,11,0.6677733514254472,1.3807777852242926e-05,0.33198428139639113,0.00022855940030932077,25,30,10
19,12,0.6653687709925508,3.9461589354740385e-05,0.3260745517043866,0.008517215713707704,25,30,10
19,13,0.675085836378818,3.29580797540796e-05,0.31636619461999244,0.008515010921436103,25,30,10
19,14,0.6932545413040155,1.7584642581000675e-06,0.30369200231220256,0.003051697919523449,25,30,10
19,15,0.725421833267882,2.2090922002659442e-05,0.26728831017360255,0.007267765636512994,25,30,10
19,16,0.7204769516421624,2.2015841189701742e-05,0.27223252456390057,0.007268507952747999,25,30,10
19,17,0.7335944713802918,2.279225027255286e-05,0.25686746907806884,0.009515267291367088,25,30,10
19,18,0.6856383002719807,0.00017966701700043296,0.30723117649734566,0.006950856213674337,25,30,10
19,19,0.7227486206983587,0.0016887589121476097,0.2686097159380454,0.006952904451450316,25,30,10
19,20,0.7002548177156918,0.0016855389395215147,0.29194639355448104,0.006113249790308049,25,30,10
19,21,0.6853799351210228,0.0016854506811405997,0.3082757092398894,0.004658904957948599,25,30,10
19,22,0.6859721887154518,0.001685456140144976,0.30768342201788523,0.0046589331265195315,25,30,10
19,23,0.6520035878719532,0.0016854569255572173,0.34165159784184346,0.004659357360645378,25,30,10
19,24,0.6261024229853206,0.00017880854426526697,0.3690597574462774,0.004659011024136068,25,30,10
19,25,0.7135516883124724,1.9218234307193783e-05,0.28640069027373294,2.840317948723085e-05,25,30,10
19,26,0.7345700135530394,1.5248056745778387e-06,0.26539843350550607,3.002813577941619e-05,25,30,10
19,27,0.7462909096745389,1.557644727504717e-06,0.25369911160531106,8.421075421726879e-06,25,30,10
19,28,0.7038189678982962,1.562308392910777e-06,0.2955007336738397,0.0006787361194704893,25,30,10
19,29,0.7463173145996572,1.8326761207469238e-06,0.2524825646339365,0.001198288090284267,25,30,10
19,30,0.7185828068176623,1.833410545612501e-06,0.27877545355229255,0.0026399062194978127,25,30,10
19,31,0.6990001806196706,1.8223504587952407e-06,0.2619157466542806,0.03908225037558939,25,30,10
19,32,0.7250273405071398,2.075403074324772e-06,0.23448809195699952,0.04048249213278627,25,30,10
19,33,0.7021800799526988,2.076017769570254e-06,0.24310743766320403,0.05471040636632732,25,30,10
19,34,0.6582133517330234,0.00019343912319115468,0.2868759307966579,0.05471727834712808,25,30,10
19,35,0.6530642448190229,0.007249211620198375,0.3238160114340356,0.015870532126743622,25,30,10
19,36,0.6701146599557967,4.953184879953912e-06,0.3140540384084663,0.015826348450857536,25,30,10
19,37,0.5762223595466244,6.315164402612069e-06,0.4079421617237217,0.015829163565251637,25,30,10
19,38,0.578870504250583,6.0512412621646485e-06,0.405298714682337,0.015824729825818184,25,30,10
19,39,0.5516414226675501,6.0466627050816775e-06,0.4325277912843597,0.015824739385386415,25,30,10
19,40,0.5141743461834433,5.7905060907447695e-06,0.45907133189128374,0.02674853141918343,25,30,10
19,41,0.5425468841918654,7.242908232080386e-06,0.4308439565622573,0.02660191633764673,25,30,10
19,42,0.6068969438533128,7.242140603265982e-06,0.3664281054264628,0.026667708579622352,25,30,10
19,43,0.5978007186121593,7.257029796816679e-06,0.37552531612310913,0.026666708234936908,25,30,10
19,44,0.5692992383235073,7.38899359300897e-06,0.41583832164346723,0.014855051039434212,25,30,10
19,45,0.5689806408506768,7.393723789680695e-06,0.42714538706655525,0.0038665783589811285,25,30,10
19,46,0.5653623440291397,7.4207393813893925e-06,0.4250448864981938,0.009585348733288444,25,30,10
19,47,0.5667426498736808,7.882148708525142e-06,0.4229805904017686,0.010268877575845952,25,30,10
19,48,0.5657214463819764,0.000762350571436127,0.4280418568399126,0.0054743462066788925,25,30,10
19,49,0.5956775220136131,6.5281251109429154e-06,0.4023336835835222,0.001982266277758065,25,30,10
19,50,0.6193541544734776,6.602960430076205e-06,0.3772105385280719,0.00342870403802207,25,30,10
19,51,0.6468637912138895,6.605882622289815e-06,0.3497008891331319,0.0034287137703568715,25,30,10
19,52,0.6317763257873157,1.4979194288935551e-05,0.36622161640024686,0.0019870786181477875,25,30,10
19,53,0.6317467055479284,1.4979125548159234e-05,0.36625123760558387,0.0019870777209385687,25,30,10
19,54,0.6087518569412447,1.49641348706004e-05,0.3892469596598361,0.0019862192640491363,25,30,10
19,55,0.6309381159990674,1.49502789158842e-05,0.3670609244299111,0.001986009292105122,25,30,10
19,56,0.6594468477727315,1.494727365918437e-05,0.33902796826001214,0.0015102366935963807,25,30,10
19,57,0.6808147810130761,1.3457732280841369e-05,0.31622099403016707,0.002950767224474499,25,30,10
19,58,0.6043646294075962,1.3470099618918432e-05,0.3926710888296062,0.002950811663181345,25,30,10
19,59,0.6073560859014109,5.030193575513458e-06,0.38974525801685417,0.002893625888162072,25,30,10
19,60,0.5679458037335715,5.061676877324222e-06,0.4291483001872377,0.0029008344023147632,25,30,10
19,61,0.6024094788794424,7.787751666192622e-06,0.39467276381496075,0.0029099695539321294,25,30,10
19,62,0.6059591097452081,7.787728177033728e-06,0.39112383897901964,0.0029092635475969114,25,30,10
19,63,0.6218832781678517,7.787073222675024e-06,0.37520043205121956,0.002908502707707121,25,30,10
19,64,0.6229691724588993,7.786206097627743e-06,0.37411454746243245,0.0029084938725719794,25,30,10
19,65,0.6138261452165189,7.790329237485434e-06,0.3832575397029469,0.002908524751297564,25,30,10
19,66,0.6621357143441956,7.76854281894798e-06,0.33494813291485115,0.0029083841981348895,25,30,10
19,67,0.6622199366871554,7.76841499421322e-06,0.33486392159639633,0.0029083733014534565,25,30,10
19,68,0.6622691555893829,7.768427495504566e-06,0.33481470385532147,0.002908372127800265,25,30,10
19,69,0.6380394810590705,7.892832351475272e-06,0.35899742527418255,0.0029552008343958036,25,30,10
19,70,0.6779842815315099,7.89282352941047e-06,0.3190526276056216,0.0029551980393394033,25,30,10
19,71,0.6042537542049312,0.0009943371025269304,0.3917984889848389,0.002953419707703089,25,30,10
19,72,0.6042582768763586,0.0009943370990292612,0.3917939670646467,0.0029534189599656857,25,30,10
19,73,0.6596043938356962,0.0009943285317586647,0.33788790910665784,0.0015133685258875605,25,30,10
19,74,0.6421050447804575,0.0009943263635589707,0.3554308567540147,0.001469772101969688,25,30,10
19,75,0.6424060842614839,0.0009943357817417528,0.3551298131806285,0.0014697667761462549,25,30,10
19,76,0.6412582178743161,7.78207103141684e-06,0.35726567361123396,0.0014683264434178947,25,30,10
19,77,0.6412651364210413,7.775834198334986e-06,0.3572587613040295,0.0014683264407303566,25,30,10
19,78,0.6311196590845521,7.773708993977726e-06,0.3674019324725334,0.0014706347339207037,25,30,10
19,79,0.6308445582638335,7.777257967294084e-06,0.3676770296707678,0.0014706348074323375,25,30,10
19,80,0.6318437433329831,7.792686666065848e-06,0.3666778524905874,0.0014706114897643167,25,30,10
19,81,0.6307383206914823,7.792906961494631e-06,0.36778305621162066,0.0014708301899363856,25,30,10
19,82,0.6287478540482957,7.792945926421304e-06,0.3697704327558686,0.001473920249909928,25,30,10
19,83,0.6258898438573689,7.793162912791037e-06,0.3726283623898729,0.0014740005898464892,25,30,10
19,84,0.5890860816504443,7.816126496055405e-06,0.4092780780945926,0.0016280241284672692,25,30,10
19,85,0.5832106357111347,7.852431644882211e-06,0.4151535789338039,0.0016279329234159161,25,30,10
19,86,0.5505852549291986,7.816433742197684e-06,0.4477713420739704,0.0016355865630873407,25,30,10
19,87,0.5505793939283421,7.829654516741121e-06,0.4477771898576911,0.0016355865594485624,25,30,10
19,88,0.533890233906904,7.835557866534401e-06,0.4644278493623618,0.0016740811728662185,25,30,10
19,89,0.5341996708381755,7.836449071373504e-06,0.4641181507146275,0.0016743419981246055,25,30,10
19,90,0.5400232123399176,9.174469822055982e-06,0.45842385938934904,0.0015437538009105834,25,30,10
19,91,0.5763955430147221,7.833442966669177e-06,0.42207808195359114,0.0015185415887186962,25,30,10
19,92,0.5405011365649405,7.823087873766277e-06,0.45796796198371964,0.0015230783634646223,25,30,10
19,93,0.5681375436945352,7.824472687165356e-06,0.43031048220180035,0.0015441496309765701,25,30,10
19,94,0.5701212018525726,7.824418491128009e-06,0.42832991383200286,0.0015410598969328537,25,30,10
19,95,0.5692923202927459,7.824259102570577e-06,0.429159258407848,0.0015405970403035794,25,30,10
19,96,0.564751421340345,2.4320593029131455e-05,0.43358962428735426,0.0016346337792717282,25,30,10
19,97,0.5572039380461847,2.431132186406282e-05,0.44114188787266506,0.001629862759287044,25,30,10
19,98,0.5603707219582253,2.4286580159807976e-05,0.437975267254634,0.0016297242069828865,25,30,10
19,99,0.5604007049455825,2.4283072377108184e-05,0.4379452872568539,0.0016297247251883054,25,30,10
19,100,0.5232503760085035,2.6572592082061658e-05,0.4750933489040408,0.00162970249537278,25,30,10
19,101,0.5232454765913988,2.6572591559392948e-05,0.4750980150690682,0.0016299357479724172,25,30,10
19,102,0.5273874261968249,2.676649233841731e-05,0.47095393270456065,0.0016318746062752537,25,30,10
19,103,0.5288348427439299,2.678332959648834e-05,0.4709501944418266,0.000188179484645739,25,30,10
19,104,0.5320601967429754,2.6783195686779353e-05,0.4677248578120943,0.00018816224924248767,25,30,10
19,105,0.5530038241951669,2.7159516984809185e-05,0.4412975610697814,0.005671455218067761,25,30,10
19,106,0.5570816060824071,2.6518051808202018e-05,0.4372204085625499,0.005671467303233694,25,30,10
19,107,0.5767620440529346,3.631735261959692e-05,0.41466459222710633,0.00853704636733813,25,30,10
19,108,0.5712977434505625,6.208938919263691e-05,0.42010361222883974,0.008536554931403522,25,30,10
19,109,0.5344806201659036,6.208838444627525e-05,0.45694188601103003,0.008515405438616962,25,30,10
19,110,0.5413979976845499,6.208838634587229e-05,0.45002474142769716,0.008515172501403512,25,30,10
19,111,0.5470296728823718,6.209052788083011e-05,0.44439305182130245,0.008515184768441536,25,30,10
19,112,0.5470253487501069,6.209058948046261e-05,0.4443964556778648,0.008516104982544343,25,30,10
19,113,0.5076064846667356,6.20743468031336e-05,0.4838153775600177,0.008516063426439374,25,30,10
19,114,0.5048766643899743,5.932092757883953e-05,0.4865635849465454,0.008500429735897666,25,30,10
19,115,0.4942427396513247,5.933076215746683e-05,0.49719043047345146,0.008507499113063944,25,30,10
19,116,0.47241086058811477,3.354967313136466e-05,0.5190551560750355,0.008500433663715197,25,30,10
19,117,0.47264266349620243,3.3549630894907036e-05,0.5188233538049282,0.008500433067970894,25,30,10
19,118,0.47265063289514353,3.354963146698161e-05,0.5188153842527226,0.008500433220663411,25,30,10
19,119,0.47759911550972994,3.3544056991908727e-05,0.5139003627199723,0.008466977713302758,25,30,10
19,120,0.4966272969700455,3.31676228787764e-05,0.5003558342911653,0.0029837011159075015,25,30,10
19,121,0.5073875914737512,3.025833927343108e-05,0.4895984734217809,0.002983676765191532,25,30,10
19,122,0.507500926795605,3.025804209265432e-05,0.4894851423645643,0.002983672797735686,25,30,10
19,123,0.47906458661532975,3.0257686812026914e-05,0.5179214807568641,0.0029836749409919865,25,30,10
19,124,0.47705329996919593,2.7968177117482543e-05,0.5199350565961854,0.002983675257499127,25,30,10
19,125,0.4773233985552911,2.796175553146555e-05,0.519670832973861,0.0029778067153152887,25,30,10
19,126,0.4711660149330176,2.796153657831739e-05,0.5258282309754342,0.0029777925549693187,25,30,10
19,127,0.4690998676819069,2.7960774967137883e-05,0.527894380942922,0.0029777906002038403,25,30,10
19,128,0.464031384059164,2.796090785839451e-05,0.5329618307321092,0.0029788243008680294,25,30,10
19,129,0.4579104883700103,2.7969367408819998e-05,0.5390826712893899,0.002978870973190929,25,30,10
19,130,0.4581030720494501,2.7969413892486252e-05,0.538890086972856,0.0029788715638013564,25,30,10
19,131,0.4571312153277616,2.7969252261202473e-05,0.5398619901407045,0.0029788252792722486,25,30,10
19,132,0.46320203686916545,2.7969366477453926e-05,0.5337919406800922,0.0029780530842644782,25,30,10
19,133,0.47497432737463335,2.7969037586394042e-05,0.522024689614544,0.002973013973235355,25,30,10
19,134,0.46350996711446746,3.0459068596160915e-05,0.533486548352694,0.002973025464241578,25,30,10
19,135,0.46345599358528133,3.0744981862929085e-05,0.5335402504940259,0.00297301093882909,25,30,10
19,136,0.45751584092401265,3.07451080223177e-05,0.5394804022634271,0.002973011704537815,25,30,10
19,137,0.44923541321471666,3.074199322744331e-05,0.5477608728511574,0.0029729719408974798,25,30,10
19,138,0.44920243203375976,3.0741991496371316e-05,0.5477938540860842,0.0029729718886605363,25,30,10
19,139,0.4495749476287343,3.0742091977783e-05,0.5474213291475231,0.002972981131766579,25,30,10
19,140,0.44964396034278686,2.799133461884622e-05,0.5473549529319943,0.0029730953906017678,25,30,10
19,141,0.4556876429659327,2.805691010415391e-05,0.5413112005345081,0.0029730995894562393,25,30,10
19,142,0.4417148359147933,2.660824010381223e-05,0.5552174755159577,0.0030410803291451814,25,30,10
19,143,0.4548005375206261,1.6808614167697133e-05,0.5450075902279093,0.00017506363729667283,25,30,10
19,144,0.45985884885248995,1.680850303790656e-05,0.5399503224291616,0.0001740202153100756,25,30,10
19,145,0.4630921716961183,1.6615571254066477e-05,0.5367195564229307,0.00017165630969654956,25,30,10
19,146,0.46762270831558955,1.1924222900534487e-07,0.5322995333222426,7.763911993825865e-05,25,30,10
19,147,0.4679130346239363,0.00013437235890106355,0.5312390507319737,0.0007135422851885533,25,30,10
19,148,0.4311153175144742,0.00013442133574216448,0.5680365882036363,0.0007136729461465074,25,30,10
19,149,0.4311209560712473,0.00013442127520797714,0.568031869918539,0.0007127527350035121,25,30,10
19,150,0.43014450293193107,0.00013442114778477445,0.5690083139403219,0.0007127619799606195,25,30,10
19,151,0.4301177732692396,0.00013445792500535618,0.5690350057002825,0.0007127631054709531,25,30,10
19,152,0.4301184442559621,0.00013445792501092134,0.569034334802183,0.0007127630168430684,25,30,10
19,153,0.4236180544456101,0.00013439247866450102,0.5755347935300753,0.0007127595456482037,25,30,10
19,154,0.42349106725663105,0.00013439241911176563,0.5756617810229433,0.0007127593013123317,25,30,10
19,155,0.4234897628396814,0.00013439242348640542,0.575663085250476,0.0007127594863546687,25,30,10
19,156,0.42218729203911076,0.0001343943750028552,0.5769655535978575,0.0007127599880274643,25,30,10
19,157,0.4613002660684073,0.0001343947120398015,0.5378525775149733,0.0007127617045788132,25,30,10
19,158,0.4612488124240744,0.00013469129209308354,0.5379037349333471,0.0007127613504847507,25,30,10
19,159,0.460907160508005,0.0001346907633812417,0.5382531640905855,0.0007049846380291887,25,30,10
19,160,0.4597299916452655,0.000134692323594949,0.5394255609694412,0.0007097550616994296,25,30,10
19,161,0.45179637832979663,0.0001348402769643056,0.5473300152699963,0.000738766123242871,25,30,10
19,162,0.4443911706480969,0.0001348383874855986,0.5547352257757947,0.0007387651886228832,25,30,10
19,163,0.44442161006806236,0.0001348383879992079,0.5512047891171764,0.00423876242676153,25,30,10
19,164,0.44439116728527134,0.00013483838747659752,0.525354924816447,0.030119069510804345,25,30,10
19,165,0.444037269459692,5.599916531814322e-07,0.5264791184426137,0.02948305210604114,25,30,10
19,166,0.4072308759410279,2.5844178993659753e-05,0.5632599007453096,0.02948337913466768,25,30,10
19,167,0.40435958752059903,5.596023382239136e-07,0.5661568298679669,0.02948302300909481,25,30,10
19,168,0.40441415912093426,5.599575182577156e-07,0.5661021354872651,0.0294831454342808,25,30,10
19,169,0.40441547977051523,5.599574977235172e-07,0.5661008252305959,0.02948313504138949,25,30,10
19,170,0.40447893407339275,5.600166109473531e-07,0.5660373706107464,0.029483135299248273,25,30,10
19,171,0.4068149839619349,5.599569628841878e-07,0.5637013208277398,0.02948313525336085,25,30,10
19,172,0.4068159204831586,5.599569970877509e-07,0.5532908381000234,0.03989268145981953,25,30,10
19,173,0.431514569612221,5.598761374664188e-07,0.5285898345802196,0.03989503593142082,25,30,10
19,174,0.4315164619973919,5.466515755506221e-07,0.5285879554207389,0.03989503593029363,25,30,10
19,175,0.43195159526287996,5.466217543389321e-07,0.5281528218530629,0.03989503626230158,25,30,10
19,176,0.43807235867896144,5.381606236491266e-07,0.5220321137033498,0.03989498945706392,25,30,10
19,177,0.43790498200172406,6.504861028106553e-07,0.5221988515052659,0.039895516006906905,25,30,10
19,178,0.43785355854005137,0.0033349571992003727,0.5189152439405198,0.03989624032022777,25,30,10
19,179,0.4420115004738168,0.0033349578155328053,0.514759747263999,0.03989379444665091,25,30,10
19,180,0.45280712644588084,0.0033349532664112783,0.5039641536210122,0.039893766666695044,25,30,10
19,181,0.45280612894593153,0.003334953266376086,0.5038348421708045,0.040024075616887735,25,30,10
19,182,0.47301709862123276,0.0033349533031026557,0.48362387236058413,0.04002407571508097,25,30,10
19,183,0.47825842080263214,0.003334953364306485,0.4783825188167984,0.040024107016262044,25,30,10
19,184,0.4610485714991933,0.0033349520807357757,0.4955971397026147,0.040019336717455375,25,30,10
19,185,0.45792888945641425,5.962346777384997e-07,0.5020520470875062,0.04001846722140162,25,30,10
19,186,0.4694068645919928,5.963568668448602e-07,0.4905740504537047,0.04001848859743726,25,30,10
19,187,0.4689292887643117,5.595875630241267e-07,0.49105166335468836,0.04001848829343793,25,30,10
19,188,0.4690735323043975,5.595829998758645e-07,0.49090741962023005,0.040018488492373744,25,30,10
19,189,0.469050435171673,5.596942203788822e-07,0.49093049742456274,0.04001850770954505,25,30,10
19,190,0.4620665927542916,1.3791527905710954e-05,0.49790085665522793,0.040018759062575626,25,30,10
19,191,0.4620827919247565,1.414081908112758e-05,0.49788430819298823,0.040018759063174335,25,30,10
19,192,0.4248442255611893,3.115539606873637e-05,0.5350936200553842,0.040030998987357735,25,30,10
19,193,0.4147056637264923,3.1265520286593044e-05,0.5452322104598747,0.04003086029334639,25,30,10
19,194,0.41196867390291814,1.4271194204718482e-05,0.5479984518034096,0.04001860309946767,25,30,10
19,195,0.43131925029959917,1.4271864325638685e-05,0.5286464907780991,0.04001998705797563,25,30,10
19,196,0.43144592173675334,1.427151036004029e-05,0.5285198218488507,0.04001998490403533,25,30,10
19,197,0.43314863113162927,1.4484667770175397e-05,0.5268168954143038,0.04001998878629667,25,30,10
19,198,0.43070124294599077,1.2529735488988253e-06,0.5292777724366666,0.04001973164379362,25,30,10
19,199,0.4309347040742022,1.252973647812758e-06,0.5292778613694759,0.03978618158267453,25,30,10
19,200,0.3924541667847087,1.253416975750918e-06,0.5677584167856211,0.03978616301269417,25,30,10
19,201,0.39052611259183306,1.0402544828836653e-06,0.5696866885872995,0.03978615856638409,25,30,10
19,202,0.39222517489217446,8.196520676781395e-07,0.5679881641233466,0.03978584133241074,25,30,10
19,203,0.3931557471406996,8.196166989107246e-07,0.5670576231808426,0.039785810061758825,25,30,10
19,204,0.3920184313965435,8.195911805327245e-07,0.568194805130074,0.039785943882201934,25,30,10
19,205,0.3920179728973878,7.992445927346631e-07,0.5681952839807879,0.03978594387723145,25,30,10
19,206,0.39187029963415215,7.992378134258416e-07,0.5682630639470598,0.039865837180976735,25,30,10
19,207,0.3898696357492836,7.996314248506694e-07,0.5702609466450038,0.03986861797428929,25,30,10
19,208,0.3975672272976511,6.609529819015349e-07,0.5625924368249493,0.03983967492441913,25,30,10
19,209,0.4319449344272096,6.612974942866874e-07,0.528214717452982,0.039839686822318,25,30,10
19,210,0.4319633628180981,6.626313786949597e-07,0.5281962875952577,0.039839686955268856,25,30,10
19,211,0.43410453033090796,6.650318229286707e-07,0.5260585948467724,0.03983620979050027,25,30,10
19,212,0.4237682912576197,6.723016987540349e-07,0.5363944930363561,0.03983654340432851,25,30,10
19,213,0.4284655439839689,6.724873961567962e-07,0.5316570022666408,0.03987678126199719,25,30,10
19,214,0.4272057998043167,6.739068199524879e-07,0.5329148098223869,0.039878716466479426,25,30,10
19,215,0.4261787678424666,6.734023496880807e-07,0.5339418428322431,0.03987871592294312,25,30,10
19,216,0.4262350819450393,6.699249719812505e-07,0.5338861995222927,0.039878048607698696,25,30,10
19,217,0.42600461591186467,6.699248819979353e-07,0.5338861120894696,0.04010860207378577,25,30,10
19,218,0.4285120603900791,0.0008574927729276162,0.5305216956488235,0.04010875118817297,25,30,10
19,219,0.4311344232679686,0.000857536766596545,0.5260072114085284,0.042000828556909495,25,30,10
19,220,0.42797944811499666,0.000857536653468332,0.5291622053858736,0.04200080984566404,25,30,10
19,221,0.42797645644081206,0.0008575366534608185,0.529162203952696,0.042003802953033575,25,30,10
19,222,0.43034445788933273,0.0008575459588650976,0.5267928176001753,0.04200517855162937,25,30,10
19,223,0.43035256713338216,0.000857549127743668,0.5267847071803478,0.042005176558528916,25,30,10
19,224,0.43035486653345406,0.0008575491276980561,0.5267824077855251,0.042005176553325356,25,30,10
19,225,0.43038967973602477,0.0008575491427982754,0.5267475945650552,0.0420051765561244,25,30,10
19,226,0.42088051754394606,0.0008575459532635532,0.5362567782857462,0.04200515821704661,25,30,10
19,227,0.4295950237185339,0.0008575458918476651,0.5275422642534451,0.04200516613617559,25,30,10
19,228,0.43027974212113784,0.0008575365889421282,0.5268589315471651,0.04200378974275716,25,30,10
19,229,0.4423631360913064,0.0008575278955760296,0.5147778151737703,0.042001520839349445,25,30,10
19,230,0.446883916557281,0.0008575277018213958,0.5102972318675283,0.041961323873371675,25,30,10
19,231,0.4354057148361463,0.0008575280031240626,0.5217754546670783,0.04196130249365357,25,30,10
19,232,0.43540576624525174,0.0008575280031314339,0.5217754567786362,0.04196124897298277,25,30,10
19,233,0.43584740972719843,0.0008672652405704508,0.5213240758145176,0.04196124921771371,25,30,10
19,234,0.43598522870043377,0.0016565181607297846,0.5203970033326312,0.04196124980620493,25,30,10
19,235,0.44472524829338267,0.0016565189191767272,0.5116569536079738,0.04196127917946675,25,30,10
19,236,0.44471667323463265,0.0016565189219195922,0.5116655282376901,0.04196127960575862,25,30,10
19,237,0.4446985549980789,0.0016565189197911756,0.5116836473523908,0.041961278729736956,25,30,10
19,238,0.46257944172565224,0.0016565190384282035,0.4938027588257982,0.04196128041011813,25,30,10
19,239,0.46244136543269326,0.0008672661206773856,0.4947300886251137,0.041961279821512626,25,30,10
19,240,0.4624408021900161,0.0008672931548426957,0.4947306248013774,0.04196127985376031,25,30,10
19,241,0.46243850552429316,0.0008672931552677751,0.49473292117108436,0.041961280149351084,25,30,10
19,242,0.4624338939754755,0.000867293192011678,0.49473753994503206,0.041961272887477155,25,30,10
19,243,0.46197498034785545,0.000857602927215177,0.4952061441395227,0.04196127258540411,25,30,10
19,244,0.4578248177953844,0.0008576031841843048,0.49935625140165163,0.04196132761877708,25,30,10
19,245,0.45782771664041794,0.0008576031860639312,0.49943155205313056,0.041883128120388274,25,30,10
19,246,0.45577681541170023,0.0008576031917579581,0.5014824522566678,0.041883129139874534,25,30,10
19,247,0.45578618613157573,0.000857262754426309,0.5014734218190445,0.04188312929495346,25,30,10
19,248,0.4212334307471636,0.0008572709023069781,0.5079838765255458,0.06992542182498354,25,30,10
19,249,0.4212330485316532,0.0008572704788038232,0.5079842591741958,0.06992542181534715,25,30,10
19,250,0.4159321198630167,0.0008572623276313151,0.5013417365771882,0.08186888123216449,25,30,10
19,251,0.41558210099315146,0.0008587492308118022,0.5016904036846666,0.08186874609136713,25,30,10
19,252,0.4155821022930533,0.0008590018331121749,0.5016901497797199,0.08186874609411156,25,30,10
19,253,0.4137947308659524,1.8327507693456168e-06,0.504334838168562,0.08186859821471389,25,30,10
19,254,0.4130583807687415,0.0010876067926464778,0.5039838042014831,0.08187020823712662,25,30,10
19,255,0.3763651955355034,0.00108761093051771,0.520537435821717,0.10200975771226067,25,30,10
19,256,0.3859761274680837,0.0010876110372006521,0.5109265036662738,0.1020097578284405,25,30,10
19,257,0.38269978743392824,0.0010876068933221338,0.4943552403047996,0.1218573653679476,25,30,10
19,258,0.38457820138278864,0.0010876051167593617,0.49247688923864325,0.12185730426180572,25,30,10
19,259,0.36668285799418554,0.0010933149739854927,0.5103660693280763,0.12185775770375085,25,30,10
19,260,0.3634529483142222,0.0010933377135807574,0.5134343385192001,0.1220193754529946,25,30,10
19,261,0.4034184573870733,0.0010933106819755165,0.47346885609427536,0.12201937583667373,25,30,10
19,262,0.4033331075990725,0.0010933105287632217,0.4735542388975729,0.12201934297458941,25,30,10
19,263,0.40333011478345243,0.0010933105287721451,0.47355423908046795,0.12202233560730578,25,30,10
19,264,0.4034429539050254,0.0010933178815285115,0.4734413924522457,0.12202233576119753,25,30,10
19,265,0.40389542337432205,0.0011276280690622562,0.4729545624500592,0.12202238610655548,25,30,10
19,266,0.4038983815782076,0.0011276280690725817,0.47295456316315976,0.12201942718955877,25,30,10
19,267,0.4039087831297853,4.860584102472348e-05,0.4740247847978955,0.12201782623129373,25,30,10
19,268,0.40402198792986355,4.8605730780365034e-05,0.47391158041564074,0.12201782592371448,25,30,10
19,269,0.386670182666965,4.8649298531114455e-05,0.49126310301278553,0.12201806502171764,25,30,10
19,270,0.3946098167272908,4.864808252426589e-05,0.48332346661707737,0.12201806857310654,25,30,10
19,271,0.43329518863991934,1.43378882555516e-05,0.4446724464548237,0.12201802701700046,25,30,10
19,272,0.4333032215766066,1.4337887436526808e-05,0.44466441363011067,0.12201802690584479,25,30,10
19,273,0.4332413762498837,1.4328620695454108e-05,0.44472633518405574,0.12201795994536396,25,30,10
19,274,0.43249293091474883,1.4328431169670679e-05,0.44547483583405656,0.12201790482002295,25,30,10
19,275,0.4332867843985014,1.4328430546811513e-05,0.4446809900391068,0.12201789713184312,25,30,10
19,276,0.42407720491923967,1.6691365575591863e-05,0.45388809495512034,0.12201800876006245,25,30,10
19,277,0.42407718583537174,1.6691365574723173e-05,0.45388650023670124,0.1220196225623504,25,30,10
19,278,0.42731394765336295,1.6668585417133227e-05,0.45081138017995215,0.12185800358126571,25,30,10
19,279,0.4208431628229045,1.506392901899328e-05,0.457283855951618,0.12185791729645626,25,30,10
19,280,0.4052644011335176,1.5063454337438527e-05,0.4728626487822097,0.121857886629933,25,30,10
19,281,0.4061311980958381,1.5126227200739207e-05,0.4719957876434833,0.12185788803347512,25,30,10
19,282,0.424360085159143,9.416224010274408e-06,0.4537730655126198,0.12185743310422524,25,30,10
19,283,0.42130061425982424,9.372413265362015e-06,0.45872465795547634,0.11996535537143126,25,30,10
19,284,0.42124884986709477,9.374688240440186e-06,0.45877638033647306,0.11996539510818888,25,30,10
19,285,0.4109437262360286,9.384356760352228e-06,0.46908148410898964,0.11996540529821866,25,30,10
19,286,0.4100616026657635,9.320253747940204e-06,0.46996367331307326,0.11996540376741249,25,30,10
19,287,0.4099463158029932,9.309892698787504e-06,0.4700789708411795,0.11996540346312638,25,30,10
19,288,0.4101291098381175,0.014711211952965191,0.4551942715885163,0.11996540662039877,25,30,10
19,289,0.4101261149512974,0.014711211952946422,0.4551942754359578,0.11996839765979658,25,30,10
19,290,0.4101236491477224,0.014704457194279241,0.4552035061457264,0.1199683875122694,25,30,10
19,291,0.4152363291424562,0.014704459822990668,0.45009042796408666,0.11996878307046466,25,30,10
19,292,0.40667593595813956,0.014704463719160496,0.4586508103370832,0.11996878998561446,25,30,10
19,293,0.386653386993996,0.014704420234680049,0.47866740420704323,0.11997478856427851,25,30,10
19,294,0.38669939797055847,0.014704417340867804,0.4786217971908809,0.1199743874976906,25,30,10
19,295,0.3867539007712253,0.03975346859032448,0.45351824629110843,0.11997438434733944,25,30,10
19,296,0.35148825528458283,0.03975350848071773,0.48877470757911223,0.11998352865558289,25,30,10
19,297,0.3518078983538571,0.0397535934290183,0.4874772798313645,0.12096122838575617,25,30,10
19,298,0.35181666669354633,0.03975359343189534,0.4874685110618402,0.12096122881271443,25,30,10
19,299,0.35983540744430653,0.039752106895533,0.4794512148951257,0.12096127076503135,25,30,10
19,300,0.35990215832122785,0.03975210678782684,0.47938446357187275,0.12096127131906903,25,30,10
19,301,0.3747948221685213,0.03975211674757104,0.4644916661491964,0.12096139493470767,25,30,10
19,302,0.3545299775905571,0.03975211724449687,0.48449634635840716,0.12122155880653354,25,30,10
19,303,0.3527721447555557,0.0397520773802628,0.4862613513925128,0.12121442647166429,25,30,10
19,304,0.3549701637998367,0.05911604518169706,0.4646993625781596,0.1212144284403041,25,30,10
19,305,0.3855665488464948,0.059116045183508284,0.43410297766738287,0.12121442830261069,25,30,10
19,306,0.3856176038891709,0.0591160451835464,0.4340519220294434,0.12121442889783868,25,30,10
19,307,0.3569235563398266,0.059116035555925886,0.46274598191911986,0.12121442618512455,25,30,10
19,308,0.34515285701383264,0.05911825451374076,0.47450182347250697,0.12122706499991535,25,30,10
19,309,0.3451559200145345,0.05911825451373242,0.47450182182593836,0.12122400364579328,25,30,10
19,310,0.34589643604477815,0.05911825462216168,0.4737604095066874,0.12122489982637179,25,30,10
19,311,0.34583334007735966,0.059118254508567204,0.4738234859311449,0.12122491948292655,25,30,10
19,312,0.345919153060067,0.059118300292032036,0.4737250390014659,0.1212375076464334,25,30,10
19,313,0.3433644922155655,0.05911830001840438,0.4762817122833782,0.12123549548265027,25,30,10
19,314,0.34403853612745405,0.05911830002042691,0.47560765880805606,0.12123550504406135,25,30,10
19,315,0.37679536109306255,0.059118299973516676,0.4428565590239396,0.12122977990947968,25,30,10
19,316,0.376708377268429,0.05911821485787928,0.4439213229184449,0.12025208495524548,25,30,10
19,317,0.3765321752171157,0.05911821483971184,0.4440975297677683,0.12025208017540284,25,30,10
19,318,0.37654314286318025,0.05911821483981772,0.4441022102850289,0.12023643201197227,25,30,10
19,319,0.3726808245450469,0.05911829672861438,0.44790163694756246,0.12029924177877546,25,30,10
19,320,0.372611493274091,0.05911829672556964,0.41251373583385154,0.15575647416648628,25,30,10
19,321,0.37166352314460027,0.059118298193827634,0.41346136925560906,0.15575680940596157,25,30,10
19,322,0.39218136075439763,0.05911753988668493,0.3929443158504134,0.15575678350850453,25,30,10
19,323,0.4014797961280943,0.05911753991656631,0.38364587152925134,0.15575679242608856,25,30,10
19,324,0.40980502355818466,0.059117460096380484,0.3753840355887017,0.1556934807567338,25,30,10
19,325,0.4098049558545869,0.05911746009638019,0.37538411756264173,0.1556934664863914,25,30,10
19,326,0.4087073223203348,0.059117459978552084,0.3764826485230166,0.15569256917809707,25,30,10
19,327,0.40901719646313894,0.05911745996911993,0.37617278333037163,0.15569256023736971,25,30,10
19,328,0.4068230279160538,0.07973124291570381,0.3577531708899578,0.15569255827828496,25,30,10
19,329,0.40681211388052124,0.07973124291560638,0.3577484622271564,0.15570818097671604,25,30,10
19,330,0.4061363041176893,0.07973124291491694,0.35842428125101433,0.1557081717163795,25,30,10
19,331,0.4061961947072347,0.07973124731824399,0.35836438530722636,0.1557081726672949,25,30,10
19,332,0.40590510954461656,0.10113508594498971,0.33725163321879564,0.1557081712915993,25,30,10
19,333,0.3777487491015777,0.10113289947276353,0.36541502044004304,0.1557033309856152,25,30,10
19,334,0.3777488185428257,0.1011328994728005,0.36541493997932295,0.1557033420050505,25,30,10
19,335,0.37751248409612687,0.10136951033080825,0.36541466357300423,0.15570334200006056,25,30,10
19,336,0.377509521574144,0.10136951655261985,0.36532233520949636,0.15579862666373695,25,30,10
19,337,0.37797953166646453,0.1013695165669401,0.3648523250865788,0.15579862668001423,25,30,10
19,338,0.39634764540677664,0.10136951641894892,0.3467442361021871,0.15553860207208645,25,30,10
19,339,0.39984883366707996,0.10136948411499985,0.34324580934323046,0.15553587287468906,25,30,10
19,340,0.39999331474754757,0.10136948212885256,0.34310133223251527,0.15553587089108414,25,30,10
19,341,0.3903686472988992,0.10136947481994922,0.35272566376799785,0.15553621411315321,25,30,10
19,342,0.39037058729812046,0.11994738188595085,0.3341458166971968,0.15553621411873134,25,30,10
19,343,0.37154040093929225,0.11994740603725393,0.3529737861291814,0.1555384068942717,25,30,10
19,344,0.37262831909701644,0.11994740462742054,0.35188623916235207,0.15553803711321018,25,30,10
19,345,0.37262740906765274,0.11994792362364111,0.35188663019532684,0.15553803711337844,25,30,10
19,346,0.3622789223218574,0.11994792328942117,0.3622352566783062,0.1555378977104126,25,30,10
19,347,0.36227895902918833,0.11994792328943009,0.36223687457858245,0.15553624310279743,25,30,10
19,348,0.36221216962261576,0.11994792407824441,0.3623036593398706,0.1555362469592665,25,30,10
19,349,0.36181086729196,0.1199479240675204,0.36270496155333015,0.15553624708718689,25,30,10
19,350,0.3617262779386087,0.11994792460705302,0.36278955384444417,0.15553624360989135,25,30,10
19,351,0.3617772542070118,0.11989685000137279,0.3627896521742731,0.15553624361733948,25,30,10
19,352,0.36153877157386,0.1198968499664868,0.36302808077163007,0.1555362976880208,25,30,10
19,353,0.33845392438501387,0.11989684781211003,0.38611296938121437,0.1555362584216585,25,30,10
19,354,0.338369476182987,0.11989680203638653,0.38609659519985506,0.15563712658076886,25,30,10
19,355,0.3383714734644422,0.11989682827784803,0.38609456946652665,0.15563712879118027,25,30,10
19,356,0.3216375588379101,0.11989702713436659,0.39976789868801044,0.15869751533970997,25,30,10
19,357,0.3318825703480084,0.11991106131944608,0.38950933957320655,0.15869702875933595,25,30,10
19,358,0.3319765193531993,0.11991106066832304,0.38941539528152797,0.15869702469694671,25,30,10
19,359,0.35081079715110536,0.11991141572130987,0.3706942224338793,0.15858356469370205,25,30,10
19,360,0.3334368637689331,0.11991139165760442,0.38807037049792775,0.15858137407553155,25,30,10
19,361,0.3334368659424729,0.11991139165760491,0.3880703705469128,0.15858137185300644,25,30,10
19,362,0.3407449517856786,0.11991138778320783,0.3807622620346748,0.15858139839643626,25,30,10
19,363,0.34074789265773087,0.11991138778320705,0.3807606402486545,0.15858007931040563,25,30,10
19,364,0.3407499270997386,0.11987797066865286,0.38079202277258817,0.15858007945901778,25,30,10
19,365,0.34074992629353545,0.11987797066861619,0.3807920235418707,0.1585800794959756,25,30,10
19,366,0.34567933027355374,0.1198779843425174,0.3758626092265774,0.15858007615735017,25,30,10
19,367,0.34562229131784533,0.11990365556143123,0.37589397697580584,0.15858007614491673,25,30,10
19,368,0.34685446607481013,0.11990365553993489,0.37466183529002545,0.15858004309522877,25,30,10
19,369,0.3471679822057962,0.11990365553936078,0.3743483820271586,0.1585799802276839,25,30,10
19,370,0.3648776954623488,0.11990365549135835,0.35663867712348085,0.1585799719228093,25,30,10
19,371,0.3653677204719032,0.11988961850195981,0.35616271271977207,0.15857994830636396,25,30,10
19,372,0.34730089558686794,0.11988961850583023,0.37422953739605525,0.15857994851124388,25,30,10
19,373,0.34730576312296735,0.11989410861156957,0.37422017989801093,0.1585799483674495,25,30,10
19,374,0.3237477505894629,0.11999078460821738,0.39766546868675634,0.15859599611555963,25,30,10
19,375,0.34410110984188613,0.11999078393725174,0.37731214033343974,0.1585959658874195,25,30,10
19,376,0.32752411897815426,0.11999078391954983,0.3938724011591901,0.15861269594310234,25,30,10
19,377,0.32425787292448693,0.11999080523944335,0.394195550517911,0.16155577131815502,25,30,10
19,378,0.3360348077073469,0.11999080523180662,0.3824186164619543,0.161555770598889,25,30,10
19,379,0.3595621106821998,0.11989412923596801,0.3590040379141328,0.16153972216769583,25,30,10
19,380,0.3637966183546325,0.11990412620416019,0.3547595300005777,0.16153972544062709,25,30,10
19,381,0.36371743777059246,0.11990392730131937,0.35789810189344484,0.15848053303464096,25,30,10
19,382,0.3612641066714622,0.11990927113777441,0.3603460119461315,0.15848061024463023,25,30,10
19,383,0.3768780702383919,0.11990927139582679,0.3447487202360188,0.15846393812976037,25,30,10
19,384,0.3653862763809401,0.1199092800327212,0.3562391526139014,0.15846529097243583,25,30,10
19,385,0.3604015778433953,0.11990942389711115,0.3611820405618195,0.15850695769767242,25,30,10
19,386,0.3604035923074175,0.11993887223932305,0.36115057776030635,0.15850695769295142,25,30,10
19,387,0.3602630035956594,0.11993887239774992,0.3612902117612892,0.15850791224529956,25,30,10
19,388,0.35806277410087517,0.11993887273339783,0.3634853622483606,0.1585129909173644,25,30,10
19,389,0.3531331018596633,0.11993885827068164,0.3684150494702982,0.15851299039935426,25,30,10
19,390,0.35330482326959994,0.11993885827488666,0.3682445223906948,0.15851179606481627,25,30,10
19,391,0.3533009692180113,0.11996512124688302,0.3682221134799496,0.15851179605515348,25,30,10
19,392,0.3530769390256135,0.11996551285088346,0.3683931817930579,0.15856436633044257,25,30,10
19,393,0.35307394409434795,0.11996850703127197,0.36839318254393383,0.1585643663304438,25,30,10
19,394,0.35307395850437784,0.11996850703131652,0.36839318576219654,0.1585643487021055,25,30,10
19,395,0.35319420968341025,0.11996848080641259,0.3682729627020646,0.1585643468081096,25,30,10
19,396,0.33900310402845235,0.11996848047131449,0.3824691479346709,0.15855926756555908,25,30,10
19,397,0.33887513474612196,0.1199684838896901,0.38259709694495164,0.15855928441923314,25,30,10
19,398,0.33889775030356256,0.1199684776682918,0.38267142708566176,0.15846234494247616,25,30,10
19,399,0.3389228451480488,0.1199691160530647,0.3826456901475728,0.15846234865130593,25,30,10
19,400,0.3521404179996344,0.11997053366396111,0.36942651831167467,0.15846253002472196,25,30,10
19,401,0.363440762601936,0.1199705268489912,0.358127531099162,0.15846117944990742,25,30,10
19,402,0.36343974623217234,0.1199713545447067,0.3581277197562887,0.15846117946682933,25,30,10
19,403,0.3502215901585391,0.11996993693450785,0.3713474748054265,0.15846099810151867,25,30,10
19,404,0.3499579045080111,0.1199699154258536,0.37455930549113153,0.1555128745749958,25,30,10
19,405,0.3431757147587796,0.11996991214251863,0.3813414789020135,0.15551289419667963,25,30,10
19,406,0.3431767657549791,0.1199685062677008,0.38134183379742914,0.1555128941798825,25,30,10
19,407,0.31305224841762586,0.1199685062560928,0.41146638600535246,0.15551285932091954,25,30,10
19,408,0.31453780986994945,0.12007529329219775,0.40987391217199937,0.15551298466584668,25,30,10
19,409,0.3145378787165727,0.1200752932922079,0.40987391423171976,0.15551291375949394,25,30,10
19,410,0.3142788437840708,0.12007529396969403,0.41013294906982756,0.1555129131764021,25,30,10
19,411,0.31427872081684244,0.12007541826665385,0.41013294774014014,0.15551291317635857,25,30,10
19,412,0.3142704829297988,0.12007541826598186,0.40662720196996455,0.15902689683424978,25,30,10
19,413,0.30707991348878905,0.12007545114609533,0.41381281521712787,0.15903182014798264,25,30,10
19,414,0.30570456358739584,0.12007545099710087,0.4151891179501016,0.15903086746539666,25,30,10
19,415,0.3057196178453478,0.12006032953220246,0.4151891851423538,0.15903086748009077,25,30,10
19,416,0.3247748425845384,0.12005479923899008,0.39613954519229544,0.15903081298417093,25,30,10
19,417,0.32010731910355017,0.11994959921324166,0.4009123959528092,0.15903068573039336,25,30,10
19,418,0.31066420101795633,0.11994920770267097,0.41040222332785686,0.15898436795151016,25,30,10
19,419,0.3092288084277694,0.1199492059081374,0.4118374397267309,0.15898454593735648,25,30,10
19,420,0.30922925735434825,0.11994920770111023,0.41174016537519953,0.15908136956933527,25,30,10
19,421,0.2997558892681491,0.11994921339164771,0.42121325094828244,0.15908164639191302,25,30,10
19,422,0.3353507071205547,0.11994921495939505,0.3856184319623777,0.15908164595766566,25,30,10
19,423,0.3355181806064795,0.11994860452338305,0.38545157226599364,0.1590816426041383,25,30,10
19,424,0.33498064544159745,0.11994701737089629,0.3859906948661111,0.15908164232138922,25,30,10
19,425,0.33480097322594865,0.11994698974828977,0.3861703949995004,0.15908164202625522,25,30,10
19,426,0.3443900534164191,0.11994698580992273,0.3765815975026306,0.15908136327102232,25,30,10
19,427,0.3474729744012148,0.11994699260405653,0.37349862304053894,0.15908140995418402,25,30,10
19,428,0.32841852926064624,0.11994699099950186,0.3925530698430119,0.15908140989683317,25,30,10
19,429,0.3284101622680102,0.11994699099810298,0.38802992376921175,0.16361292296466878,25,30,10
19,430,0.32840802449557793,0.11994699099814614,0.38802992408355585,0.16361506042271537,25,30,10
19,431,0.3288661110610764,0.11994699098720249,0.38757183737116896,0.16361506058054748,25,30,10
19,432,0.3288631858564508,0.11994699098723573,0.39108876812443255,0.16010105503187727,25,30,10
19,433,0.32886020883019645,0.11995052126480132,0.3910882148732037,0.16010105503179506,25,30,10
19,434,0.3289043643217133,0.11995051947286157,0.39114092433598047,0.16000419186944156,25,30,10
19,435,0.3288439688707433,0.11995086595336671,0.3911993009251015,0.16000586425078542,25,30,10
19,436,0.3484997647578751,0.11995087461362247,0.37153484748605115,0.16001451314244755,25,30,10
19,437,0.34931034593630467,0.11995086749635421,0.37073291444439127,0.16000587212294629,25,30,10
19,438,0.34931332336202414,0.11995086749630036,0.37073291097391226,0.16000289816775976,25,30,10
19,439,0.34934330307482325,0.11996298685297813,0.3673055333400101,0.16338817673218628,25,30,10
19,440,0.3592524006287255,0.1199629867585423,0.35740268783926865,0.1633819247734615,25,30,10
19,441,0.31954783548992416,0.11996298758090437,0.397107247565649,0.1633819293635182,25,30,10
19,442,0.3194891916322911,0.11996298689794654,0.39716589168960276,0.163381929780154,25,30,10
19,443,0.31979480817672934,0.11996298689549191,0.39686027229898707,0.16338193262878797,25,30,10
19,444,0.3202694066949846,0.11996298689792871,0.3963828246925669,0.16338478171451423,25,30,10
19,445,0.3156583630797061,0.11996296643321692,0.39262825941056545,0.17175041107650585,25,30,10
19,446,0.31572610783940463,0.11996296643641399,0.3926285085772671,0.17168241714690882,25,30,10
19,447,0.3157505632685087,0.1199508074954288,0.391220758196794,0.17307787103926325,25,30,10
19,448,0.31233363954822485,0.11994081154005758,0.3946476815648862,0.17307786734682643,25,30,10
19,449,0.3123226046195777,0.11995185991479765,0.3946476681331133,0.1730778673325087,25,30,10
19,450,0.312269048490013,0.1199518595753165,0.39470122468072183,0.17307786725394492,25,30,10
19,451,0.31213720838269304,0.11995185929344455,0.3948330684967965,0.17307786382706122,25,30,10
19,452,0.31213720808197026,0.11995185948002626,0.394833068610981,0.1730778638270187,25,30,10
19,453,0.3121362431345552,0.11995185947998292,0.3948330660372579,0.17307883134820007,25,30,10
19,454,0.3121343308138062,0.11995185948050359,0.3948349786131455,0.17307883109254088,25,30,10
19,455,0.3121427034684469,0.11995155881338995,0.3996076182294244,0.16829811948873508,25,30,10
19,456,0.31196472763395433,0.11995155881107562,0.39978559436281935,0.16829811919214616,25,30,10
19,457,0.3118989882090515,0.11995155880844949,0.39978539028917726,0.16836406269331775,25,30,10
19,458,0.31192753971825793,0.11867567933768682,0.40103271770681,0.16836406323724087,25,30,10
19,459,0.32833946007311743,0.11867567933491668,0.38462079751336403,0.16836406307859708,25,30,10
19,460,0.3283515374259766,0.1186635927279082,0.3846208067528884,0.1683640630932222,25,30,10
19,461,0.35953917488378495,0.11866359494658762,0.3533729051424206,0.16842432502720384,25,30,10
19,462,0.35953924714365465,0.11866359494658797,0.3533729073403532,0.16842425056940116,25,30,10
19,463,0.32627813175117476,0.11866343014453375,0.3866337134481191,0.1684247246561694,25,30,10
19,464,0.29913356024050003,0.11866344489932416,0.41377821025391576,0.16842478460625798,25,30,10
19,465,0.300176666081179,0.11866499511875847,0.4127334318652192,0.1684249069348405,25,30,10
19,466,0.31272291865430074,0.11866498238026786,0.4085577793041839,0.16005431966124462,25,30,10
19,467,0.3123139896547731,0.11866498237787086,0.40896955271179086,0.1600514752555618,25,30,10
19,468,0.3521204512849077,0.1186649820128341,0.3691630916508048,0.16005147505144926,25,30,10
19,469,0.35132045088291236,0.11866498486410076,0.36994255567119444,0.16007200858178805,25,30,10
19,470,0.34823718051996394,0.11866498419992208,0.3730258733893923,0.16007196189071987,25,30,10
19,471,0.3482251194888378,0.11867705313349212,0.37302586550166206,0.1600719618760063,25,30,10
19,472,0.348199564487297,0.1199499292177281,0.3717785449628843,0.16007196133208926,25,30,10
19,473,0.3482034714531251,0.11994992921775324,0.3717785851699996,0.16006801415912286,25,30,10
19,474,0.34823586460079625,0.11994992758862112,0.37174620263132785,0.16006800517925487,25,30,10
19,475,0.35317296818770993,0.11994978377136864,0.3668509081033758,0.16002633993754578,25,30,10
19,476,0.3531729829309373,0.1199497837713958,0.36685094741751156,0.16002628588015558,25,30,10
19,477,0.3524818921919632,0.11995006106447603,0.3675397200967556,0.16002832664680547,25,30,10
19,478,0.35248884775020867,0.1199500610645192,0.36753972410869634,0.1600213670765759,25,30,10
19,479,0.3524807663186551,0.11995820177010423,0.36753966484463985,0.16002136706660047,25,30,10
19,480,0.3623372195569601,0.11995818733688508,0.35768322647400097,0.16002136663215338,25,30,10
19,481,0.3623107548070621,0.11995818733968613,0.3577096961036383,0.16002136174961376,25,30,10
19,482,0.36231887286408115,0.11995818733975938,0.3577096624698598,0.16001327732629977,25,30,10
19,483,0.34116855415470476,0.11995818829407698,0.3788597832659,0.16001347428531745,25,30,10
19,484,0.34140192286070353,0.11801607613729653,0.38056852641321803,0.16001347458878104,25,30,10
19,485,0.34127122945753574,0.11801607620325746,0.3806991826833523,0.16001351165585365,25,30,10
19,486,0.3412561561495035,0.11801607620314059,0.3806991742212877,0.16002859342606748,25,30,10
19,487,0.33088379772312154,0.11801607326607483,0.39109206965568305,0.1600080593551197,25,30,10
19,488,0.33088387205066566,0.11801606713542315,0.3910919705661253,0.16000809024778506,25,30,10
19,489,0.3309142469313365,0.11801606714181322,0.3910611521674376,0.16000853375941215,25,30,10
19,490,0.33091114579541275,0.11801606714178661,0.39106111230481444,0.16001167475798575,25,30,10
19,491,0.3294961366479694,0.11801649660821091,0.3924760212406104,0.1600113455032088,25,30,10
19,492,0.3294601444078698,0.1180181314203109,0.39251037533100436,0.16001134884081328,25,30,10
19,493,0.3269986992316198,0.11801813013389788,0.394971765997425,0.16001140463705535,25,30,10
19,494,0.32699193837594737,0.11801813013382166,0.3949785272734452,0.16001140421678364,25,30,10
19,495,0.32699288019341444,0.11801813013326015,0.39497853979389574,0.1600104498794273,25,30,10
19,496,0.329957784022533,0.11801815205181562,0.3920112218062796,0.16001284211936992,25,30,10
19,497,0.3299701608498184,0.11801815205502722,0.39199887528689353,0.16001281180825916,25,30,10
19,498,0.32435441096866113,0.11801812921728282,0.3976171982744248,0.16001026153963063,25,30,10
19,499,0.3243779511901028,0.11806251093828032,0.39755096872298784,0.16000856914862713,25,30,10
19,500,0.32430535148527434,0.11801812298976876,0.39766795373386105,0.16000857179109404,25,30,10
19,501,0.32406893607079373,0.11996328201344719,0.39595921042804727,0.16000857148770906,25,30,10
19,502,0.3352674505424929,0.11996328192483276,0.38476069615201497,0.16000857138065697,25,30,10
19,503,0.3352674863436181,0.11996269543763155,0.38476124683813545,0.160008571380612,25,30,10
19,504,0.33527145876470404,0.11996269543767486,0.38476119348343124,0.16000465231418703,25,30,10
19,505,0.33527456153440566,0.11996269543767486,0.38476119420542404,0.16000154882249248,25,30,10
19,506,0.33527149484022317,0.11996269543768313,0.384761192591001,0.16000461713108977,25,30,10
19,507,0.33534397535350796,0.119961060701858,0.38469034896818644,0.1600046149764448,25,30,10
19,508,0.33534404213002633,0.11996099575646206,0.38469034713710615,0.1600046149764026,25,30,10
19,509,0.3353206391388852,0.11996099578282106,0.3847137145292262,0.16000465054906468,25,30,10
19,510,0.3391789474671668,0.11996099531485786,0.3808554615594626,0.16000459565850986,25,30,10
19,511,0.33918217399714784,0.11995753036093822,0.38085569997833674,0.16000459566357425,25,30,10
19,512,0.33917378511686885,0.11995753046794501,0.38086408930883225,0.1600045951063516,25,30,10
19,513,0.3391691186930291,0.11995753036235525,0.3808687260235364,0.1600046249210769,25,30,10
19,514,0.33694506186139944,0.1199575265605452,0.38309328394029946,0.16000412763775235,25,30,10
19,515,0.3369452199265169,0.1199575265605715,0.3830932860037557,0.1600039675091526,25,30,10
19,516,0.332598368189037,0.11995753212846687,0.3874401261162057,0.16000397356628657,25,30,10
19,517,0.33320701211047565,0.1199572548442071,0.3868338002653838,0.16000193277992988,25,30,10
19,518,0.3332069967832364,0.11995727519078744,0.3868337952460821,0.1600019327798904,25,30,10
19,519,0.3342380571537165,0.11995684565319241,0.38580331602150403,0.16000178117158345,25,30,10
19,520,0.3340500763817099,0.11995684579056247,0.3859912868304282,0.160001790997296,25,30,10
19,521,0.30582711176774746,0.11997026602258928,0.4141298813762275,0.16007274083343254,25,30,10
19,522,0.2942925274529235,0.1199568457484932,0.42574885989249167,0.16000176690608833,25,30,10
19,523,0.29429553964194194,0.11995684574850256,0.42574897642487025,0.15999863818468255,25,30,10
19,524,0.29429541703102097,0.1199568457484938,0.4257489750184067,0.15999876220207582,25,30,10
19,525,0.298626857672442,0.11995685320330557,0.4214171001208961,0.1599991890033535,25,30,10
19,526,0.3385845594709566,0.11995685320320196,0.38145939832388004,0.15999918900195786,25,30,10
19,527,0.33858058325455154,0.11995685320314924,0.3814593940981225,0.16000316944417345,25,30,10
19,528,0.33872642064413405,0.1199568531759234,0.38131354435293846,0.1600031818270009,25,30,10
19,529,0.3114164269034842,0.11995751040475792,0.40515699771192365,0.1634690649798307,25,30,10
19,530,0.31159204319812367,0.1199575104001063,0.40498138369584624,0.16346906270591993,25,30,10
19,531,0.30050894972138986,0.11995751082893763,0.41606454797664566,0.16346899147301985,25,30,10
19,532,0.34001839283908963,0.11995750997238959,0.376555087887007,0.16346900930150987,25,30,10
19,533,0.339838973622585,0.11995751460247897,0.37673444082440655,0.16346907095052565,25,30,10
19,534,0.3554617151407929,0.11995751461043393,0.36111170021825695,0.1634690700305127,25,30,10
19,535,0.34286566661998874,0.1199568573717056,0.3771742891285284,0.16000318687977433,25,30,10
19,536,0.3428687859827906,0.11995685737168837,0.37717428797266694,0.16000006867285121,25,30,10
19,537,0.3416045696344387,0.11995689158536782,0.3784383112441823,0.16000022753600798,25,30,10
19,538,0.3415902211170263,0.1199568915069242,0.37845267938212807,0.1600002079939182,25,30,10
19,539,0.3397138895603436,0.11995534027901755,0.3803306845010694,0.16000008565956209,25,30,10
19,540,0.3399455631811886,0.11995534031412527,0.38009901039667504,0.1600000861080041,25,30,10
19,541,0.3406229716740332,0.1199553403550327,0.3794216008069044,0.16000008716402322,25,30,10
19,542,0.3405940119303492,0.11995534166695895,0.37945056200743216,0.1600000843952531,25,30,10
19,543,0.34459335988661904,0.11995533748283266,0.37539546591574113,0.16005583671480023,25,30,10
19,544,0.3445932916575644,0.11995533748282439,0.37539535147838216,0.16005601938122183,25,30,10
19,545,0.3439557758850777,0.11995538194670152,0.3760328176923942,0.1600560244758194,25,30,10
19,546,0.34395258756995295,0.11995538194670045,0.37603281658675347,0.16005921389658642,25,30,10
19,547,0.3634220099191299,0.11995537445998476,0.3565638674328096,0.1600587481880745,25,30,10
19,548,0.3261125172765256,0.11995551508639818,0.39392547831620633,0.1600064893208636,25,30,10
19,549,0.32612847323180916,0.11995551508654016,0.39392551891316346,0.15999049276848024,25,30,10
19,550,0.32613146922756237,0.11995551508654921,0.3939255195514273,0.1599874961344542,25,30,10
19,551,0.3266090234755514,0.11995551507077643,0.3934479831432056,0.15998747831045962,25,30,10
19,552,0.30163318413651047,0.11995557732346607,0.4117087147319738,0.16670252380804157,25,30,10
19,553,0.30161521352832765,0.1199555773233679,0.4117086777511813,0.16672053139711504,25,30,10
19,554,0.3016151233169452,0.11995606379553247,0.4117082814952527,0.16672053139226192,25,30,10
19,555,0.30157863537824176,0.11995601929248706,0.41174215413577564,0.16672319119348777,25,30,10
19,556,0.30157569171544807,0.11995601929248706,0.4117421521432016,0.16672613684885573,25,30,10
19,557,0.26359450247757354,0.11995633283381972,0.4497229970198079,0.16672616766879106,25,30,10
19,558,0.26359927375446157,0.11995633280190056,0.4497182259294661,0.16672616751416386,25,30,10
19,559,0.2636591571317718,0.11989625053982561,0.44971842452129884,0.16672616780709834,25,30,10
19,560,0.26370417459057705,0.1205822966948422,0.4457164792351668,0.16999704947941052,25,30,10
19,561,0.2637043530436421,0.12058229669489652,0.44571652461814665,0.16999682564331145,25,30,10
19,562,0.2536217758457218,0.12058295015735951,0.46251330628265835,0.16328196771425765,25,30,10
19,563,0.2536197773448579,0.12058295015738564,0.4989298060028054,0.12686746649494723,25,30,10
19,564,0.2535803486308036,0.12058295015322501,0.4988148177628842,0.12702188345308382,25,30,10
19,565,0.25621517216795386,0.12058295016109653,0.4961799780656465,0.1270218996052977,25,30,10
19,566,0.2516393732307166,0.12058480090570009,0.5007450816735689,0.12703074419000931,25,30,10
19,567,0.2516393885692897,0.12056237703025391,0.5007674902055993,0.12703074419485255,25,30,10
19,568,0.2215236257529694,0.1205623723574493,0.5307696316229501,0.12714437026662598,25,30,10
19,569,0.22205756957698977,0.12056237236371838,0.5302356869358431,0.12714437112344443,25,30,10
19,570,0.2176260011827058,0.12056165664473541,0.5346681565724442,0.12714418560010976,25,30,10
19,571,0.21755921730617797,0.12062810162709814,0.5346684957519732,0.12714418531474533,25,30,10
19,572,0.21564348003415534,0.12062795962579446,0.5365849526804266,0.12714360765961774,25,30,10
19,573,0.2243592604971139,0.12062795740554391,0.5279294366567283,0.12708334544060812,25,30,10
19,574,0.21475795369919815,0.12062795825194333,0.5376444321714609,0.12696965587739228,25,30,10
19,575,0.21461476671367521,0.12062795838694003,0.5377876180710564,0.12696965682832306,25,30,10
19,576,0.21461600472577885,0.12062795838544796,0.5378795862320925,0.12687645065667616,25,30,10
19,577,0.21179972562145413,0.1206279584233115,0.5406958812847947,0.12687643467043425,25,30,10
19,578,0.20747141703358285,0.12062813371071457,0.5450144047953341,0.12688604446036444,25,30,10
19,579,0.20747484274922795,0.12062813371071866,0.5450144188046351,0.12688260473541538,25,30,10
19,580,0.24640372563789417,0.12062813371994943,0.5060855373856752,0.1268826032564786,25,30,10
19,581,0.24639931838579257,0.12062813372013698,0.5062154402821973,0.12675710761187037,25,30,10
19,582,0.25228717736766826,0.12062796066005499,0.5003370701634346,0.12674779180883922,25,30,10
19,583,0.2534537151826824,0.12062792694456123,0.49917071058970175,0.12674764728305227,25,30,10
19,584,0.2546600119481263,0.1206279270343514,0.4979635153419387,0.12674854567558064,25,30,10
19,585,0.2399559061915514,0.12062792975802818,0.5126676203613608,0.1267485436890565,25,30,10
19,586,0.24017715946448656,0.12062792975777228,0.5125075480062791,0.1266873627714595,25,30,10
19,587,0.23867606844125216,0.12062792966391984,0.5140095367010926,0.12668646519373242,25,30,10
19,588,0.2385567813956779,0.12062792962595104,0.5141317816786328,0.12668350729973465,25,30,10
19,589,0.23827930379518708,0.12062793664296191,0.5144076200484387,0.12668513951340887,25,30,10
19,590,0.247432810138108,0.12062793657225755,0.5052541122539108,0.1266851410357214,25,30,10
19,591,0.24721728257496825,0.1206279365730782,0.5054696269801924,0.12668515387175883,25,30,10
19,592,0.2851185226274146,0.12062762302853398,0.46756873131268023,0.12668512303136895,25,30,10
19,593,0.2858166492369121,0.12062762313159381,0.46687063439722726,0.12668509323426422,25,30,10
19,594,0.28547257709514107,0.12062762721801983,0.4672138882779228,0.12668590740891383,25,30,10
19,595,0.28447308260945997,0.12062762751029885,0.4682133173500484,0.12668597253019004,25,30,10
19,596,0.32083887866289634,0.12062763849812809,0.4318465474438369,0.1266869353951373,25,30,10
19,597,0.32062711713486636,0.12062763849593645,0.4320579318875338,0.1266873124816621,25,30,10
19,598,0.3206262442783987,0.12062763849752586,0.435630106397024,0.1231160108270503,25,30,10
19,599,0.32109212013760724,0.12062763427661975,0.43516504959748253,0.12311519598828932,25,30,10
19,600,0.32059369025860546,0.12062763431246244,0.4356634721641579,0.12311520326477245,25,30,10
19,601,0.32059361764626204,0.12062825882727997,0.43566292027397324,0.12311520325248294,25,30,10
19,602,0.32059345671009126,0.12062825882725177,0.43566287882134846,0.12311540564130607,25,30,10
19,603,0.3207931847311633,0.12062825279444693,0.4354647768137074,0.12311378566067989,25,30,10
19,604,0.32388917645787624,0.12062824197822901,0.4323697581272175,0.12311282343667466,25,30,10
19,605,0.32389210447266154,0.12062824197820211,0.4323744558152233,0.12310519773391049,25,30,10
19,606,0.3040693601640726,0.1224294063335599,0.4503960618120293,0.12310517169033285,25,30,10
19,607,0.29261746845746467,0.12242940530582884,0.46184795479626134,0.12310517144043986,25,30,10
19,608,0.2923562030002274,0.1224294438313141,0.4621091820190598,0.12310517114939311,25,30,10
19,609,0.2923563430952975,0.12242944383133318,0.46210918197031964,0.12310503110304666,25,30,10
19,610,0.2831512195570814,0.12242944382288025,0.4713143059993143,0.12310503062072115,25,30,10
19,611,0.28399346251523194,0.1224294528161333,0.4704712828840782,0.1231058017845538,25,30,10
19,612,0.31024964744300687,0.12242946169281735,0.44421507935298626,0.12310581151118706,25,30,10
19,613,0.3102456543983693,0.12242946169275543,0.44421515785627713,0.12310972605259549,25,30,10
19,614,0.3072928143502458,0.12242946178999964,0.44716800333144824,0.12310972052830349,25,30,10
19,615,0.30637936863338827,0.1224294590536782,0.44808024468627994,0.12311092762665116,25,30,10
19,616,0.3064008644221816,0.12242945905321606,0.44805871655701834,0.12311095996758041,25,30,10
19,617,0.27106842517119695,0.12242945904952818,0.48339115665445265,0.12311095912482145,25,30,10
19,618,0.28353306639275244,0.12242947976890535,0.47092633494465075,0.12311111889368803,25,30,10
19,619,0.2835330500870019,0.12245150151858626,0.47090432950318717,0.12311111889122298,25,30,10
19,620,0.28266058006122985,0.12245149934325203,0.4717772754302301,0.12311064516528639,25,30,10
19,621,0.2826605963787183,0.12242204136019852,0.47180671709803823,0.12311064516304325,25,30,10
19,622,0.2870819531269234,0.12242204136136335,0.4673845911616518,0.12311141435006168,25,30,10
19,623,0.28708182986029607,0.12242204136137148,0.46738458624264,0.12311154253569315,25,30,10
19,624,0.28801501441028443,0.12242204128614238,0.46645140185465905,0.12311154244891474,25,30,10
19,625,0.28786242414776475,0.12242204139678327,0.4666040102212952,0.1231115242341574,25,30,10
19,626,0.24872578482211935,0.12242206178659965,0.5057414616705708,0.1231106917207087,25,30,10
19,627,0.268721002997107,0.12062089595197965,0.4875474095627008,0.12311069148821112,25,30,10
19,628,0.26995298846575133,0.12061904386021906,0.48632516693456906,0.12310280073945933,25,30,10
19,629,0.2617917533156534,0.12061904381239354,0.4944858464995614,0.12310335637239003,25,30,10
19,630,0.2619677277287624,0.12061904381462162,0.494486176466028,0.12292705199058629,25,30,10
19,631,0.28278295529620795,0.12061904906343505,0.473671385771761,0.12292660986859648,25,30,10
19,632,0.3226228503189902,0.1206190513315232,0.4338314712219466,0.12292662712753889,25,30,10
19,633,0.3546564019175518,0.12061905164615626,0.4017967036872474,0.1229278427490442,25,30,10
19,634,0.35465333578328895,0.12061477034183776,0.40180405111868334,0.1229278427561911,25,30,10
19,635,0.3421508506498524,0.12061471104719848,0.414306700544676,0.1229277377582744,25,30,10
19,636,0.3421509057824245,0.12061465237671833,0.41430670408228765,0.12292773775857085,25,30,10
19,637,0.3382294833152856,0.12061465237948081,0.4182315224047666,0.122924341900469,25,30,10
19,638,0.3382363874056073,0.12063758640419446,0.4182016842851484,0.12292434190505214,25,30,10
19,639,0.3382294306292233,0.12061307721224743,0.4182331502581585,0.12292434190037309,25,30,10
19,640,0.3382508947264282,0.12061307721214719,0.41821174135001193,0.122924286711415,25,30,10
19,641,0.3344836373141675,0.120613077309767,0.421978985210367,0.12292430016570004,25,30,10
19,642,0.31880218858505144,0.1206130827707806,0.43766041249130483,0.12292431615286248,25,30,10
19,643,0.31880506198583664,0.12061776023807085,0.4376528616282071,0.122924316147885,25,30,10
19,644,0.3533764112039506,0.12061776025375509,0.40308148358590934,0.12292434495638638,25,30,10
19,645,0.3544817064503078,0.12061784967471459,0.40197570640477664,0.12292473747020238,25,30,10
19,646,0.35424919568636803,0.12061784967374678,0.4022082188328169,0.12292473580706538,25,30,10
19,647,0.3535545107091986,0.12061783743848455,0.40289762023220993,0.12293003162010414,25,30,10
19,648,0.380979073532597,0.1206178319787924,0.3754730781474441,0.12293001634116674,25,30,10
19,649,0.40444986986433096,0.12061783200612769,0.35200231379202707,0.12292998433751476,25,30,10
19,650,0.40455925330334025,0.12061782974266469,0.35189291188482286,0.12293000506917252,25,30,10
19,651,0.4038658648939485,0.12063393621490606,0.3525688339382599,0.12293136495288545,25,30,10
19,652,0.4038629387464606,0.12063703540874807,0.3525686608870584,0.12293136495773299,25,30,10
19,653,0.40386384889992855,0.12063593881869643,0.35256884732577953,0.12293136495559566,25,30,10
19,654,0.4038648281327676,0.12063593881848708,0.3526905405354073,0.12280869251333819,25,30,10
19,655,0.4197706286621487,0.12063594096558825,0.3367847318368561,0.12280869853540716,25,30,10
19,656,0.4197705368544448,0.12063594096399427,0.33671613286966157,0.12287738931189914,25,30,10
19,657,0.4195129398993594,0.12063594360398451,0.33696329169495465,0.12288782480170134,25,30,10
19,658,0.4216181583658707,0.12063595153754328,0.33485898213224125,0.12288690796434447,25,30,10
19,659,0.42360680466511064,0.12063594705431667,0.33288620769955524,0.12287104058101717,25,30,10
19,660,0.41986540941668227,0.12063585752786705,0.33662807795134286,0.12287065510410738,25,30,10
19,661,0.4198653413659034,0.12062010023354888,0.3366452339954957,0.12286932440505102,25,30,10
19,662,0.41986443245408767,0.120598802479753,0.33666744065165555,0.12286932441450306,25,30,10
19,663,0.41957863427249115,0.1205988026628503,0.3369527755241319,0.12286978754052592,25,30,10
19,664,0.41951789644153675,0.12059880315883431,0.3370135056695798,0.12286979473004839,25,30,10
19,665,0.41698848347751183,0.12059880302839651,0.33954337490708825,0.12286933858700273,25,30,10
19,666,0.41709171657263916,0.120598800848387,0.3394401572790211,0.12286932529995193,25,30,10
19,667,0.4169158202799997,0.12059880084616963,0.33944138644841365,0.12304399242541683,25,30,10
19,668,0.4169483570065524,0.12059845542678788,0.33597588893360353,0.12647729863305598,25,30,10
19,669,0.41889572627359295,0.1206038420678373,0.3340226574543849,0.1264777742041847,25,30,10
19,670,0.41895691206206853,0.12060384206901176,0.33396147095822426,0.1264777749106947,25,30,10
19,671,0.41895393078919346,0.12060384206900318,0.33395678628974534,0.12648544085205746,25,30,10
19,672,0.3841336137668297,0.1206038420071378,0.3687763883386143,0.12648615588741552,25,30,10
19,673,0.3791382073013873,0.12060384195661865,0.3737725200694856,0.12648543067250542,25,30,10
19,674,0.38633744777930246,0.12060384349168254,0.3665744926835633,0.12648421604544882,25,30,10
19,675,0.3878439043437914,0.12060384347086792,0.3650680649427476,0.12648418724258984,25,30,10
19,676,0.3939259707253849,0.12060384344559617,0.35898599807976067,0.12648418774925513,25,30,10
19,677,0.3939258742662481,0.12060384344568259,0.3589843704727784,0.12648591181528762,25,30,10
19,678,0.3947853388255283,0.12059845675918676,0.35813077466634957,0.126485429748932,25,30,10
19,679,0.3947853192970234,0.12062088603464063,0.3581083649338533,0.12648542973447968,25,30,10
19,680,0.3800330210702456,0.1206208864356863,0.3728606629901234,0.1264854295039415,25,30,10
19,681,0.3799538561288633,0.12062088931741498,0.3729389121229545,0.12648634243076406,25,30,10
19,682,0.37995681624274263,0.12062088931752085,0.3729389041283367,0.1264833903113965,25,30,10
19,683,0.37995678342285577,0.12062088931749101,0.36949335183645104,0.12992897542319987,25,30,10
19,684,0.37995681930571684,0.12062089375877705,0.373006387856881,0.1264158990786226,25,30,10
19,685,0.3799568555696597,0.12062089375869772,0.37300637962846955,0.12641587104317034,25,30,10
19,686,0.3899747737944825,0.12062093548435256,0.3621972760419718,0.1272070146791911,25,30,10
19,687,0.3801527618725291,0.12062089375874235,0.37281047740665657,0.12641586696206988,25,30,10
19,688,0.3801737471036964,0.12062089055426407,0.3727904389426155,0.12641492339942198,25,30,10
19,689,0.38017674290038334,0.12064936627265956,0.37275896742277403,0.12641492340418092,25,30,10
19,690,0.38036968196063947,0.12064936756783505,0.37256597051948176,0.126414979952042,25,30,10
19,691,0.38033544965273103,0.12064936370422087,0.3760335406580775,0.12298164598496761,25,30,10
19,692,0.38033844274320106,0.12064637749763593,0.37603353377444776,0.12298164598471292,25,30,10
19,693,0.3812079505195637,0.12064637043376177,0.37516398040333443,0.12298169864333745,25,30,10
19,694,0.3787699621129258,0.12064636936397416,0.37760196267841223,0.1229817058446852,25,30,10
19,695,0.38116764618347887,0.12064636937078674,0.37520427859281674,0.12298170585291655,25,30,10
19,696,0.3846527192909916,0.12064667126856873,0.37171890078594144,0.12298170865449715,25,30,10
19,697,0.38533239789549434,0.12064933511267674,0.3710369651448181,0.12298130184701371,25,30,10
19,698,0.38512675926216483,0.12064933520999213,0.3712426028528429,0.12298130267500239,25,30,10
19,699,0.38461759785180827,0.12064667157461688,0.3717544269203127,0.12298130365326429,25,30,10
19,700,0.39729085740994,0.12064667774729827,0.3590808404306153,0.12298162441214887,25,30,10
19,701,0.3972858599769623,0.12064667764993736,0.3301541172145637,0.15191334515853852,25,30,10
19,702,0.3774771753930785,0.12064667787680973,0.34996278237282147,0.15191336435729236,25,30,10
19,703,0.37583468110194074,0.12064667846379955,0.3516055852655138,0.15191305516874806,25,30,10
19,704,0.3758518592305576,0.12064667846064285,0.35158840742680886,0.15191305488199305,25,30,10
19,705,0.37867410890831416,0.12064667768069802,0.348766167011035,0.15191304639995523,25,30,10
19,706,0.37948272467171207,0.12064667780237004,0.34795753544263675,0.15191306208328292,25,30,10
19,707,0.3792898311748181,0.12064667596947608,0.3481516663546749,0.15191182650103222,25,30,10
19,708,0.35030509718049074,0.120647614369727,0.3771353853282007,0.15191190312158404,25,30,10
19,709,0.35030213678611893,0.1206476143696211,0.3771353792327147,0.151914869611548,25,30,10
19,710,0.3503021728019664,0.12064761436964895,0.38154120959081345,0.14750900323757402,25,30,10
19,711,0.3504149998473805,0.12064761419699216,0.3814283902893939,0.14750899566623593,25,30,10
19,712,0.34799357543444415,0.12064761419020392,0.3838498145211409,0.14750899585421234,25,30,10
19,713,0.34799122288251055,0.1206476141879173,0.3838348082621385,0.1475263546674347,25,30,10
19,714,0.3479725458376351,0.12064761420169806,0.34424718256678893,0.1871326573938778,25,30,10
19,715,0.3479725433701162,0.12063976160475147,0.3442550376312007,0.18713265739393126,25,30,10
19,716,0.34741835189083703,0.12063973194034604,0.34480926210978696,0.18713265405902926,25,30,10
19,717,0.3465662657217159,0.12063973181702865,0.34566136469366654,0.18713263776758882,25,30,10
19,718,0.3446833622427299,0.12063977358918165,0.347544060704289,0.18713280346379893,25,30,10
19,719,0.34468057609854924,0.12062015003140479,0.34756647039654837,0.18713280347349706,25,30,10
19,720,0.3842897409269525,0.12062015500503488,0.3079572993148718,0.18713280475313993,25,30,10
19,721,0.38429280973201174,0.12062488272477019,0.30794950278983757,0.1871328047533798,25,30,10
19,722,0.38441207049948445,0.12062488272662192,0.2680736266881003,0.22688942008579235,25,30,10
19,723,0.3813276081966531,0.1206248827929549,0.27115808894868426,0.2268894200617067,25,30,10
19,724,0.3812846039324896,0.11993884102131133,0.27515801666168593,0.22361853838451218,25,30,10
19,725,0.38128461700322674,0.11993883663787042,0.27515800797425743,0.22361853838464452,25,30,10
19,726,0.3812886564412826,0.11993430154354201,0.2751585036259664,0.2236185383892082,25,30,10
19,727,0.3811693772529883,0.11993430154134259,0.2750660900952939,0.22383023111037453,25,30,10
19,728,0.38112020574638983,0.11993430153038735,0.2751152620521645,0.22383023067105828,25,30,10
19,729,0.3811131010399226,0.11994195189512086,0.27511471639646456,0.2238302306684921,25,30,10
19,730,0.3811160972747729,0.11993895572788972,0.27511471633118495,0.22383023066615254,25,30,10
19,731,0.38111895336497725,0.11995849928112363,0.2750923166974435,0.223830230656455,25,30,10
19,732,0.38111798911031813,0.11995849928106983,0.2704348740453556,0.22848863756325583,25,30,10
19,733,0.3811179179788502,0.11995849928106966,0.2593856166158793,0.23953796612420086,25,30,10
19,734,0.38112090137416127,0.11995849981861528,0.25938144469867547,0.23953915410854904,25,30,10
19,735,0.38171060575060906,0.11995850984193193,0.25879169124111506,0.23953919316634584,25,30,10
19,736,0.4012582310492435,0.11995850961157849,0.23924408639370737,0.2395391729454727,25,30,10
19,737,0.4012592400204729,0.11995850961165544,0.2392430769918219,0.2395391733760515,25,30,10
19,738,0.401715130997952,0.11995850997102263,0.23878718377709252,0.23953917525393448,25,30,10
19,739,0.40315813786388,0.11995850324430789,0.23734419545505886,0.23953916343675355,25,30,10
19,740,0.40321720737185424,0.11995850324422416,0.23728512615921166,0.23953916322470917,25,30,10
19,741,0.40321715562698046,0.1199585032442154,0.23728512659959236,0.23953921452921115,25,30,10
19,742,0.4026181537594358,0.11995849325377664,0.23788417760013503,0.23953917538665212,25,30,10
19,743,0.37891788962139755,0.11995876014949956,0.26155430614534,0.2395690440837624,25,30,10
19,744,0.37880258021471364,0.11995885720211127,0.2616695191730429,0.23956904341013183,25,30,10
19,745,0.37935942709036957,0.12003816473752447,0.2610266645448764,0.23957574362722778,25,30,10
19,746,0.37879286897511405,0.11995885720283932,0.26167923032271173,0.23956904349933303,25,30,10
19,747,0.37879281701750483,0.11995885720284762,0.2616791477784733,0.23956917800117314,25,30,10
19,748,0.3788011164862058,0.11995885276316956,0.26160322488137266,0.23963680586925096,25,30,10
19,749,0.37901847667963395,0.11995885276397468,0.2614535013236092,0.23956916923278104,25,30,10
19,750,0.3787927821940811,0.11995885276182981,0.26168037471991057,0.23956799032417758,25,30,10
19,751,0.3787969774018072,0.11995885276191169,0.26168282756312333,0.23956134227315723,25,30,10
19,752,0.3787969083918402,0.11995893180309865,0.26168281753181766,0.23956134227324316,25,30,10
19,753,0.37879483949809606,0.11996100744494935,0.26168281077903444,0.23956134227792047,25,30,10
19,754,0.3787938757954589,0.11996197292963975,0.26168280900165847,0.23956134227324316,25,30,10
19,755,0.3802079653644985,0.119961976462163,0.26023924646440216,0.23959081170893687,25,30,10
19,756,0.38021096082715666,0.11996197646218067,0.2602392446588911,0.23958781805177232,25,30,10
19,757,0.38016708248169917,0.11996207838850002,0.26028251737815145,0.23958832175165,25,30,10
19,758,0.3801671177394095,0.11993962460777556,0.26030493589886633,0.2395883217539493,25,30,10
19,759,0.38013936255487274,0.11993962461220142,0.2603326905545167,0.23958832227841037,25,30,10
19,760,0.40056513595344695,0.11993935775755915,0.23993704773871866,0.23955845855027597,25,30,10
19,761,0.4003508702031426,0.11993936219017906,0.24015129464903637,0.2395584729576427,25,30,10
19,762,0.40035882343575757,0.11992365669387885,0.24015904690796192,0.23955847296240262,25,30,10
19,763,0.4003558458330598,0.11993759319630336,0.24014808871878682,0.2395584722518517,25,30,10
19,764,0.4004789059063866,0.11993759319364505,0.2400250289277569,0.23955847197221364,25,30,10
19,765,0.4038427577540184,0.11993759338623923,0.2366611536771264,0.23955849518261757,25,30,10
19,766,0.4024023196797649,0.1199375898536728,0.23813106473745527,0.23952902572910809,25,30,10
19,767,0.4024022668727944,0.1195015501672076,0.23856715723098498,0.23952902572901422,25,30,10
19,768,0.372132633742482,0.11950170774258458,0.26882082800040247,0.23954483051453196,25,30,10
19,769,0.3721326242787357,0.11950171231665871,0.2688208328873242,0.2395448305172823,25,30,10
19,770,0.37229355283798676,0.11950170781616377,0.268659891694444,0.2395448476514065,25,30,10
19,771,0.37230152225580504,0.11992981532217786,0.2682238147610422,0.23954484766097597,25,30,10
19,772,0.3723015204299084,0.11992981532217815,0.2682238147946765,0.2395448494532381,25,30,10
19,773,0.37238463559121016,0.11992951332920104,0.2681410020672899,0.23954484901230036,25,30,10
19,774,0.37238160391445546,0.11992951332920083,0.26813630309698877,0.23955257965935622,25,30,10
19,775,0.3726158627526205,0.11992951333437771,0.26813654087663097,0.23931808303637186,25,30,10
19,776,0.37979653064702895,0.11992952617484041,0.2609558522444911,0.23931809093363998,25,30,10
19,777,0.3797987448884041,0.11992952617588584,0.260955882102987,0.23931584683272342,25,30,10
19,778,0.3560199907603602,0.11992952618438574,0.28473463365294216,0.2393158494023123,25,30,10
19,779,0.3398134179962792,0.11992952617533204,0.3009412091506146,0.2393158466777746,25,30,10
19,780,0.33928570381106815,0.11992952548353296,0.30146897933522665,0.2393157913701728,25,30,10
19,781,0.3392778558742045,0.11950114339905435,0.30190520936603027,0.23931579136071104,25,30,10
19,782,0.3392780483316588,0.11950114339904636,0.3019052928100121,0.23931551545928276,25,30,10
19,783,0.3392932073643409,0.1195055086927958,0.30188576735877637,0.23931551658408623,25,30,10
19,784,0.3392751637365863,0.11950113874736758,0.2984467210761192,0.24277697643992685,25,30,10
19,785,0.32336755104674714,0.11950113442361127,0.3143543530166352,0.24277696151300648,25,30,10
19,786,0.32336336347688066,0.11950113440964716,0.31398485753215316,0.24315064458131894,25,30,10
19,787,0.32115226851965045,0.11950113418704442,0.3161959467205889,0.24315065057271731,25,30,10
19,788,0.3211532346466051,0.11950113418709668,0.3161959492596854,0.24314968190661407,25,30,10
19,789,0.3211923957261721,0.11950113418729666,0.28576284991010675,0.2735436201764244,25,30,10
19,790,0.32115616849236667,0.11950113418674167,0.2796687253420103,0.2796739719788816,25,30,10
19,791,0.3211539372601376,0.11950113418567886,0.279668694215492,0.27967623433869193,25,30,10
19,792,0.32115406082901155,0.11950113418566981,0.2796687780898636,0.27967602689545545,25,30,10
19,793,0.32115006952976144,0.11951287560692428,0.27966102797019415,0.2796760268931203,25,30,10
19,794,0.3176455230738556,0.11951287938017752,0.28314109995937486,0.27970049758659193,25,30,10
19,795,0.31831843519586944,0.11951287921530142,0.28246821770014624,0.2797004678886827,25,30,10
19,796,0.3216065852666098,0.11951287955148365,0.2791726675949013,0.2797078675870061,25,30,10
19,797,0.3216065062694916,0.11951287955142308,0.279168175698673,0.279712438480413,25,30,10
19,798,0.3216034428362415,0.11951287955143126,0.2791680936988819,0.27971558391344575,25,30,10
19,799,0.32138224167915164,0.11951287954937617,0.2791679424610652,0.2799369363104074,25,30,10
19,800,0.32138530805923865,0.11953208020463563,0.27914567542797486,0.2799369363081514,25,30,10
19,801,0.3260282280809595,0.11953209104451565,0.2745269382325803,0.2799127426419446,25,30,10
19,802,0.326015154328713,0.11953209104138496,0.2745268505801859,0.27992590404971623,25,30,10
19,803,0.3260164174038732,0.11951815453932785,0.27453833797991545,0.27992709007688543,25,30,10
19,804,0.3260220746512804,0.11951815455051137,0.24072228207925936,0.3137374887189493,25,30,10
19,805,0.3191218408608807,0.12029281249969294,0.2468478657402415,0.31373748089918524,25,30,10
19,806,0.31003631357601424,0.12029187582655573,0.2559343958857424,0.3137374147116892,25,30,10
19,807,0.3103227387864735,0.12029186083006305,0.25564594647964717,0.31373945390381797,25,30,10
19,808,0.31360184787119977,0.12029186078873493,0.2523668507610822,0.3137394405789846,25,30,10
19,809,0.3128196607514067,0.1202918607991308,0.25315134565277275,0.31373713279669124,25,30,10
19,810,0.3128165955408692,0.12029507854450229,0.25315119311568407,0.3137371327989457,25,30,10
19,811,0.3125378975408493,0.11953454587412944,0.2541904239477257,0.31373713263729697,25,30,10
19,812,0.2940881282781185,0.11953454538744879,0.27264014651578067,0.3137371798186535,25,30,10
19,813,0.29408525482507497,0.11953454538745771,0.27264014719266966,0.3137400525947993,25,30,10
19,814,0.2940811457684946,0.11953454538740285,0.2726376958000897,0.31374661304401524,25,30,10
19,815,0.2948291026548885,0.11953454535934262,0.2718897456334182,0.31374660635235324,25,30,10
19,816,0.292668577587444,0.11953454544792753,0.2740502681751573,0.3137466087894741,25,30,10
19,817,0.29266857735212787,0.1195345454479275,0.2740502304606479,0.31374664673929936,25,30,10
19,818,0.29267145173079145,0.11953454544791875,0.274050312261902,0.3137436905593906,25,30,10
19,819,0.2907571567874036,0.11953454372078624,0.2759646193773923,0.3137436801144191,25,30,10
19,820,0.28527577200567494,0.11953443291544559,0.28144548862658875,0.3137443064522923,25,30,10
19,821,0.28610315674221753,0.11953443288128432,0.2806181044309389,0.3137443059455608,25,30,10
19,822,0.3044532155260545,0.11953443269449082,0.26226811152334334,0.3137442402561144,25,30,10
19,823,0.3046041564236183,0.1195344414714555,0.26211717649316246,0.3137442256117667,25,30,10
19,824,0.3049047300863878,0.11953444180089155,0.2618165987530088,0.31374422935971474,25,30,10
19,825,0.2970746432271578,0.11953424245001372,0.2696628647097163,0.31372824961311246,25,30,10
19,826,0.2855890009057697,0.11953424262921543,0.28114799315699524,0.31372876330802024,25,30,10
19,827,0.27422806180574577,0.11953424261201674,0.29250893781400766,0.3137287577682297,25,30,10
19,828,0.27422512096988183,0.1195342426120705,0.29250896975551915,0.3137316666625282,25,30,10
19,829,0.2742270979316308,0.11952010468042325,0.2925211302345733,0.3137316671533729,25,30,10
19,830,0.27422699083436447,0.11952010468036961,0.2925210983239794,0.31373180616128665,25,30,10
19,831,0.2602220584192146,0.11952010988548299,0.30647761913151084,0.3137802125637916,25,30,10
19,832,0.26021607038553213,0.11952010987388854,0.3003074314301227,0.3199563883104566,25,30,10
19,833,0.2602159622767325,0.11952010987387972,0.30030743039682156,0.31995649745256566,25,30,10
19,834,0.260215875099989,0.11994870373101468,0.299878923425639,0.31995649774335594,25,30,10
19,835,0.26021886988233756,0.119948703731023,0.2998789235081013,0.31995350287853697,25,30,10
19,836,0.2602158738543854,0.11994870373101406,0.29987884087419336,0.3199565815404057,25,30,10
19,837,0.2602149438327058,0.11994870373097032,0.2998788363611895,0.31995751607513334,25,30,10
19,838,0.26021491196961316,0.11994870373095128,0.29987886820927,0.31995751609016465,25,30,10
19,839,0.26076729277804545,0.11994870396440233,0.2993263411000213,0.31995766215753063,25,30,10
19,840,0.26076739816214867,0.1199487039644197,0.2993263418202999,0.3199575560531314,25,30,10
19,841,0.22937418020213474,0.1199492178201242,0.3307190453686735,0.3199575566090672,25,30,10
19,842,0.2349098894021271,0.11994912935133568,0.32518452284760363,0.31995645839893316,25,30,10
19,843,0.21369804403423032,0.11994945764790713,0.3463960420243698,0.31995645629349284,25,30,10
19,844,0.213698274227586,0.1199494576479621,0.3463960442204606,0.3199562239039915,25,30,10
19,845,0.2132335271736304,0.11994912914950424,0.3468611201119012,0.3199562235649644,25,30,10
19,846,0.20994383494754978,0.1199491293506985,0.35015821167436895,0.3199488240273835,25,30,10
19,847,0.2099505939663481,0.1199491293506879,0.35015821403897385,0.31994206264399094,25,30,10
19,848,0.20994854357603138,0.11995890608221244,0.3501504879839375,0.3199420623578193,25,30,10
19,849,0.21008047427733917,0.11995890601752139,0.35001859051575684,0.3199420291893833,25,30,10
19,850,0.21007829109434364,0.11995890590707886,0.3500207743027449,0.31994202869583277,25,30,10
19,851,0.22070496125725098,0.11995890609756214,0.3393941030797134,0.31994202956547396,25,30,10
19,852,0.2207050473488435,0.11995890609759906,0.3393940212584624,0.31994202529509547,25,30,10
19,853,0.22094095405153769,0.11995890618419133,0.3391580928032649,0.3199420469610056,25,30,10
19,854,0.2202074595804843,0.11995890562339087,0.3398915991286747,0.31994203566745016,25,30,10
19,855,0.219969986823129,0.11995890562217902,0.34012909355813664,0.31994201399655536,25,30,10
19,856,0.2202491444477161,0.11995890579735563,0.33984993524661994,0.3199420145083062,25,30,10
19,857,0.18153891158494206,0.11995889701940163,0.3785601778865189,0.31994201350912765,25,30,10
19,858,0.18153500372753698,0.11996280141495536,0.3785601813507462,0.3199420135067541,25,30,10
19,859,0.1815358633087127,0.11996280141498135,0.37856018474011166,0.31994115053618666,25,30,10
19,860,0.18153390627473157,0.11996280141455949,0.37856214176728614,0.31994115054341693,25,30,10
19,861,0.18153189285715554,0.11996280141460346,0.37856214546576133,0.31994316026247394,25,30,10
19,862,0.18160266272157954,0.11996280141728324,0.3785640148721685,0.31987052098896257,25,30,10
19,863,0.181609549340168,0.11996280141729121,0.37856409689116205,0.31986355235137437,25,30,10
19,864,0.18161347315861762,0.11996280141730858,0.378564099121811,0.3198596263022588,25,30,10
19,865,0.18154427169538878,0.11996432366419552,0.3786245196311843,0.3198668850092277,25,30,10
19,866,0.18154987417870574,0.11996432365697558,0.37855024232248163,0.3199355598418329,25,30,10
19,867,0.18155201137504043,0.11996432365695094,0.37855036089085886,0.31993330407714593,25,30,10
19,868,0.18178046928509123,0.119964323625594,0.37832190274220745,0.3199333043471014,25,30,10
19,869,0.1817795036544927,0.1199643236255424,0.3783219856266035,0.3199341870933567,25,30,10
19,870,0.18177950462871426,0.11996432362554271,0.37832858748007697,0.31992758426566215,25,30,10
19,871,0.1817725318592893,0.11996432362550769,0.37832850196551343,0.31993464254968557,25,30,10
19,872,0.18177650816391483,0.11996432362556947,0.37832190305124397,0.31993726515926757,25,30,10
19,873,0.18179263932342515,0.11951197876303316,0.3787581167281712,0.31993726518536875,25,30,10
19,874,0.18179572143888634,0.11951197876313127,0.3787580155094395,0.31993428428854115,25,30,10
19,875,0.18179773655752451,0.11947850332653792,0.3787894758298146,0.3199342842861214,25,30,10
19,876,0.18179502062327335,0.1194785033265831,0.37878935683265824,0.31993711921748363,25,30,10
19,877,0.21428269497182315,0.11947850422325956,0.3463013882119593,0.31993741259295627,25,30,10
19,878,0.19243016872135815,0.11947927738071655,0.36819640712829516,0.3198941467696291,25,30,10
19,879,0.17532693808329278,0.11947949264807453,0.3852741987059732,0.31991937056265835,25,30,10
19,880,0.17532791703390294,0.11947949265001358,0.3852732197577988,0.3199193705582821,25,30,10
19,881,0.16675016531946255,0.11947932550509277,0.39385111090656344,0.31991939826888005,25,30,10
19,882,0.166612178481056,0.11947932561888082,0.393988666280824,0.3199198296192387,25,30,10
19,883,0.17667349547515118,0.11947932567754525,0.3839273487330192,0.3199198301142848,25,30,10
19,884,0.1766582925657712,0.11993073937676427,0.3834911379644799,0.3199198300929853,25,30,10
19,885,0.17672724854415564,0.11993039291494079,0.3834225574159894,0.3199198011249149,25,30,10
19,886,0.1767351137853287,0.11993039291499202,0.3836887396117314,0.31964575368794895,25,30,10
19,887,0.17690937297086273,0.11993039315675116,0.38351490570400004,0.31964532816838714,25,30,10
19,888,0.1764534312566822,0.11993039721947057,0.38397079732492645,0.31964537419892186,25,30,10
19,889,0.17479924268392064,0.11993309459493004,0.3856274412249851,0.3196402214961648,25,30,10
19,890,0.17570521834210628,0.11992961882969587,0.38465958884919205,0.319705573979007,25,30,10
19,891,0.16465975536443586,0.1199295292148989,0.39573087584213185,0.3196798395785341,25,30,10
19,892,0.16464884128778087,0.11992952921475684,0.39546467850232275,0.31995695099514004,25,30,10
19,893,0.15523518546629755,0.11992953005819779,0.4048783337936891,0.3199569506818128,25,30,10
19,894,0.1550020055087696,0.11992800763929816,0.40512029509848424,0.31994969175344645,25,30,10
19,895,0.15499693672035422,0.11992800756318861,0.405192852879165,0.31988220283729013,25,30,10
19,896,0.11653783771760282,0.11993972097880326,0.4435840187555101,0.3199384225480734,25,30,10
19,897,0.11677596265429849,0.11993972105806257,0.44334707892482605,0.31993723736280244,25,30,10
19,898,0.11676806183070454,0.11993972105801051,0.4433470723014984,0.31994514480977865,25,30,10
19,899,0.1167658543573777,0.11993972105803519,0.44335367878468374,0.31994074579989756,25,30,10
19,900,0.11676489001529397,0.11994013553818228,0.44335422865371676,0.3199407457928011,25,30,10
19,901,0.11655317639663398,0.11995429563427716,0.4435517859394953,0.3199407420295873,25,30,10
19,902,0.11649420306296068,0.11995430162595377,0.44361075358102303,0.3199407417300556,25,30,10
19,903,0.15530539664491014,0.11995430072157492,0.40479956137053863,0.3199407412629759,25,30,10
19,904,0.15563082005405365,0.11995429630072345,0.4044741949975603,0.31994068864766234,25,30,10
19,905,0.15410277500026695,0.11994258732634976,0.4060689172165591,0.3198857204568244,25,30,10
19,906,0.15410277500280245,0.11994258732634913,0.4060689997894473,0.3198856378814012,25,30,10
19,907,0.15409990452140993,0.11997637741804124,0.4060380801765706,0.3198856378839788,25,30,10
19,908,0.15409997440228826,0.11997637741806798,0.4060380836626109,0.3198855645170331,25,30,10
19,909,0.15454819583852317,0.11997672879586797,0.40558951055389725,0.31988556481171165,25,30,10
19,910,0.15604524482272478,0.11997803468886982,0.40409104638163307,0.3198856741067727,25,30,10
19,911,0.1551636755499322,0.11997803471735376,0.4050379749489224,0.31982031478379147,25,30,10
19,912,0.15516686575668742,0.11997803471732858,0.40504267622886986,0.3198124232971141,25,30,10
19,913,0.1554528362628795,0.11997803471841013,0.40475670572091493,0.3198124232977954,25,30,10
19,914,0.15545276450036205,0.11997803471841012,0.40475200208732764,0.31981719869390024,25,30,10
19,915,0.1554557622940557,0.11997557819463835,0.4047514608221931,0.31981719868911296,25,30,10
19,916,0.15545481646564216,0.11997557819458546,0.4047448522637007,0.31982475307607167,25,30,10
19,917,0.15545781178687815,0.11997557819457716,0.4047448542096507,0.31982175580889405,25,30,10
19,918,0.1554885737297217,0.11996134316770879,0.40472832735370756,0.31982175574886146,25,30,10
19,919,0.1554885724310051,0.11996134316770032,0.4047284426159458,0.3198216417853484,25,30,10
19,920,0.1554854361379122,0.11996134316770751,0.40472844166728067,0.3198247790270992,25,30,10
19,921,0.15548250526123206,0.11996428219451141,0.40472843351001836,0.31982477903423784,25,30,10
19,922,0.15004653896962464,0.11996450833761163,0.4101641738366801,0.3198247788560841,25,30,10
19,923,0.15004653891919983,0.11996450833761177,0.41016409121067043,0.3198248615325181,25,30,10
19,924,0.14959602055241514,0.11996415093967334,0.4106149666986849,0.3198248618092271,25,30,10
19,925,0.11110174097973813,0.11996415252785576,0.44910906686344865,0.3198250396289509,25,30,10
19,926,0.1111057192689336,0.11996415252790867,0.4491090731874243,0.3198210550157268,25,30,10
19,927,0.11110279260876008,0.11996415252792618,0.44911135098087307,0.3198217038824343,25,30,10
19,928,0.1096116617649084,0.11996415093898992,0.4506026612432151,0.3198215260528803,25,30,10
19,929,0.1096174305348988,0.11996415105231151,0.45059689158074556,0.3198215268320378,25,30,10
19,930,0.1108047778172906,0.11996415116865791,0.4494094910621177,0.31982157995192745,25,30,10
19,931,0.11082660451127407,0.11996426118876496,0.44938753534947756,0.31982159895047707,25,30,10
19,932,0.11075588516283315,0.11996426118609346,0.4493856660283006,0.3198941876227667,25,30,10
19,933,0.11075746136346465,0.1199642611861084,0.4493856679814678,0.31989260946895476,25,30,10
19,934,0.1107534155322979,0.11996426118604632,0.4493856624476586,0.3198966608339926,25,30,10
19,935,0.1105895844847872,0.11996426110988002,0.4494804306439799,0.3199657237613457,25,30,10
19,936,0.13098934891120148,0.11996426111431678,0.42907821222477366,0.31996817774970165,25,30,10
19,937,0.11660693117272114,0.11996426217468939,0.44345967308208595,0.3199691335704967,25,30,10
19,938,0.11660693016463068,0.11996426217469003,0.4434596731351649,0.31996913452550724,25,30,10
19,939,0.11677024545485856,0.11996426217900862,0.439816514133387,0.32344897823273866,25,30,10
19,940,0.11677124411141036,0.11996426217904459,0.4398165186417306,0.323447975067807,25,30,10
19,941,0.11559156457433403,0.11996426194932697,0.40554214432315805,0.3589020291531753,25,30,10
19,942,0.11559456156991427,0.11996180610798544,0.40554160315931176,0.35890202916278285,25,30,10
19,943,0.11554358520915993,0.11996175519923277,0.405592630734659,0.35890202885694245,25,30,10
19,944,0.11555206343448737,0.11996179608390654,0.4055841116214307,0.3589020288601694,25,30,10
19,945,0.12065668429722674,0.11996157029584754,0.40047971599330023,0.3589020294136198,25,30,10
19,946,0.1010670156188397,0.11996157020673748,0.42006938460593907,0.3589020295684782,25,30,10
19,947,0.10106994443253076,0.11996157020672013,0.4200671063748949,0.35890137898584906,25,30,10
19,948,0.0998965040162613,0.1199618184560303,0.4212403754042394,0.3589013021234635,25,30,10
19,949,0.09989858788801854,0.11996181845601293,0.42124028623434034,0.3588993074216224,25,30,10
19,950,0.11479403215512432,0.11996181935980342,0.40634485882132126,0.3588992896637451,25,30,10
19,951,0.11479410110500175,0.11996181935981282,0.4063448893173432,0.3588991902178378,25,30,10
19,952,0.1157211477005073,0.11996177852132049,0.4054178825630995,0.35889919121506836,25,30,10
19,953,0.11572029602760066,0.11996177408006206,0.40185060440804704,0.3624673254842851,25,30,10
19,954,0.11571728348964987,0.11996477944487446,0.4018506115836994,0.3624673254817734,25,30,10
19,955,0.13192367351083698,0.11996477917679572,0.38564422229228057,0.3624673250200853,25,30,10
19,956,0.13199709364481418,0.11996467044445568,0.3855709293764602,0.3624673065342678,25,30,10
19,957,0.14123261188574562,0.11996336466756909,0.376336824865366,0.362467198581318,25,30,10
19,958,0.14123266354034375,0.11996336466755966,0.376336823203268,0.3624671485888278,25,30,10
19,959,0.1417380024670919,0.11996336417293989,0.37583148463380495,0.36246714872616065,25,30,10
19,960,0.14518912404079173,0.11996336713733491,0.37237822939250675,0.36246927942936397,25,30,10
19,961,0.14542557209463916,0.11996336714004151,0.37214178095309725,0.36246927981221455,25,30,10
19,962,0.1251694124262554,0.11996336496738619,0.3908370113961628,0.3640302112101888,25,30,10
19,963,0.12490938160928387,0.11996336492934769,0.39109584603310843,0.3640314074282503,25,30,10
19,964,0.12508884316165908,0.13394260128438248,0.3769371480466983,0.36403140750724916,25,30,10
19,965,0.12490083502847682,0.1599520316521775,0.35111572647199263,0.3640314068473451,25,30,10
19,966,0.16363270256228804,0.15995203687514203,0.31238379888732853,0.36403146167524125,25,30,10
19,967,0.16363256275490126,0.15995218037566114,0.3123837951991263,0.36403146167031153,25,30,10
19,968,0.16363256275522922,0.15995218037566114,0.31238379527119503,0.3640314615979148,25,30,10
19,969,0.16363653950152315,0.15995218037569633,0.3123837739855711,0.3640275061372095,25,30,10
19,970,0.16363846522076855,0.15995026197137782,0.3123837666634163,0.3640275061444367,25,30,10
19,971,0.1636251795387883,0.1599502619711208,0.307865642162548,0.3685589163275423,25,30,10
19,972,0.1454692576701819,0.15995089392432332,0.3260209849897848,0.368558863415706,25,30,10
19,973,0.15071142767736956,0.15995026209310662,0.32077933870187236,0.3685589715276475,25,30,10
19,974,0.15071758364347304,0.15994410742167062,0.32077933739254905,0.36855897154230327,25,30,10
19,975,0.15048423179771298,0.159944107418948,0.32101268968165597,0.36855897110168045,25,30,10
19,976,0.13974245180046985,0.15994411023887403,0.33175446748480086,0.3685589704758509,25,30,10
19,977,0.1397424711770587,0.15994411023889218,0.3317544683494548,0.36855895023459007,25,30,10
19,978,0.1492617909583161,0.15994411052432378,0.32223514724014457,0.3685589512772113,25,30,10
19,979,0.1492618602714924,0.1599441105243332,0.3222351478917807,0.36855888131239195,25,30,10
19,980,0.14933699783811064,0.15994411445157908,0.3220922293631194,0.36862665834718994,25,30,10
19,981,0.1493399953468489,0.15994411445157064,0.32209223068486587,0.36862365951671355,25,30,10
19,982,0.14924319155870167,0.15994411308439088,0.322189036340789,0.36862365901611704,25,30,10
19,983,0.14924026594362466,0.15994411308428422,0.3221890257724943,0.3686265951995951,25,30,10
19,984,0.14924119444063755,0.15994411308431047,0.3221890285952357,0.36862566387981466,25,30,10
19,985,0.14916191934282774,0.1599585339972864,0.32232286627323803,0.3685566803866465,25,30,10
19,986,0.1491580123809076,0.1599585339972517,0.3223228592074202,0.36856059441441913,25,30,10
19,987,0.14917130136242282,0.1599585339978884,0.3223230309136278,0.36854713372605963,25,30,10
19,988,0.14916813094965348,0.15995853399786175,0.3223253051894595,0.36854802986302354,25,30,10
19,989,0.14924141311324896,0.15995853450216185,0.3222520225145539,0.36854802987003366,25,30,10
19,990,0.14976433975661174,0.15995853250622885,0.3217300041768527,0.36854712356030506,25,30,10
19,991,0.14976440824490364,0.15995853250622916,0.321730003697558,0.36854705555130735,25,30,10
19,992,0.14976547785650252,0.15995746936601557,0.3217299972356993,0.36854705554178124,25,30,10
19,993,0.14975925508471127,0.1599637017255661,0.32172998766029715,0.3685470555294237,25,30,10
19,994,0.14921759881295088,0.1599637021745932,0.32226894353512536,0.36854975547732893,25,30,10
19,995,0.1494533409500596,0.15994930663265244,0.2961900955369583,0.39440725688033096,25,30,10
19,996,0.13920668924500637,0.15994919720888987,0.30472700446638357,0.3961171090797216,25,30,10
19,997,0.13920362416213355,0.159949197208898,0.3047270062974075,0.39612017233156244,25,30,10
19,998,0.15164694690416453,0.15994919265840715,0.29228377260634997,0.3961200878310799,25,30,10
19,999,0.11940192694857023,0.170469422412988,0.3139930806529141,0.3961355699855277,25,30,10
19,1000,0.11940182200877449,0.17046942241298854,0.3139930806292746,0.3961356749489623,25,30,10
19,1001,0.11941681570973746,0.1704694224130428,0.31754626588716844,0.3925674959900505,25,30,10
19,1002,0.11941393614784665,0.17044083151605183,0.31757773619424756,0.3925674961418534,25,30,10
19,1003,0.11941378280571033,0.17047245477719572,0.31754626642704215,0.3925674959900512,25,30,10
19,1004,0.11941076843734962,0.1704724547771871,0.3175462657505505,0.3925705110349124,25,30,10
19,1005,0.11941371178113899,0.17047245477718648,0.3175462657037886,0.3925675677378856,25,30,10
19,1006,0.11917556108390942,0.17085737712194127,0.3209483939353245,0.3890186678588202,25,30,10
19,1007,0.11918266737187044,0.17081879773122058,0.3209798670331272,0.38901866786377715,25,30,10
19,1008,0.11918255133001149,0.1708187977312395,0.3209798363369211,0.3890188146018236,25,30,10
19,1009,0.11918257955563939,0.17081879773120348,0.3209864417437421,0.3890121809694108,25,30,10
19,1010,0.15553836755441122,0.17081879547967535,0.28463064578174885,0.3890121911841632,25,30,10
19,1011,0.15554528794141226,0.17078946169791745,0.2846530591741255,0.38901219118654345,25,30,10
19,1012,0.15554523302447965,0.17078946169806763,0.2846531853204515,0.38901211995699925,25,30,10
19,1013,0.17274252213245425,0.1707893221825777,0.2691660953286716,0.38730206035629444,25,30,10
19,1014,0.17274247132891685,0.1707893221825493,0.2692560845297915,0.3872121219587417,25,30,10
19,1015,0.17293570337690922,0.17078932199682087,0.26906285642133815,0.3872121182049312,25,30,10
19,1016,0.13351264588163753,0.1707893213970834,0.30848864708903934,0.3872093856322396,25,30,10
19,1017,0.1335136169322585,0.17040439904576093,0.30887260587169907,0.38720937815027845,25,30,10
19,1018,0.13327876015711945,0.17040436974740672,0.2949792101029357,0.4013376599925346,25,30,10
19,1019,0.12424161360962041,0.17040437390456897,0.3040163323299111,0.4013376801558956,25,30,10
19,1020,0.12424059707065153,0.1704043739045153,0.3040162120513301,0.40133881697349955,25,30,10
19,1021,0.12424357312969421,0.17040437390453383,0.3039239432129294,0.4014281097528396,25,30,10
19,1022,0.12423665342134126,0.17040437390447202,0.3039239402520248,0.401435032422159,25,30,10
19,1023,0.1237368354711233,0.17040437410698672,0.30442375713175873,0.40143503329012903,25,30,10
19,1024,0.11098701704400074,0.1704043740820968,0.3171735816473577,0.40143502722654373,25,30,10
19,1025,0.11097432503459675,0.1704043740740896,0.31718627359932033,0.40143502729199193,25,30,10
19,1026,0.13043286616506322,0.17040437407347234,0.29773032400023125,0.4014324357612316,25,30,10
19,1027,0.13390860465311402,0.17040452878483228,0.2942542435103942,0.4014326230516577,25,30,10
19,1028,0.13390856860989042,0.17040452878482398,0.2942542437106811,0.4014326588946031,25,30,10
19,1029,0.13483637628054024,0.17040453263659638,0.2933187796975398,0.40144031138532205,25,30,10
19,1030,0.13492618505692663,0.17040437724127183,0.2932283899651533,0.40144104773664663,25,30,10
19,1031,0.13492627287481393,0.17040437724128893,0.2932217847436654,0.4014475651402305,25,30,10
19,1032,0.1479492760831194,0.1704043773515181,0.28019875191756805,0.40144759464779256,25,30,10
19,1033,0.14780020884018016,0.170404377349767,0.280348753673865,0.40144666013618585,25,30,10
19,1034,0.10811855705145797,0.17083381998509953,0.31956759799789564,0.4014800249655457,25,30,10
19,1035,0.10811971675019004,0.17083381998512023,0.31956767711077716,0.40147878615391136,25,30,10
19,1036,0.1227847399022997,0.17083381924968297,0.3064657166818807,0.3999157241661361,25,30,10
19,1037,0.115835754641542,0.2002988747420721,0.2839651551354035,0.399900215480982,25,30,10
19,1038,0.1158357962916228,0.20026737898642602,0.2839966092506037,0.3999002154713467,25,30,10
19,1039,0.11583596802970102,0.20029866937967644,0.283965147114144,0.3999002154764778,25,30,10
19,1040,0.11583300558222591,0.2002986693796687,0.2839651480763208,0.3999031769617842,25,30,10
19,1041,0.11501575781752865,0.20029866528290566,0.28479005358027204,0.3998955233192931,25,30,10
19,1042,0.11501579442865373,0.20029866528294027,0.2847900566089618,0.39989548367944366,25,30,10
19,1043,0.11501283192042483,0.20029866528291362,0.2847900567347439,0.3998984460619171,25,30,10
19,1044,0.11501188603926538,0.2002986652828811,0.28479011261326637,0.3998993360645871,25,30,10
19,1045,0.1150176878827317,0.20029866528289503,0.28479003358037147,0.3998936132540018,25,30,10
19,1046,0.11502077245704088,0.20029866528289308,0.28478997719217714,0.399890585067889,25,30,10
19,1047,0.11501797018847203,0.20029866528291085,0.28479002964096334,0.39989333488765394,25,30,10
19,1048,0.11453364241921683,0.20029866091831086,0.2852743829624948,0.3998933136999788,25,30,10
19,1049,0.11453653409618536,0.20029866091826576,0.2852743300668038,0.3998904749187465,25,30,10
19,1050,0.11453635595961632,0.2002984496166899,0.28527471950997063,0.39989047491372465,25,30,10
19,1051,0.11447345562416529,0.20029845014079903,0.28533761933893875,0.39989047489609925,25,30,10
19,1052,0.11447440238716444,0.20029845014084346,0.2853376210046185,0.39988952646737563,25,30,10
19,1053,0.11447027810687928,0.2003334917490684,0.2853067036816736,0.39988952646238085,25,30,10
19,1054,0.11447413299949502,0.20033349174911252,0.2853067077197226,0.39988566753167176,25,30,10
19,1055,0.11447217033516792,0.2003334917490158,0.2853067021943575,0.3998876357214602,25,30,10
19,1056,0.11447638578777308,0.2011257253039819,0.2845102531793509,0.39988763572889396,25,30,10
19,1057,0.1144772457338983,0.2011257253040077,0.28451685977036356,0.39988016919173064,25,30,10
19,1058,0.11447431943209135,0.20112903767079515,0.28451647370538286,0.39988016919173086,25,30,10
19,1059,0.1245854079110007,0.20112903772597307,0.2744053615850074,0.39988019277801873,25,30,10
19,1060,0.12458269003287673,0.18572255027204693,0.2898145669074795,0.39988019278759696,25,30,10
19,1061,0.12458568444210906,0.1857225502720291,0.2898145642674219,0.3998772010184405,25,30,10
19,1062,0.12458272340397525,0.1857225502720196,0.2898145662986382,0.3998801600253668,25,30,10
19,1063,0.08598807936422834,0.1857225501678887,0.32840921402017786,0.39988015644770514,25,30,10
19,1064,0.0859890751307531,0.1851083721590563,0.3290223962431466,0.3998801564670441,25,30,10
19,1065,0.08728635941804999,0.18510837255738383,0.32772513724991464,0.3998801307746517,25,30,10
19,1066,0.08727123341999123,0.18510837255865117,0.3277402610452155,0.3998801329761414,25,30,10
19,1067,0.08537057447879023,0.1851084380820684,0.3296366295555091,0.3998843578836314,25,30,10
19,1068,0.0853744974195912,0.18510843808212113,0.32963663092612655,0.3998804335721602,25,30,10
19,1069,0.08549726783188254,0.1851084639590022,0.3295067814481577,0.3998874867609566,25,30,10
19,1070,0.08606598237669225,0.18510846375605033,0.3144045017887775,0.41442105207847796,25,30,10
19,1071,0.08606885797119845,0.1851053808755415,0.314404709072478,0.41442105208077995,25,30,10
19,1072,0.08613176957922612,0.1851053549317548,0.3143488577345443,0.41441401775447273,25,30,10
19,1073,0.04674515141115377,0.18510535506887846,0.3537354563745288,0.4144140371454351,25,30,10
19,1074,0.04674816455846667,0.18510233391912187,0.35373546437204406,0.41441403715036446,25,30,10
19,1075,0.04636416004247677,0.18510233378005167,0.354119488691476,0.4144140174859927,25,30,10
19,1076,0.046066701774109854,0.1846731849722704,0.3503268279175398,0.4189332853360774,25,30,10
19,1077,0.04606545656519497,0.200083640031369,0.33491761807685194,0.41893328532658103,25,30,10
19,1078,0.04606840086039523,0.200083640031369,0.3349176160783888,0.41893034302984455,25,30,10
19,1079,0.0453116027046031,0.20008357410125163,0.3356787053201232,0.4189261178740192,25,30,10
19,1080,0.04531476449750182,0.2000835741012496,0.3356755425989045,0.4189261188023341,25,30,10
19,1081,0.045311787161178826,0.20010894020745695,0.3356531538336923,0.4189261187976618,25,30,10
19,1082,0.05133052456600542,0.20010894015421077,0.32963441698617296,0.4189261182936012,25,30,10
19,1083,0.051332204959830714,0.19931683556736207,0.33042484116868537,0.41892611830411114,25,30,10
19,1084,0.05133222096197221,0.19931683564414743,0.3304260337368937,0.4189249096569766,25,30,10
19,1085,0.051333367053182456,0.1993168356441757,0.33042613076263555,0.4189236665399963,25,30,10
19,1086,0.05122351651538327,0.19931683563980088,0.33053598147811625,0.4189236663666898,25,30,10
19,1087,0.05122043103832469,0.19932030752834176,0.3305355950665925,0.41892366636673295,25,30,10
19,1088,0.05105824096913448,0.19932030799016315,0.33069780111252894,0.41892364992816644,25,30,10
19,1089,0.051055177020149944,0.19932030799014597,0.33069779969133245,0.41892671529836467,25,30,10
19,1090,0.05105840227173229,0.19929468345392942,0.33072019897592425,0.4189267152984069,25,30,10
19,1091,0.05105644881897567,0.19929439574770913,0.3352733793001533,0.4143757761331539,25,30,10
19,1092,0.05105430206042282,0.19929439574778304,0.33527343466537723,0.4143778675264091,25,30,10
19,1093,0.051070622655108776,0.1992943957516176,0.33525710953477544,0.4143778720584899,25,30,10
19,1094,0.05107277846762038,0.19929439575163851,0.335250631950579,0.4143821938301556,25,30,10
19,1095,0.05094165461126513,0.19929439593490145,0.3499067138138955,0.39985723563992887,25,30,10
19,1096,0.05094464083272482,0.1992946641043714,0.3463736472325906,0.4033870478303061,25,30,10
19,1097,0.05101149347331635,0.19920331956781115,0.3463981387050914,0.40338704825377397,25,30,10
19,1098,0.051009550812282846,0.19920331956770876,0.34639798629622137,0.4033891433237801,25,30,10
19,1099,0.05100930408167059,0.19922597330726688,0.3463755792874463,0.4033891433236097,25,30,10
19,1100,0.050499028702857135,0.1992259728250787,0.34689446195430923,0.4033805365177484,25,30,10
19,1101,0.05043229874655642,0.19931719213693086,0.34686997302936556,0.40338053608714075,25,30,10
19,1102,0.05043035100987634,0.199318190081492,0.3468709228164033,0.4033805360922219,25,30,10
19,1103,0.05043332914055162,0.18449833413608085,0.3616878006408125,0.4033805360825433,25,30,10
19,1104,0.05042961604520957,0.1999322686282628,0.3462575792534316,0.4033805360730904,25,30,10
19,1105,0.05216105435894963,0.19993226862638327,0.34452614126991266,0.4033805357447486,25,30,10
19,1106,0.05215461706024837,0.19993226862579003,0.344525975165571,0.40338713914838464,25,30,10
19,1107,0.052451843550717275,0.19993423127640342,0.31365573204677133,0.4339581931261076,25,30,10
19,1108,0.052451774688320504,0.19993423127638535,0.31365573321211215,0.43395826082318206,25,30,10
19,1109,0.05245173999998738,0.19993423127636864,0.3136557330098747,0.43395829571376987,25,30,10
19,1110,0.05072022166716665,0.19993423127586982,0.3153872513495932,0.4339582957073712,25,30,10
19,1111,0.05084295455293626,0.19993423500219643,0.31520509105456823,0.4340177193902981,25,30,10
19,1112,0.05084167469363465,0.19932600449468288,0.3158146014120284,0.4340177193996525,25,30,10
19,1113,0.05084079786266799,0.1993260044946564,0.3158145994793377,0.434018598163337,25,30,10
19,1114,0.05115245818983195,0.19932600469249437,0.31550292331931645,0.4340186137983561,25,30,10
19,1115,0.051018325950667125,0.19932600540304268,0.3156964827629995,0.43395918588328974,25,30,10
19,1116,0.05102210993437837,0.1993222196711876,0.31569648450642884,0.43395918588800453,25,30,10
19,1117,0.05101820308022652,0.1993259929593443,0.3156966180772233,0.43395918588320526,25,30,10
19,1118,0.051025141316852186,0.19932599295938716,0.3156966198811531,0.43395224584260705,25,30,10
19,1119,0.05102298453825531,0.1993259929593572,0.3156964956284609,0.433954526873926,25,30,10
19,1120,0.05103288650268557,0.1993170187705071,0.31569556784835673,0.4339545268784501,25,30,10
19,1121,0.0512196090449969,0.199317018572759,0.31550590790532473,0.43395746447691896,25,30,10
19,1122,0.05121570143362723,0.19931701857273318,0.3155059055860075,0.4339613744076316,25,30,10
19,1123,0.051211762483689506,0.1993170141320379,0.3154410973606023,0.43403012602367047,25,30,10
19,1124,0.05182473556058884,0.1993170148677021,0.3148281210506655,0.4340301285210413,25,30,10
19,1125,0.05214282875544432,0.19933110886086905,0.3144959233044544,0.43403013907922916,25,30,10
19,1126,0.05214286107041524,0.19933110893869088,0.31456343638300255,0.43396259360788897,25,30,10
19,1127,0.05225096718427506,0.199331108949103,0.31445532897540923,0.4339625948912099,25,30,10
19,1128,0.052246986277028847,0.19933110894907702,0.3144553260235686,0.433966578750322,25,30,10
19,1129,0.05224998135486023,0.19933110894908515,0.314455326111273,0.4339635835847786,25,30,10
19,1130,0.04291364154899578,0.19933110841007237,0.3237913883539855,0.43396386168693757,25,30,10
19,1131,0.04291591519848129,0.19933145755199724,0.3237887320335435,0.4339638952159703,25,30,10
19,1132,0.04291290409254364,0.19933405998386391,0.3237891407076585,0.43396389521592615,25,30,10
19,1133,0.04291088822474881,0.1993285298505102,0.32379668669649964,0.43396389522823525,25,30,10
19,1134,0.06613166474185374,0.19932858169557416,0.30057612255945476,0.4339636310031152,25,30,10
19,1135,0.06613772604062669,0.19932858169559275,0.3005827240889795,0.4339509681747989,25,30,10
19,1136,0.06613893686243186,0.19909596697702367,0.300814127989738,0.43395096817080436,25,30,10
19,1137,0.06614284248539112,0.1990959713399321,0.30081142452387444,0.4339497616507998,25,30,10
19,1138,0.0661428424526904,0.19909597133993237,0.3008114245537696,0.4339497616536049,25,30,10
19,1139,0.0661458534417938,0.19909597133994128,0.30081142517607723,0.43394675004218497,25,30,10
19,1140,0.06614681722860484,0.1990956160710553,0.30081252948402126,0.4339450372163148,25,30,10
19,1141,0.10169754894839439,0.19909561565270742,0.2652617793471633,0.43394505605173145,25,30,10
19,1142,0.1016906987685958,0.19909561565269057,0.26526177718340316,0.43395190839530706,25,30,10
19,1143,0.10168768743603485,0.19909561565268227,0.26991932693906756,0.42929736997221185,25,30,10
19,1144,0.10167971803285597,0.19910360744576708,0.2699193045564278,0.42929736996494566,25,30,10
19,1145,0.10167959279095905,0.1999449059927972,0.2690781312520215,0.4292973699642188,25,30,10
19,1146,0.10167866254010588,0.1999535964325475,0.2690703710755207,0.42929736995182266,25,30,10
19,1147,0.10167174211097489,0.19995359643251187,0.2690703675636213,0.4293042938928893,25,30,10
19,1148,0.10167260018238738,0.19995359643252048,0.26907036863161315,0.4293034347534767,25,30,10
19,1149,0.10190884103076694,0.19971748822777605,0.26907023555919934,0.42930343518225583,25,30,10
19,1150,0.10141900177455154,0.19971748822770075,0.26938104394338264,0.4294824660543629,25,30,10
19,1151,0.10142592045172466,0.19971748822774413,0.26472569794593737,0.4341308933745916,25,30,10
19,1152,0.10112570775230212,0.1997152573295089,0.25914022479917365,0.4400188101190136,25,30,10
19,1153,0.10082294704752005,0.20050696151843345,0.2586512918781992,0.440018799555845,25,30,10
19,1154,0.10082294734546164,0.20050708958383648,0.25865116351965733,0.4400187995510422,25,30,10
19,1155,0.10081609098894133,0.2005069650631665,0.25865814440938,0.44001879953850875,25,30,10
19,1156,0.10080074091067806,0.1997011668838302,0.25947929266836456,0.44001879953712475,25,30,10
19,1157,0.10103701594684916,0.20050244066917874,0.2584417434281655,0.44001879995580345,25,30,10
19,1158,0.10127430491738218,0.20050244067142098,0.25844193655657466,0.43978131785461905,25,30,10
19,1159,0.10127032806981909,0.20050244067137657,0.2584397321674778,0.43978749909132303,25,30,10
19,1160,0.11719656775512244,0.20050238882414465,0.24251357969942586,0.4397874637213035,25,30,10
19,1161,0.11719560847244766,0.20050238882412916,0.2425135789121004,0.4397884237913195,25,30,10
19,1162,0.11695931614985289,0.19970111495338916,0.24355114553445875,0.4397884233622974,25,30,10
19,1163,0.11695234318264934,0.19970111495335363,0.2435445392711964,0.4398020025927994,25,30,10
19,1164,0.11695237140883416,0.19969334970691324,0.24355227628742512,0.43980200259682645,25,30,10
19,1165,0.11664897627147033,0.19969337936641107,0.24385564179464825,0.4398020025674685,25,30,10
19,1166,0.11664911397048777,0.19969337936642936,0.2438556431012325,0.43980186356184847,25,30,10
19,1167,0.11664911396820876,0.19969337936642936,0.24385564307613514,0.4398018635892249,25,30,10
19,1168,0.11664906162376135,0.19969337936641185,0.24385564330512094,0.4398019157047041,25,30,10
19,1169,0.11670704233213818,0.19969337936852632,0.2405248886983883,0.44307468960094487,25,30,10
19,1170,0.11670702606950747,0.19969337936852585,0.24052488872134525,0.443074705840619,25,30,10
19,1171,0.11647080027597329,0.19993001673950275,0.24052447756788023,0.44307470541664107,25,30,10
19,1172,0.11685979761757548,0.21991509714256638,0.22015038929989725,0.4430747159399586,25,30,10
19,1173,0.11685972906019818,0.21991509714255777,0.22015039010863355,0.4430747836886082,25,30,10
19,1174,0.11686270925291149,0.2199119354656411,0.22015057159746781,0.4430747836839774,25,30,10
19,1175,0.11709604873964333,0.21991193546571344,0.22015069279827215,0.4428413229963696,25,30,10
19,1176,0.11710216751910214,0.2199119354668305,0.22622117498767,0.4367647220263954,25,30,10
19,1177,0.11709918845338786,0.21991193546682225,0.226221180505345,0.4367676955744432,25,30,10
19,1178,0.11710014868443099,0.21991193546684606,0.2262211834110287,0.4367667324376931,25,30,10
19,1179,0.11710092989124567,0.21991193545643603,0.226220403492879,0.4367667311594381,25,30,10
19,1180,0.11710307536560004,0.21991193545641097,0.22622042216482544,0.43676456701316235,25,30,10
19,1181,0.1168605567954678,0.21991190506420857,0.2264629733240996,0.4367645648162229,25,30,10
19,1182,0.10168882855543288,0.219911905910788,0.24160653242205332,0.436792733111724,25,30,10
19,1183,0.10169184153973737,0.21990890148136163,0.24160652385751902,0.43679273312138117,25,30,10
19,1184,0.11687541465850723,0.21990890059644763,0.2264511217313629,0.4367645630136822,25,30,10
19,1185,0.0962213790878063,0.2199089137770272,0.24709761380763764,0.43677209332752653,25,30,10
19,1186,0.09622141544987832,0.2199089137770358,0.24709761363205268,0.436772057141031,25,30,10
19,1187,0.09622140073620225,0.21990874326747967,0.24709779885753347,0.4367720571387828,25,30,10
19,1188,0.09598991743185181,0.2199087432674693,0.24709768104431998,0.4370036582563573,25,30,10
19,1189,0.09599302624808738,0.21990873882817583,0.24709457666523046,0.43700365825850646,25,30,10
19,1190,0.09599313092808785,0.21990873882819342,0.24709465428498706,0.43700347595873196,25,30,10
19,1191,0.0959933459581287,0.219908738828176,0.2470946814289653,0.43700323378473027,25,30,10
19,1192,0.09599327618607231,0.21990873882817577,0.24709468209179777,0.4370033028939542,25,30,10
19,1193,0.09600233265282315,0.21990873882917353,0.2410243646009745,0.4430645639170278,25,30,10
19,1194,0.0956123724626921,0.23991188364856922,0.22141119049969712,0.4430645533890409,25,30,10
19,1195,0.09561322384940293,0.23991188364869234,0.22141118191649167,0.4430637105854127,25,30,10
19,1196,0.09559804675406261,0.23991188364657756,0.23537695467080105,0.429113114928559,25,30,10
19,1197,0.09610452818897462,0.23991188374971886,0.23487046873122724,0.42911311933008006,25,30,10
19,1198,0.09559131676767127,0.23991188801070057,0.23538368029903584,0.42911311492259313,25,30,10
19,1199,0.09559823151343723,0.24070385433558808,0.23458479922358508,0.4291131149273879,25,30,10
19,1200,0.09560124427367361,0.24067862108446203,0.2346070197144833,0.42911311492737925,25,30,10
19,1201,0.09560340378882774,0.24067862108442933,0.23461361722150734,0.4291043579052338,25,30,10
19,1202,0.09557476437545867,0.24067862135646226,0.22438691162589972,0.439359702642178,25,30,10
19,1203,0.09494488315508193,0.24067862134449589,0.22501679571166322,0.4393596997887576,25,30,10
19,1204,0.09493972608718257,0.24067862134442183,0.22501018598663727,0.4393714665817569,25,30,10
19,1205,0.09494074425759423,0.24067862134435086,0.22501017993948708,0.4393704544585667,25,30,10
19,1206,0.09494170742644568,0.24067801982518158,0.22500981828267022,0.4393704544657014,25,30,10
19,1207,0.0949387111235323,0.24067801982517242,0.22500981668377354,0.43937345236752096,25,30,10
19,1208,0.09491776291807649,0.24067801955646265,0.2387408657184835,0.42566335180697606,25,30,10
19,1209,0.09491788883766228,0.24067801955643697,0.23874086471702488,0.4256632268888747,25,30,10
19,1210,0.09491491003116696,0.2406780195564286,0.23874086354885546,0.42566620686354795,25,30,10
19,1211,0.09988343596241692,0.24067801975057268,0.2337723539000927,0.4256661903869181,25,30,10
19,1212,0.07170164638553413,0.24094398779850604,0.26168601367018796,0.42566835214577375,25,30,10
19,1213,0.0716944743587853,0.24094398779846254,0.2616859806350558,0.4256755572076981,25,30,10
19,1214,0.09356174519766627,0.240678020695385,0.24008680098161417,0.4256734331253363,25,30,10
19,1215,0.09356598174477465,0.24067802080263767,0.24008255029713874,0.4256734471554491,25,30,10
19,1216,0.09356610334999493,0.24067802080265538,0.24008254907921397,0.4256733267681357,25,30,10
19,1217,0.09356612174011644,0.24067802080265666,0.2400825496685082,0.4256733077887187,25,30,10
19,1218,0.09356910272028218,0.2406780208026654,0.24008255068856563,0.4256703257884867,25,30,10
19,1219,0.09333479282171563,0.24067802080043144,0.24008896121762444,0.4258982251602291,25,30,10
19,1220,0.09334315908358834,0.24067802080625994,0.24008059493723355,0.4258982251729185,25,30,10
19,1221,0.09339823466315575,0.2406780208063334,0.24008287179832483,0.4258408727321866,25,30,10
19,1222,0.09340119716567243,0.24067802080634038,0.2400828728018806,0.4258379092261071,25,30,10
19,1223,0.09339820111364229,0.24068101854919113,0.24008287112084634,0.42583790921632053,25,30,10
19,1224,0.09359828188252518,0.2517337537118511,0.22882982581365627,0.4258381385919682,25,30,10
19,1225,0.0935984218193224,0.25001576500468375,0.23054767458371767,0.4258381385922771,25,30,10
19,1226,0.09354034961816592,0.2500157650046019,0.23054539760994008,0.42589848776729305,25,30,10
19,1227,0.09354036845140166,0.25001576500461126,0.23054539857313716,0.4258984679708508,25,30,10
19,1228,0.0935472873895249,0.250015765004646,0.23054540086178538,0.42589154674404484,25,30,10
19,1229,0.09355026426982807,0.2500157650046455,0.2305454000040341,0.4258885707214935,25,30,10
19,1230,0.09355411732444774,0.250019207249381,0.23053810468267952,0.4258885707434932,25,30,10
19,1231,0.0989896663466021,0.2500192060709884,0.22510259616517064,0.4258885314172404,25,30,10
19,1232,0.09898789128977023,0.24922723760204593,0.22589633961916358,0.4258885314890225,25,30,10
19,1233,0.09898773536310879,0.25094524744815294,0.22417848569994203,0.42588853148879835,25,30,10
19,1234,0.09877912773732621,0.2798781164314161,0.1954544537381297,0.42588830209312867,25,30,10
19,1235,0.09877996759052637,0.27987811643381694,0.19545194778300487,0.42588996819265007,25,30,10
19,1236,0.09877311734292686,0.27987811643379107,0.1954519454438326,0.42589682077944774,25,30,10
19,1237,0.09877321003298717,0.27988576031642587,0.19544420887745967,0.4258968207731237,25,30,10
19,1238,0.09877108970028811,0.2798878681372195,0.19544422138464493,0.4258968207778438,25,30,10
19,1239,0.09877398043823822,0.2798878681372195,0.19544422135538977,0.42589393006914894,25,30,10
19,1240,0.09877385972886601,0.2798878681372021,0.19544413810344813,0.42589413403048015,25,30,10
19,1241,0.11939243537179481,0.27988787380800706,0.17483299563016577,0.42588669519002864,25,30,10
19,1242,0.1193922405688631,0.2798876765192856,0.174833387719516,0.42588669519233163,25,30,10
19,1243,0.1193891916060581,0.27989036507063386,0.17483374813113933,0.4258866951921648,25,30,10
19,1244,0.11939237940439418,0.27989036507063497,0.17483374925270262,0.42588350627226407,25,30,10
19,1245,0.11938943697605887,0.2798903650706346,0.17483378918433817,0.42588640876896433,25,30,10
19,1246,0.11939635681472714,0.279883254920559,0.1748339794885658,0.4258864087761446,25,30,10
19,1247,0.11938761143958969,0.27988325492109545,0.17484272499401143,0.42588640864530036,25,30,10
19,1248,0.11939054015567192,0.279883254921078,0.174842724252346,0.42588348067090115,25,30,10
19,1249,0.11939034445001712,0.27988325492108546,0.17484272395082046,0.4258836766780748,25,30,10
19,1250,0.1193904145278215,0.27988356647728524,0.1748423423096777,0.42588367668521343,25,30,10
19,1251,0.11939918183774494,0.2798835664720387,0.17483357743991937,0.42588367425029555,25,30,10
19,1252,0.11939221122429837,0.2798907374816702,0.17483337705087393,0.425883674243156,25,30,10
19,1253,0.1193921739518443,0.2798907374816617,0.17483333801372689,0.4258837505527655,25,30,10
19,1254,0.11939231352973931,0.2798907374816801,0.17482681776040587,0.42589013122817365,25,30,10
19,1255,0.11939212080552586,0.2798907374816876,0.17482681676979056,0.4258903249429949,25,30,10
19,1256,0.11939212084601052,0.2798901850175734,0.1748273691933745,0.4258903249430406,25,30,10
19,1257,0.11969366763756568,0.27989018505294616,0.1745257316448852,0.42589041566460134,25,30,10
19,1258,0.11909198975387597,0.27989018505469204,0.17512740937162088,0.42589041581980835,25,30,10
19,1259,0.11909395232381366,0.2798901850548159,0.17512750241981836,0.42588836020154935,25,30,10
19,1260,0.11909100814567596,0.2798901850548157,0.17512750186662754,0.425891304932878,25,30,10
19,1261,0.11909095529886518,0.2798902306063159,0.17512750915951383,0.4258913049353025,25,30,10
19,1262,0.1190910086977695,0.27945409245582487,0.17556359391361895,0.42589130493278404,25,30,10
19,1263,0.11908915132691232,0.27945409245575575,0.17556350336642407,0.4258932528509051,25,30,10
19,1264,0.1190810146551437,0.27945546304167423,0.17556543014011664,0.42589809216306324,25,30,10
19,1265,0.11907414507109695,0.27947688984072394,0.1755508729470727,0.425898092141104,25,30,10
19,1266,0.1190761769038201,0.279476889840707,0.17555087074796888,0.42589606250750217,25,30,10
19,1267,0.11907321965055112,0.27947688984070695,0.17555095258470121,0.4258989379240388,25,30,10
19,1268,0.11907614609524377,0.27947688984065233,0.17555094904232202,0.4258960150217799,25,30,10
19,1269,0.1200236157012867,0.27947688990614095,0.1746029850939598,0.42589650929861095,25,30,10
19,1270,0.12001997756313332,0.27947688990694564,0.17460662329929044,0.42589650923062694,25,30,10
19,1271,0.1200190328018105,0.27947801855316745,0.1746064394213617,0.425896509223657,25,30,10
19,1272,0.12045642518008062,0.2794780901510182,0.17416896954916514,0.4258965151197331,25,30,10
19,1273,0.12045735261099835,0.27947809015105307,0.1741690065570839,0.42589555068086166,25,30,10
19,1274,0.12045830013447853,0.27946262093070406,0.17418352824693567,0.4258955506878786,25,30,10
19,1275,0.12045830069957215,0.2794627796109987,0.17418336900154469,0.4258955506878812,25,30,10
19,1276,0.12056977023334023,0.27891263917942344,0.1746220085126392,0.4258955820745938,25,30,10
19,1277,0.10373043376772097,0.27891269188321827,0.19145152379346012,0.4259053505555975,25,30,10
19,1278,0.10372829788178814,0.2789126918832444,0.1914514836381237,0.4259075265968405,25,30,10
19,1279,0.10372894956684328,0.27890428802277706,0.1914592357117608,0.4259075266986162,25,30,10
19,1280,0.10378807087909431,0.2789042880249639,0.19145940831529695,0.42584823278064243,25,30,10
19,1281,0.09898727912506805,0.2789042692652404,0.19626030858434387,0.4258481430253452,25,30,10
19,1282,0.13012014263384294,0.2789028985693011,0.16513535040035165,0.4258416083965036,25,30,10
19,1283,0.13896821563050182,0.27890289860458845,0.1562872767856631,0.42584160897924567,25,30,10
19,1284,0.1389807024702759,0.2789032445394782,0.15627444399692883,0.425841608993317,25,30,10
19,1285,0.13869202321575558,0.27890324453896603,0.15656311473340745,0.4258416175118708,25,30,10
19,1286,0.13903986543065996,0.2789720200723187,0.15614652807243165,0.42584158642458936,25,30,10
19,1287,0.13904680051753723,0.2789426794374419,0.15616893361587902,0.42584158642914155,25,30,10
19,1288,0.14388132080044858,0.27894267934976136,0.15133441463709796,0.4258415852126917,25,30,10
19,1289,0.16051889278961948,0.278942626600257,0.13470715686978044,0.42583132374034266,25,30,10
19,1290,0.1604568290576007,0.2789426265980703,0.13470710216173254,0.42589344218259606,25,30,10
19,1291,0.16045991095096818,0.2789426265980896,0.13471370598726787,0.4258837564636741,25,30,10
19,1292,0.17015976112248446,0.27894262656302776,0.12501394580619446,0.42588366650829296,25,30,10
19,1293,0.1702800298521465,0.27894255514533767,0.124893754094665,0.42588366090785035,25,30,10
19,1294,0.1702801523920089,0.27937796903271883,0.12445821764545356,0.42588366092981794,25,30,10
19,1295,0.1362630370157315,0.27937994930232596,0.15847326797687936,0.4258837457050621,25,30,10
19,1296,0.13626097022232908,0.27935028839564435,0.15850499567140347,0.4258837457106223,25,30,10
19,1297,0.13625802560429748,0.27935028839564435,0.15850499426224046,0.4258866917378172,25,30,10
19,1298,0.13625707838912152,0.2793650188827402,0.1584912109972072,0.42588669173093124,25,30,10
19,1299,0.13625714736195849,0.2793650188827494,0.1584911762611919,0.4258866574941002,25,30,10
19,1300,0.13625714599911665,0.278797209259325,0.15905898725787782,0.4258866574836806,25,30,10
19,1301,0.13625709427853183,0.2787972092593163,0.14509308825028858,0.43985260821186356,25,30,10
19,1302,0.13625707819543975,0.27939676307248695,0.1444935505202448,0.4398526082118289,25,30,10
19,1303,0.13639974277897712,0.27939659223394614,0.1443510556020962,0.4398526093849797,25,30,10
19,1304,0.13640659304874359,0.27939659223397195,0.14435097691398427,0.43984583780329933,25,30,10
19,1305,0.13640273932214286,0.27941511821136134,0.14433630466787953,0.43984583779861575,25,30,10
19,1306,0.13666623057767485,0.2794151181767976,0.14407282253942924,0.4398458287060979,25,30,10
19,1307,0.13666623027877983,0.2794151181767975,0.14407282179652794,0.43984582974789455,25,30,10
19,1308,0.13667033173678445,0.27941511817680015,0.14407284787543875,0.4398417022109764,25,30,10
19,1309,0.13667033328413905,0.27941511817680054,0.1440728478756824,0.4398417006633775,25,30,10
19,1310,0.13667338115473543,0.27941261313878896,0.14407230504318502,0.43984170066329,25,30,10
19,1311,0.13667280511098295,0.27880733881023323,0.14467815552160468,0.43984170055717925,25,30,10
19,1312,0.1362164916659688,0.2401056130510191,0.18383619502505832,0.439841700257953,25,30,10
19,1313,0.1362164765545845,0.24010561305101027,0.18383619582062954,0.4398417145737753,25,30,10
19,1314,0.1362144249456345,0.24010561305106315,0.18383619959071237,0.4398437624125899,25,30,10
19,1315,0.13621129032777746,0.24010561305103578,0.18382959420452114,0.4398535024166657,25,30,10
19,1316,0.13621034572762422,0.240105613050992,0.18382959055518608,0.43985445066619777,25,30,10
19,1317,0.13651138773187316,0.2401062763021542,0.1833480539456806,0.44003428202028944,25,30,10
19,1318,0.13672314951300016,0.24067019229646175,0.1825723609125569,0.4400342972779787,25,30,10
19,1319,0.13672614304956693,0.24067019229647002,0.18257247692038114,0.44003118773357924,25,30,10
19,1320,0.13145787603373305,0.24066821201424357,0.18774567848075993,0.44012823347125923,25,30,10
19,1321,0.12140862972796772,0.24066821210058315,0.19779492474065605,0.44012823343078855,25,30,10
19,1322,0.1398057633404177,0.24066821284023354,0.17939735730897793,0.4401286665103663,25,30,10
19,1323,0.13980564408150434,0.24067552392494132,0.17939016548317688,0.4401286665103728,25,30,10
19,1324,0.1388147276191591,0.24067871576607058,0.18037778323284684,0.44012877338191864,25,30,10
19,1325,0.16037255412888676,0.24067871495127405,0.1588203903007041,0.4401283406191314,25,30,10
19,1326,0.1603695919490619,0.24067871495126592,0.15882039202796483,0.44013130107170356,25,30,10
19,1327,0.16037257278901762,0.24067701600346741,0.15881911013359148,0.44013130107391985,25,30,10
19,1328,0.16036451364332444,0.24067701600351069,0.158825689387093,0.44013278096606845,25,30,10
19,1329,0.1603675087314299,0.24067701600351948,0.15882565095401277,0.44012982431103437,25,30,10
19,1330,0.1603705434509783,0.24128731572640638,0.15821231650700995,0.44012982431560166,25,30,10
19,1331,0.1465279533766558,0.2412841301241704,0.17205532682474656,0.4401325896744231,25,30,10
19,1332,0.14640984780716765,0.24128413012291353,0.17217343246661457,0.44013258960329993,25,30,10
19,1333,0.14640986887585433,0.24128397468901064,0.17217356682663998,0.44013258960849133,25,30,10
19,1334,0.15955769890666927,0.24128396956508297,0.15902798952310548,0.4401303420051388,25,30,10
19,1335,0.15955769919130033,0.24128396956508325,0.15902798954436748,0.4401303416992459,25,30,10
19,1336,0.1595575220042077,0.24128470471382893,0.15902743160237626,0.44013034167958415,25,30,10
19,1337,0.1611866815661676,0.2412847039544044,0.15739638317599347,0.4401322313034314,25,30,10
19,1338,0.16080231479270168,0.2412847142290607,0.15778071207472524,0.44013225890350927,25,30,10
19,1339,0.16080543221480717,0.2412847142290611,0.1577807950717563,0.4401290584843728,25,30,10
19,1340,0.16080537929485372,0.241284714229052,0.15778079446175056,0.44012911201434085,25,30,10
19,1341,0.16080636114439703,0.24128471422909625,0.1577807981167871,0.4401281265097168,25,30,10
19,1342,0.16080637816894622,0.2412847142291055,0.15778080022562438,0.440128107376321,25,30,10
19,1343,0.12549496300146484,0.24128471473398733,0.1930922066730205,0.4401281155915253,25,30,10
19,1344,0.1251275804882942,0.24072062164141858,0.1940236983284972,0.44012809954178844,25,30,10
19,1345,0.1251274725468892,0.24072062765977212,0.19402380065047634,0.4401280991428607,25,30,10
19,1346,0.1245954136146819,0.24072210542542127,0.19465135099986433,0.4400311299600289,25,30,10
19,1347,0.12460140451060812,0.2407161166551037,0.19465134886945143,0.4400311299648331,25,30,10
19,1348,0.12459741801073293,0.2407203839596168,0.19465106806980642,0.4400311299598401,25,30,10
19,1349,0.12459748777395963,0.24072038395963483,0.1946510679246728,0.4400310603417293,25,30,10
19,1350,0.12384225229027665,0.24072038530747036,0.19540828986377448,0.44002907253847456,25,30,10
19,1351,0.12384223477887453,0.24072038530747006,0.1954081746607083,0.4400292052529434,25,30,10
19,1352,0.12384242449157506,0.21490636259517873,0.22122200766026304,0.4400292052529795,25,30,10
19,1353,0.12384809837459564,0.2141156007687607,0.22200709544741223,0.44002920540922924,25,30,10
19,1354,0.12384819878028211,0.21411560077192401,0.2220070981026152,0.44002910234517634,25,30,10
19,1355,0.12384522000094429,0.21411802674147534,0.2220076509146971,0.440029102342881,25,30,10
19,1356,0.1238430205213724,0.21410364534427845,0.21844113643700067,0.4436121976973462,25,30,10
19,1357,0.12384308811570488,0.21410364534428805,0.21844125299833433,0.44361201354167057,25,30,10
19,1358,0.12383990070979448,0.23992102757255077,0.19262705817606562,0.44361201354158597,25,30,10
19,1359,0.12384000772046345,0.239920711228346,0.19262726751183534,0.44361201353935215,25,30,10
19,1360,0.12383799253988224,0.23992071122831868,0.19262066348319334,0.443620632748603,25,30,10
19,1361,0.12383490730195477,0.21117485302055844,0.22136960691197355,0.44362063276551084,25,30,10
19,1362,0.12383588736825774,0.21117404744703905,0.22136943241208865,0.4436206327726122,25,30,10
19,1363,0.1238328911528643,0.23931629994211248,0.19323017615184226,0.44362063275317815,25,30,10
19,1364,0.12383580016362278,0.23931323627985052,0.19323033079603355,0.4436206327604904,25,30,10
19,1365,0.12406608923486007,0.2393132362767872,0.19323032257263584,0.4433903519157142,25,30,10
19,1366,0.11952750788843967,0.23931323576790284,0.19776877715057545,0.4433904791930803,25,30,10
19,1367,0.11952654261928837,0.2393132357678589,0.1977687744826924,0.4433914471301591,25,30,10
19,1368,0.11952556049819739,0.23931323576780705,0.1977687373707384,0.4433924663632557,25,30,10
19,1369,0.11952254766035184,0.2393132357677974,0.19776861985553487,0.44339559671631434,25,30,10
19,1370,0.11951908266771402,0.23931306357608256,0.20135533137135508,0.43981252238484564,25,30,10
19,1371,0.11951908197480837,0.23931306474164743,0.201355330901117,0.43981252238242474,25,30,10
19,1372,0.11952107957953828,0.23992041500970118,0.20074598303305455,0.43981252237770435,25,30,10
19,1373,0.11952418106696137,0.23992041500972017,0.20074598698237192,0.4398094169409449,25,30,10
19,1374,0.11953117346305729,0.2399204150097753,0.2007460189911276,0.43980239253603803,25,30,10
19,1375,0.11953317193760454,0.23992041500973194,0.20074603091697021,0.4398003821356919,25,30,10
19,1376,0.11953515060030372,0.2399204150098121,0.20074603829649362,0.43979839609338894,25,30,10
19,1377,0.1195361715284314,0.2398970671833947,0.20076836519256078,0.43979839609561083,25,30,10
19,1378,0.11953513781193528,0.23989706718344736,0.2007683702226569,0.43979942478195816,25,30,10
19,1379,0.1196544167850841,0.23989706741552716,0.20064905683071518,0.4397994589686715,25,30,10
19,1380,0.11965545052273317,0.2398970674154749,0.20064905042793513,0.43979843163385474,25,30,10
19,1381,0.11965252410140233,0.2399004158546732,0.20064862841006836,0.4397984316338542,25,30,10
19,1382,0.11954287334298767,0.23989893791933423,0.2007599190197066,0.439798269717969,25,30,10
19,1383,0.11931241528272939,0.23989893791923375,0.20075984303383393,0.44002880376420045,25,30,10
19,1384,0.11930948666121326,0.23989893791924186,0.2007597881280654,0.4400317872914769,25,30,10
19,1385,0.11931251834828598,0.2398960562720797,0.20075963808819572,0.4400317872914361,25,30,10
19,1386,0.11981859219977978,0.23989604599926026,0.2002536019252774,0.4400317598756802,25,30,10
19,1387,0.11949098558801254,0.23989538274783795,0.20076170386613573,0.43985192779801197,25,30,10
19,1388,0.11899652347172834,0.23989538256789827,0.20125620038435182,0.43985189357602017,25,30,10
19,1389,0.11899952023520356,0.2398953825679061,0.2012561179588301,0.4398489792380591,25,30,10
19,1390,0.11901552012263679,0.2398716462800919,0.20126385392635993,0.4398489796709104,25,30,10
19,1391,0.1190125408063381,0.2398716462801094,0.20126385477340533,0.43985195814014616,25,30,10
19,1392,0.11900743769268933,0.23988442519581132,0.2012561793946836,0.43985195771681473,25,30,10
19,1393,0.11900344243842871,0.2398844251957479,0.20125614677308207,0.4398559855927403,25,30,10
19,1394,0.11900656254320781,0.2398844251957313,0.2012561470517884,0.4398528652092712,25,30,10
19,1395,0.11982947861942424,0.2398844235316265,0.20043375796794372,0.4398523398810044,25,30,10
19,1396,0.11982840938836467,0.23988588936265054,0.20043336135599366,0.4398523398929899,25,30,10
19,1397,0.08472977212673434,0.2398858894921636,0.23553195923409467,0.4398523791470062,25,30,10
19,1398,0.08490307547309364,0.23988588940552094,0.2352914948222996,0.4399195402990855,25,30,10
19,1399,0.08491007231380206,0.23988588940555636,0.23529149781025183,0.4399125404703893,25,30,10
19,1400,0.08491010897653047,0.23988588940556496,0.23529149607215183,0.43991250554575195,25,30,10
19,1401,0.08497113173320252,0.23988588998138827,0.23523047211450362,0.43991250617090316,25,30,10
19,1402,0.08496718655545898,0.2398858899813353,0.2352304703219438,0.4399164531412596,25,30,10
19,1403,0.08496718534166044,0.23988588998133484,0.2352304702765039,0.43991645440049854,25,30,10
19,1404,0.0849661863857114,0.2398858899812724,0.23523046320645272,0.4399174604265614,25,30,10
19,1405,0.08496616569556881,0.239885889981298,0.2352304630328466,0.43991748129028463,25,30,10
19,1406,0.08496513120696336,0.2398869278591349,0.23523045963392922,0.439917481299971,25,30,10
19,1407,0.084964992254971,0.2398869278590895,0.2352304557859709,0.43991762409996704,25,30,10
19,1408,0.0849769781052475,0.239886927859214,0.2352305467404547,0.4399055472950824,25,30,10
19,1409,0.0848710703569298,0.23988692786082733,0.23540121270152625,0.4398407890807154,25,30,10
19,1410,0.08486921571226386,0.2398869278607665,0.23540120736807196,0.4398426490588965,25,30,10
19,1411,0.08487206901363308,0.23988692786086285,0.2354012157742138,0.439839787351289,25,30,10
19,1412,0.08492577895138428,0.23988720625535415,0.23534734093842846,0.43983967385483247,25,30,10
19,1413,0.08492685640491443,0.23987563257364342,0.23535783717860453,0.43983967384283673,25,30,10
19,1414,0.0848723210415646,0.23987563251125504,0.23541237318017902,0.43983967326699897,25,30,10
19,1415,0.08480290419160104,0.23987563250742658,0.23548421375403505,0.43983724954693426,25,30,10
19,1416,0.0787760785479139,0.23987563301790515,0.24151097676906844,0.4398373116651104,25,30,10
19,1417,0.08111478184661072,0.2399285596745489,0.23907274314455546,0.4398839153342817,25,30,10
19,1418,0.08118656853981308,0.23985645381646298,0.23907306202144177,0.43988391562227913,25,30,10
19,1419,0.08118364230394638,0.2398564538164823,0.23907534374506945,0.43988456013449906,25,30,10
19,1420,0.08118397432166122,0.239856453816476,0.23907534591321972,0.4398842259486406,25,30,10
19,1421,0.0811809953978824,0.23985958766180449,0.23907519099668584,0.43988422594362525,25,30,10
19,1422,0.11926726609159127,0.2017729279238475,0.23907558003536078,0.43988422594919846,25,30,10
19,1423,0.11926680115311596,0.2017729279193865,0.2390760455881821,0.4398842253393135,25,30,10
19,1424,0.11927797598821815,0.2017729279193877,0.2390738693574654,0.43987522673492685,25,30,10
19,1425,0.11264071114082935,0.2017200010600467,0.24581070537445956,0.4398285824246624,25,30,10
19,1426,0.11263873281788672,0.2017200010599846,0.24581069992916316,0.4398305661929638,25,30,10
19,1427,0.1127383710573188,0.20172000105997642,0.24581087242322283,0.43973075545948015,25,30,10
19,1428,0.11274447905011387,0.20172000112157787,0.24581099950087051,0.4397245203274359,25,30,10
19,1429,0.11274740469336915,0.20171706646629367,0.24581100850078574,0.4397245203395495,25,30,10
19,1430,0.11274738960253433,0.2017170664662845,0.24581100790222776,0.4397245360289515,25,30,10
19,1431,0.112739235577973,0.2017170664673373,0.24581095531027272,0.4397327426444153,25,30,10
19,1432,0.11274721932029877,0.20171706646760504,0.24573580087133318,0.43979991334076124,25,30,10
19,1433,0.11274615073521209,0.20171706646766743,0.24573580638357023,0.43980097641354865,25,30,10
19,1434,0.11263447383237779,0.20171706646756,0.245735541600002,0.43991291810005867,25,30,10
19,1435,0.11263752464994278,0.20171706646758344,0.24574214589196267,0.43990326299050947,25,30,10
19,1436,0.11429283287423778,0.1998159227500182,0.24598792965551053,0.4399033147202326,25,30,10
19,1437,0.11428487954784931,0.19982406955846366,0.2459877361782128,0.4399033147154735,25,30,10
19,1438,0.11692446773598063,0.19989214452981233,0.2432447540740143,0.43993863366019226,25,30,10
19,1439,0.11692147044691334,0.19989214452980356,0.2432470327400354,0.43993935228324715,25,30,10
19,1440,0.11693253037499568,0.19989214452988555,0.24324704152963325,0.4399282835654856,25,30,10
19,1441,0.11314523981659598,0.1998921441063528,0.24703438212977047,0.4399282339472809,25,30,10
19,1442,0.1131453279002041,0.19989165992796157,0.24703477823896425,0.43992823393287056,25,30,10
19,1443,0.11314238360517727,0.19989165992796173,0.24703480670620798,0.43993114976065273,25,30,10
19,1444,0.11314248195912556,0.19945316750938813,0.24747320077067333,0.4399311497608127,25,30,10
19,1445,0.1131422018719188,0.19945316750938577,0.24747319849280258,0.439931432125893,25,30,10
19,1446,0.11858223712969818,0.1994531672316465,0.24203321921472573,0.4399313764239297,25,30,10
19,1447,0.11858231410415518,0.1994634552660003,0.24202285419634514,0.43993137643349983,25,30,10
19,1448,0.11857609792454832,0.19946345520441666,0.24202272586925028,0.43993772100178513,25,30,10
19,1449,0.11858343990674836,0.19948354713152816,0.24199529195091096,0.43993772101081136,25,30,10
19,1450,0.1552355290689879,0.19941547173587346,0.20544657807869515,0.4399024211164447,25,30,10
19,1451,0.15523767258542892,0.1994154717358475,0.20544660554886632,0.4399002501298587,25,30,10
19,1452,0.12440472190002934,0.19941549206481046,0.23596788599506563,0.44021190004009614,25,30,10
19,1453,0.12440072222293744,0.19941549206475578,0.2359678819228218,0.4402159037894864,25,30,10
19,1454,0.12440088988386494,0.19938372736185897,0.23599947896935447,0.4402159037849229,25,30,10
19,1455,0.1244087203625096,0.17063161409214878,0.2647437566839552,0.4402159088613864,25,30,10
19,1456,0.12440857385731176,0.17063161409108407,0.2647437864119248,0.4402160256396789,25,30,10
19,1457,0.12440247594095806,0.17063161409108393,0.2647437869946457,0.44022212297331187,25,30,10
19,1458,0.1250235679883695,0.17063161421737064,0.26412267729971783,0.4402221404945417,25,30,10
19,1459,0.12521660860226158,0.17063161421979378,0.23024880912969098,0.47390296804825316,25,30,10
19,1460,0.12521660983393945,0.17063161421979395,0.2302488091256296,0.47390296682063643,25,30,10
19,1461,0.12522991320559482,0.17061222617389127,0.23025489378849895,0.47390296683201394,25,30,10
19,1462,0.12523110898943424,0.17061222617394628,0.23025489621900114,0.473901768617617,25,30,10
19,1463,0.12522112513344866,0.19936607503134243,0.20151103629660194,0.4739017635386053,25,30,10
19,1464,0.12521812770547588,0.1993660750313509,0.20151103644806612,0.47390476081510546,25,30,10
19,1465,0.12521593325580954,0.1993660750312607,0.20151102847715394,0.47390696323577425,25,30,10
19,1466,0.12519733747706122,0.19936537113646793,0.20153032817586145,0.4739069632106078,25,30,10
19,1467,0.1251983381787652,0.1993653711363883,0.20153348344286182,0.4739028072419832,25,30,10
19,1468,0.1251983913565907,0.19936537113636493,0.20152688161704735,0.4739093558899956,25,30,10
19,1469,0.12519323521475548,0.19936537550546823,0.20153203354610977,0.47390935573366655,25,30,10
19,1470,0.09631434284378985,0.19936585400970028,0.23040831121022567,0.47391149193628224,25,30,10
19,1471,0.09631154674176354,0.19936584779159539,0.2304111135273623,0.47391149193927684,25,30,10
19,1472,0.0963095322688884,0.19936584779163014,0.23041111657434732,0.4739135033651326,25,30,10
19,1473,0.09630634444881797,0.19936584779162916,0.2304111161552928,0.47391669160425903,25,30,10
19,1474,0.09630935801925666,0.1993658477916559,0.23040883939155904,0.47391595479752746,25,30,10
19,1475,0.09630935985456768,0.19936584779170022,0.23041042344977491,0.47391436890395594,25,30,10
19,1476,0.09630729381074035,0.19936609220374027,0.23041224508198443,0.47391436890353345,25,30,10
19,1477,0.09615421665415785,0.19936609369406302,0.23056528863209289,0.4739144010196852,25,30,10
19,1478,0.09615415598690272,0.19939774555407058,0.23053369743945068,0.47391440101957455,25,30,10
19,1479,0.09615578603245285,0.19940825960887806,0.23052155324342735,0.4739144011152404,25,30,10
19,1480,0.09595382835586594,0.19940825960616063,0.22448276408768095,0.4801551479502917,25,30,10
19,1481,0.09595675219288373,0.199408259606294,0.22448285697359446,0.480152131227227,25,30,10
19,1482,0.09595665350692928,0.19984715668261205,0.22404405858339183,0.4801521312270662,25,30,10
19,1483,0.0959556801128498,0.19987059365865775,0.22402159500879745,0.48015213121969397,25,30,10
19,1484,0.09085287716531887,0.19987057334498304,0.22943597512430197,0.4798405743653937,25,30,10
19,1485,0.09085196426949932,0.1998705733449572,0.22943597418914674,0.47984148819639477,25,30,10
19,1486,0.09084908862601603,0.19987057334496597,0.229432895284436,0.47984744274458,25,30,10
19,1487,0.12018129498112795,0.19987009486700816,0.2001033004001908,0.47984530975167133,25,30,10
19,1488,0.11486558791758919,0.19987010027077454,0.2054184670373841,0.4798458447742505,25,30,10
19,1489,0.11486269803531797,0.19987010027139157,0.20541851130309133,0.4798486903901975,25,30,10
19,1490,0.11486669061022886,0.19986610407693423,0.205418514917879,0.4798486903949566,25,30,10
19,1491,0.11486366978261114,0.19986610407692496,0.20541856688757362,0.47985165925288903,25,30,10
19,1492,0.11478995573286362,0.198222157746227,0.20713622756769973,0.4798516589532084,25,30,10
19,1493,0.12026034000404055,0.19822215204396199,0.20166639478534723,0.47985111316664897,25,30,10
19,1494,0.12026027243701344,0.19822215204395324,0.20167101362721943,0.4798465618918126,25,30,10
19,1495,0.12008243173573305,0.19823191911853844,0.20183911058531898,0.47984653856040943,25,30,10
19,1496,0.12009159962045038,0.19822187364197993,0.2018382938044721,0.47984823293309736,25,30,10
19,1497,0.12009158198256499,0.1982218736419906,0.2018382950955993,0.4798482492798451,25,30,10
19,1498,0.12320952674368259,0.19821134008236815,0.19873088320181537,0.47984824997213105,25,30,10
19,1499,0.12321646570895352,0.19821134008238456,0.19873088483306414,0.47984130937559494,25,30,10
19,1500,0.12322045972059083,0.1982113400824562,0.19873088597248575,0.47983731422446474,25,30,10
19,1501,0.12322045886682284,0.1982113400824731,0.19873088673043,0.47983731432027155,25,30,10
19,1502,0.12322031608337303,0.1982113400824451,0.19873088524579885,0.47983745858838056,25,30,10
19,1503,0.12322403893583722,0.19821169583711395,0.19872680662983677,0.47983745859720983,25,30,10
19,1504,0.12322093782196683,0.19821479699044,0.1987268065902968,0.47983745859729415,25,30,10
19,1505,0.12322404180433784,0.1982115614205283,0.19872693817791998,0.4798374585972118,25,30,10
19,1506,0.12323938368955592,0.19821156152385813,0.19871164607258998,0.47983740871399455,25,30,10
19,1507,0.12323933283477226,0.198211561523894,0.19871318863913,0.4798359170022024,25,30,10
19,1508,0.12326938577191533,0.19966413902739513,0.19714110145086836,0.4799253737498199,25,30,10
19,1509,0.12326938577172568,0.19966413902739513,0.19714110074951932,0.47992537445135847,25,30,10
19,1510,0.12326644269963817,0.1996641390273957,0.19714101831148892,0.47992839996147574,25,30,10
19,1511,0.12326452749701772,0.19966378966249304,0.19714328288563732,0.47992839995485037,25,30,10
19,1512,0.12372175358170151,0.20018393578939273,0.19616591037511644,0.4799284002537872,25,30,10
19,1513,0.12396222328459167,0.2001839357945731,0.1961661308276218,0.4796877100932111,25,30,10
19,1514,0.12396821361414928,0.2001784978774927,0.19616557841757004,0.47968771009078565,25,30,10
19,1515,0.12397919769587325,0.2001784978775551,0.19616718131176128,0.479675123114808,25,30,10
19,1516,0.12397923267209325,0.2001784978774312,0.19616708844870556,0.4796751810017676,25,30,10
19,1517,0.12305023588412628,0.20017849913796382,0.19709608179168497,0.4796751831862225,25,30,10
19,1518,0.12309095482070141,0.20017849969499513,0.1970549267339155,0.47967561875038633,25,30,10
19,1519,0.12309090252182825,0.20017849969498638,0.19705495506710125,0.4796756427160824,25,30,10
19,1520,0.12312863797961705,0.20017849967126936,0.19701731480865678,0.4796755475404509,25,30,10
19,1521,0.12313556454436454,0.2018895539054135,0.19529933400534752,0.4796755475448694,25,30,10
19,1522,0.12312958565528113,0.20189553104655908,0.19529933575320368,0.4796755475449511,25,30,10
19,1523,0.08420981634325382,0.20189552974983577,0.2335128502361304,0.48038180367077615,25,30,10
19,1524,0.08420773179739607,0.20189760474142687,0.23351285978571773,0.4803818036754556,25,30,10
19,1525,0.08387562749548189,0.20189760442921073,0.23455128760554048,0.47967548046976327,25,30,10
19,1526,0.08387862352368998,0.2018976044292195,0.234551289232461,0.47967248281462566,25,30,10
19,1527,0.08387774636116742,0.2018984779782379,0.23455129285072615,0.47967248280986474,25,30,10
19,1528,0.08387163216096115,0.2019046016962017,0.23455128333309327,0.4796724828097406,25,30,10
19,1529,0.08387469862915856,0.2019046016962395,0.2345528942481091,0.47966780542648946,25,30,10
19,1530,0.08383258101320616,0.20190460113930556,0.23459544799670748,0.47966736985077757,25,30,10
19,1531,0.08382527582679289,0.20190460120924558,0.23460272740916416,0.47966739555479393,25,30,10
19,1532,0.08382730760147947,0.20190257904295905,0.23460271780068404,0.4796673955548739,25,30,10
19,1533,0.08382933987126777,0.2019005398099459,0.23460272476144575,0.479667395557337,25,30,10
19,1534,0.0838323714743081,0.2019005398099455,0.23460272416199401,0.47966436455374856,25,30,10
19,1535,0.08383238715239814,0.201900539809919,0.23460109980137045,0.4796659732363088,25,30,10
19,1536,0.08383236956907204,0.20190053980990946,0.23460109903816442,0.4796659915828505,25,30,10
19,1537,0.08382544975810022,0.20190053980987444,0.2346010960251617,0.47967291440686033,25,30,10
19,1538,0.08382637683232438,0.201900539809909,0.23460110909588028,0.4796719742618849,25,30,10
19,1539,0.08377255742635548,0.20190053981754702,0.23465492510898125,0.4796719776471153,25,30,10
19,1540,0.08377252369539984,0.201900584457904,0.23465491420446813,0.479671977642227,25,30,10
19,1541,0.08377052422521808,0.2019005844579306,0.2346549161705437,0.4796739751463064,25,30,10
19,1542,0.04549707269893172,0.20190058327242902,0.27292836430691403,0.47967397972172404,25,30,10
19,1543,0.045496197179117986,0.20190058327242028,0.27292836361712863,0.4796748559313319,25,30,10
19,1544,0.045493254959042426,0.20190351526462919,0.27292837384256996,0.47967485593375725,25,30,10
19,1545,0.04549223728498446,0.20190452709568163,0.2729283796783473,0.4796748559409854,25,30,10
19,1546,0.04522019132928262,0.20190452714745194,0.27320037932023883,0.4796749022030238,25,30,10
19,1547,0.050831894816129826,0.20190453931724545,0.2675887033210944,0.47967486254552755,25,30,10
19,1548,0.050890637099655536,0.2019045393172996,0.2675904470497612,0.4796143765332808,25,30,10
19,1549,0.050890620367023916,0.20190453931724608,0.26758890279656816,0.47961593751915926,25,30,10
19,1550,0.05084391403173228,0.2019045393172758,0.26758721539586205,0.47966433125512736,25,30,10
19,1551,0.05061039984069172,0.2019045393114894,0.26758699163445293,0.47989806921336303,25,30,10
19,1552,0.05061041613186516,0.20190453260487232,0.2675869820498549,0.47989806921340467,25,30,10
19,1553,0.05063158829790584,0.2019045728198099,0.2675657726632362,0.479898066219045,25,30,10
19,1554,0.05063151817155877,0.20190457281978283,0.2675657716842192,0.4798981373244366,25,30,10
19,1555,0.050623668984404874,0.2019045728197124,0.26756414179523114,0.47990761640064933,25,30,10
19,1556,0.0506176786737577,0.20191056324954942,0.26756414167599624,0.4799076164006948,25,30,10
19,1557,0.05061372004858104,0.2019105632495238,0.2675641393089238,0.47991157739296936,25,30,10
19,1558,0.05015767776753452,0.20139041072655745,0.26854033440734304,0.4799115770985642,25,30,10
19,1559,0.049388292334621046,0.20139041065272617,0.26930972666104497,0.47991157035160675,25,30,10
19,1560,0.04951877921088891,0.20139041065484345,0.269179239469086,0.4799115706651781,25,30,10
19,1561,0.04968802214976997,0.2013904106580378,0.26900999593492075,0.4799115712572679,25,30,10
19,1562,0.049664479463871626,0.20139037043541586,0.2690335792243549,0.4799115708763538,25,30,10
19,1563,0.04966357246719899,0.20139037043539126,0.2690304871984076,0.47991556989899825,25,30,10
19,1564,0.04965845986406832,0.2013903704353346,0.2690305143417704,0.47992065535882295,25,30,10
19,1565,0.049603837766739635,0.1999377929349565,0.27062878542842234,0.4798295838698805,25,30,10
19,1566,0.04960185941384288,0.19993977735232765,0.27062877937351537,0.47982958386031366,25,30,10
19,1567,0.04960649458122639,0.19993977735242424,0.27062968977719354,0.47982403828915543,25,30,10
19,1568,0.049684370224586445,0.19993977735466772,0.27062988468410365,0.4797459677366414,25,30,10
19,1569,0.04960745884255324,0.199939777352459,0.27062980814530785,0.47982295565967925,25,30,10
19,1570,0.049611448730820816,0.19993977735250276,0.27062981179524054,0.47981896212143504,25,30,10
19,1571,0.049492494568870685,0.19993977735083576,0.2707487661157467,0.47981896196454565,25,30,10
19,1572,0.049492476975477075,0.19993977735081764,0.27074876679743237,0.4798189788762718,25,30,10
19,1573,0.04949231730077188,0.19996017741497454,0.27072852641289347,0.47981897887135966,25,30,10
19,1574,0.08652386314829523,0.19994039872175592,0.23371675853668453,0.4798189795932638,25,30,10
19,1575,0.08652600280198108,0.19993826139059778,0.2337167562164077,0.4798189795910131,25,30,10
19,1576,0.08935806708089832,0.199937640195968,0.23088529364117252,0.4798189990819608,25,30,10
19,1577,0.08935895974822346,0.19993635763356046,0.23088568353141756,0.4798189990867986,25,30,10
19,1578,0.0893700276915304,0.19993635763362771,0.23089039017070448,0.4798032245041369,25,30,10
19,1579,0.0893589597446953,0.19993635763356074,0.2308857220773625,0.47981896054438095,25,30,10
19,1580,0.08942981877358633,0.19993635763576928,0.23088602871332772,0.4797477948773167,25,30,10
19,1581,0.08942982067301619,0.19993577212890767,0.23088661232318264,0.4797477948748935,25,30,10
19,1582,0.08942784097406337,0.19993577212896146,0.23101179999692356,0.47962458690005155,25,30,10
19,1583,0.08942774784201955,0.1999358962991518,0.23101176895865183,0.4796245869001769,25,30,10
19,1584,0.08942974390930994,0.19993589629910719,0.23088657995896233,0.4797477798326205,25,30,10
19,1585,0.08942182653289357,0.19993589629900974,0.23088649045177306,0.4797557867163233,25,30,10
19,1586,0.08943181167933739,0.19993589629904507,0.23088637762683079,0.4797459143947861,25,30,10
19,1587,0.08943385137731735,0.19990279100967764,0.23091744322309005,0.47974591438991415,25,30,10
19,1588,0.08943782815811423,0.19990279100970393,0.2309174061483156,0.47974197468386515,25,30,10
19,1589,0.0894265718904838,0.19990279101477001,0.23092866207262233,0.47974197502212307,25,30,10
19,1590,0.08941964991971348,0.1999027910147439,0.23092865937403784,0.4797488996915039,25,30,10
19,1591,0.12209026035525669,0.199902779598065,0.1982580481260988,0.47974891192057834,25,30,10
19,1592,0.12209019049647228,0.199902779598065,0.19825804767350522,0.4797489822319562,25,30,10
19,1593,0.12208805045858845,0.19990450268627558,0.19825846461849939,0.4797489822366353,25,30,10
19,1594,0.12209126360158461,0.19990486418333217,0.19825488998827878,0.4797489822268024,25,30,10
19,1595,0.12208727094934511,0.19990486418329684,0.19825488692005852,0.47975297794729754,25,30,10
19,1596,0.12208935801857936,0.19988203717350966,0.19827562686516095,0.47975297794274835,25,30,10
19,1597,0.12370147727426996,0.2007639727289771,0.19578154922788213,0.479753000768869,25,30,10
19,1598,0.12369846347459854,0.20076397272895746,0.19577991271087505,0.47975765108556767,25,30,10
19,1599,0.12370159898134973,0.20076397272894947,0.19577991489620256,0.47975451339349684,25,30,10
19,1600,0.12370154070066552,0.20079548708668682,0.1957484588168202,0.4797545133958262,25,30,10
19,1601,0.12370451558542707,0.20079548708666808,0.19574683566578666,0.4797531616621166,25,30,10
19,1602,0.12369695455971375,0.20079548708658074,0.19574595444881474,0.4797616039048895,25,30,10
19,1603,0.12369439378717359,0.20079548697308686,0.19574853496931743,0.4797615842704208,25,30,10
19,1604,0.12368743880587632,0.20079548697306715,0.19574857518923722,0.47976849903181806,25,30,10
19,1605,0.12056693582800998,0.20079526214948806,0.19886930378317086,0.47976849823933,25,30,10
19,1606,0.12057072024477085,0.20079526214954005,0.19886933328381898,0.47976468432186903,25,30,10
19,1607,0.12057580707151909,0.20079069488520682,0.1988688137116157,0.4797646843316576,25,30,10
19,1608,0.12057181833414815,0.2007906948851883,0.19886872436853192,0.47976876241213107,25,30,10
19,1609,0.11884458400261158,0.19990876555217377,0.2014779117822758,0.4797687386629385,25,30,10
19,1610,0.07910507446422303,0.1999087828379156,0.24121740447021356,0.47976873822764704,25,30,10
19,1611,0.07909817219051944,0.19990878283790747,0.24121740453463514,0.479775640436937,25,30,10
19,1612,0.079098119988083,0.19990878282486407,0.2412174567501697,0.47977564043688226,25,30,10
19,1613,0.08869753533317072,0.1999087804851125,0.2316180395178635,0.47977564466385225,25,30,10
19,1614,0.08870153052291911,0.19990878048514849,0.23161804312555428,0.47977164586637705,25,30,10
19,1615,0.08869855155080245,0.19991137213134208,0.231618430453772,0.47977164586408266,25,30,10
19,1616,0.08875761163515822,0.19991101052698848,0.22674192280490924,0.48458945503294215,25,30,10
19,1617,0.08871727650619038,0.19998347526542318,0.23152763024450995,0.4797716179838748,25,30,10
19,1618,0.08871035643838261,0.19998347526537924,0.23152768037028817,0.4797784879259484,25,30,10
19,1619,0.08903296572694323,0.19998348675511135,0.23120007687600033,0.47978347064194393,25,30,10
19,1620,0.08909771456023768,0.19990842983806403,0.23121038466474178,0.4797834709369556,25,30,10
19,1621,0.08910065745994818,0.1999084298380637,0.23121030213612667,0.47978061056586063,25,30,10
19,1622,0.08911149865351106,0.19990842983812485,0.23121025350306712,0.47976981800529656,25,30,10
19,1623,0.08910353044395462,0.19990842983805432,0.23121021892705815,0.4797778207909325,25,30,10
19,1624,0.08910765068618753,0.1999084298531493,0.2312060986023315,0.47977782085833115,25,30,10
19,1625,0.09152600586499,0.19991173567487489,0.22878388590918358,0.4797783725509513,25,30,10
19,1626,0.09146131343637691,0.20000747607304978,0.22875283823207518,0.4797783722584976,25,30,10
19,1627,0.09145824722080131,0.20000747607306718,0.2287529200822792,0.47978135662385235,25,30,10
19,1628,0.09258564696268409,0.20000746368895062,0.2276305355892692,0.47977635375909616,25,30,10
19,1629,0.09258450893239377,0.2000086274992375,0.22763050981450914,0.4797763537538596,25,30,10
19,1630,0.09258449235557696,0.20000862749922826,0.2276304806540936,0.4797763994911011,25,30,10
19,1631,0.09251557160716574,0.20000862749707377,0.2276302689578997,0.4798455319378602,25,30,10
19,1632,0.09251569248523227,0.2000086274970654,0.2276302709033289,0.47984540911437257,25,30,10
19,1633,0.0925142263721325,0.20000862748206483,0.22763173294156128,0.4798454132042408,25,30,10
19,1634,0.09251729124696664,0.19997408786385118,0.2276632076775062,0.4798454132116756,25,30,10
19,1635,0.09311395949777503,0.19990162313506601,0.22713900276712984,0.47984541460002844,25,30,10
19,1636,0.09311384880228185,0.19990227282109976,0.22713846377927566,0.47984541459734215,25,30,10
19,1637,0.09311085401381593,0.19990227282109133,0.22713846366824902,0.47984840949684354,25,30,10
19,1638,0.09311777507258973,0.19990227282111742,0.22713854901487138,0.47984140309142154,25,30,10
19,1639,0.0931177224242277,0.19990227282109957,0.22713851076781758,0.47984149398685544,25,30,10
19,1640,0.09306035350746303,0.19990261602841577,0.22719553648035576,0.47984149398376436,25,30,10
19,1641,0.0930683572798479,0.1999026159584619,0.22718755848893363,0.4798414682727554,25,30,10
19,1642,0.09245564383147307,0.1999622773604396,0.227456269973686,0.4801258088344007,25,30,10
19,1643,0.09245159486754873,0.1999622773604122,0.22745626647758413,0.48012986129445423,25,30,10
19,1644,0.09244957958516585,0.19996430584350924,0.22745625327202604,0.480129861299298,25,30,10
19,1645,0.09244561919604222,0.19996430584349234,0.22745616864685034,0.480133906313614,25,30,10
19,1646,0.09244556712831967,0.1999643058434842,0.2274584475392486,0.4801316794889465,25,30,10
19,1647,0.09244861570988017,0.19996430584348387,0.22745616851485115,0.48013090993178376,25,30,10
19,1648,0.09244658361222477,0.19996430584350067,0.22745617324083384,0.4801329373034397,25,30,10
19,1649,0.09244661678038227,0.1999643058435102,0.2274627767398319,0.4801263006362749,25,30,10
19,1650,0.08031152415946029,0.1999609850222861,0.23960174621961206,0.4801257445986397,25,30,10
19,1651,0.08031441495288195,0.19996098502228604,0.2396016635638854,0.48012293646094456,25,30,10
19,1652,0.1200478615240967,0.19990132360850443,0.20021222221918777,0.47983859264821027,25,30,10
19,1653,0.12004984324796576,0.19990157232060074,0.20020999177368534,0.4798385926577474,25,30,10
19,1654,0.12004679409517864,0.1999015723206006,0.2002099917469871,0.47984164183723294,25,30,10
19,1655,0.12004683039720482,0.19990137089341814,0.20021015686967197,0.47984164183970357,25,30,10
19,1656,0.12061203803157268,0.1999013708938149,0.19964494743767353,0.4798416436369389,25,30,10
19,1657,0.12061303619590805,0.1999013708938603,0.1996449765569466,0.47984061635328495,25,30,10
19,1658,0.12061310941357978,0.19990137089386123,0.19964501537243073,0.4798405043201284,25,30,10
19,1659,0.12060632187849242,0.1610055820965923,0.23854759170710044,0.4798405043178132,25,30,10
19,1660,0.12060630537888492,0.16100559900025677,0.23854759130074563,0.47984050432011105,25,30,10
19,1661,0.12060637485645805,0.16100559900025677,0.23854759177055868,0.4798404343727246,25,30,10
19,1662,0.1206710551847792,0.16100559900242886,0.23854778025410264,0.47977556555868744,25,30,10
19,1663,0.12067405459921028,0.16100559900243777,0.23855248231097412,0.47976786408737637,25,30,10
19,1664,0.12067405436687358,0.16103667356334342,0.23852140798975674,0.4797678640800251,25,30,10
19,1665,0.12068402317158705,0.1610366735633781,0.2385214379324756,0.4797578653325589,25,30,10
19,1666,0.12068414537060608,0.16103667356341375,0.23852144004825196,0.47975774101772756,25,30,10
19,1667,0.1207518529807254,0.16096910278209672,0.23852130278662742,0.47975774145054983,25,30,10
19,1668,0.12075189097514326,0.16096910278207902,0.23852138655069413,0.4797576196920831,25,30,10
19,1669,0.1207518598537175,0.16094672693700413,0.2385437935239853,0.4797576196852913,25,30,10
19,1670,0.12076676547265314,0.1609218767779547,0.2385537380496575,0.4797576196997322,25,30,10
19,1671,0.1207697463702139,0.1609218767779632,0.238553735647815,0.47975464120400574,25,30,10
19,1672,0.12071298534795914,0.1609218767758629,0.23855355410096116,0.4798115837752146,25,30,10
19,1673,0.12071605014728602,0.16092187677584507,0.2385535517480992,0.47980852132876706,25,30,10
19,1674,0.1207179917432367,0.1609108704356795,0.23856261648300647,0.4798085213380747,25,30,10
19,1675,0.12071494255898779,0.16091087043567956,0.23856253193378113,0.479811655071549,25,30,10
19,1676,0.12070399231001092,0.16091087043560962,0.23856249697647106,0.47982264027790583,25,30,10
19,1677,0.12070406003199599,0.16091087043562713,0.23856249778784838,0.4798225717445259,25,30,10
19,1678,0.12070092164632146,0.16091087043563485,0.2385624575362493,0.47982575038179187,25,30,10
19,1679,0.12036605552511537,0.16091089200659298,0.23889730167731674,0.47982575079097317,25,30,10
19,1680,0.12036409337064148,0.1609108920065137,0.23889726897068506,0.4798277456521579,25,30,10
19,1681,0.12036822446199989,0.16091089200653272,0.23889258426343712,0.4798282992680285,25,30,10
19,1682,0.12037912166229182,0.16091089200658512,0.23889259000654817,0.479817396324573,25,30,10
19,1683,0.12038065705639507,0.16091089200868003,0.23889105873095365,0.4798173922039698,25,30,10
19,1684,0.12038463290822236,0.1609108920087157,0.23889106227410772,0.479813412808953,25,30,10
19,1685,0.12037457615653949,0.16091089200867847,0.23889105852679404,0.4798234733079865,25,30,10
19,1686,0.09522288170338104,0.16091089379604895,0.26404238717342293,0.4798238373271431,25,30,10
19,1687,0.07908978684336071,0.1609108937983705,0.28017548144362536,0.4798238379146405,25,30,10
19,1688,0.07908486831864411,0.16091089379994933,0.2801755012268173,0.4798287366545867,25,30,10
19,1689,0.07907702114297313,0.16091089379987927,0.2801754957412802,0.47983658931586504,25,30,10
19,1690,0.07908111066025653,0.16091089379991674,0.28017551367599425,0.4798324818638301,25,30,10
19,1691,0.0794399232519972,0.16091089475085177,0.2798035891683163,0.4798455928288308,25,30,10
19,1692,0.07942718158880752,0.16091089474613607,0.2798163308873842,0.4798455927776686,25,30,10
19,1693,0.07942721729034795,0.1609108947461444,0.2798163705072158,0.4798455174562881,25,30,10
19,1694,0.07942721976881872,0.16091089474614492,0.27981645370957564,0.479845431775457,25,30,10
19,1695,0.0794180797202721,0.1609108947456823,0.2798255938993833,0.4798454316346597,25,30,10
19,1696,0.07941619928161608,0.15920584842434896,0.2815325206554226,0.47984543163861004,25,30,10
19,1697,0.07917166020149825,0.15920584757950837,0.2811825781872864,0.4804399140317036,25,30,10
19,1698,0.10705525534941174,0.15920584747470254,0.25390657015110024,0.4798323270247842,25,30,10
19,1699,0.06709748864031702,0.15920584748035924,0.2938643371544729,0.4798323267248479,25,30,10
19,1700,0.06709568506087792,0.15920559869114645,0.2938663895321,0.47983232671587134,25,30,10
19,1701,0.06721621454182994,0.1591162724155365,0.29383518603939274,0.47983232700323675,25,30,10
19,1702,0.06728590588880731,0.1580302480569242,0.29485148904168035,0.4798323570125836,25,30,10
19,1703,0.06741494734879123,0.15803022648873663,0.2947215532611111,0.4798332729013582,25,30,10
19,1704,0.06741293323448533,0.15803022648877138,0.2947281613770737,0.4798286788996673,25,30,10
19,1705,0.06734224723068416,0.15810062276465406,0.2947284515378135,0.4798286784668459,25,30,10
19,1706,0.06734128288209855,0.15807012068329843,0.29475991797489576,0.47982867845970545,25,30,10
19,1707,0.06829987505272218,0.15807012452888738,0.29380062839022325,0.4798293720281648,25,30,10
19,1708,0.05346757862138255,0.1580701227504698,0.308633290578981,0.4798290080491651,25,30,10
19,1709,0.0531039772699057,0.15807012273783358,0.3089978100590366,0.479828089933221,25,30,10
19,1710,0.05310394531869802,0.15807012273781557,0.30899120434359534,0.4798347275998877,25,30,10
19,1711,0.04126425148346273,0.15807012276032972,0.3208308678723269,0.47983475788387575,25,30,10
19,1712,0.04132362651587106,0.15807012223511324,0.32077149335318156,0.47983475789582913,25,30,10
19,1713,0.0413256830508266,0.15807012223507275,0.3211378646462484,0.4794663300678474,25,30,10
19,1714,0.05138646844675185,0.15807012240357035,0.31102682779968593,0.47951658134998865,25,30,10
19,1715,0.05138250779115779,0.15807012240354404,0.31102682489775846,0.479520544907537,25,30,10
19,1716,0.05137943893418893,0.15807012240355162,0.3110290202443988,0.47952141841785756,25,30,10
19,1717,0.04138478603820116,0.15807012224034717,0.3210739239007938,0.47947116782065324,25,30,10
19,1718,0.04138771136694104,0.15807012224033737,0.32107392372009214,0.4794682426726247,25,30,10
19,1719,0.04138678372979176,0.15807012224031092,0.3210739201768905,0.4794691738530026,25,30,10
19,1720,0.029623176073055705,0.15807012221546135,0.33283752467437777,0.4794691770371011,25,30,10
19,1721,0.029623209575086275,0.1580701222154798,0.332837525527953,0.47946914268147744,25,30,10
19,1722,0.029627170299564208,0.15807012221550606,0.3328375293614196,0.4794651781235087,25,30,10
19,1723,0.029630096011338643,0.1580701222154704,0.33283760989004707,0.4794621718831425,25,30,10
19,1724,0.02963007882087879,0.15807012221546116,0.3328376099134806,0.479462189050178,25,30,10
19,1725,0.029630150260719534,0.1580701222155067,0.33283533426279716,0.47946439326097495,25,30,10
19,1726,0.029630132213556117,0.15807012221557526,0.33246236091098935,0.47983738465987785,25,30,10
19,1727,0.029631457899105457,0.1580701224633402,0.3324610349825869,0.47983738465496645,25,30,10
19,1728,0.029633446938505347,0.1580701224638866,0.3324611091937211,0.479835321403886,25,30,10
19,1729,0.02956424919391376,0.1580701224585859,0.3324604650805339,0.47990516326696586,25,30,10
19,1730,0.06569894723141839,0.15807012246196508,0.2963258007704127,0.479905129536202,25,30,10
19,1731,0.06569887672187047,0.15807012246191957,0.2963257974401531,0.4799052033760553,25,30,10
19,1732,0.06569695039531721,0.15807012246188637,0.2963258218045541,0.47990710533824094,25,30,10
19,1733,0.06569993107440388,0.15807012246189447,0.2963258200197592,0.4799041264439413,25,30,10
19,1734,0.06878946784706666,0.15807012250442665,0.2932362669900771,0.4799041426584285,25,30,10
19,1735,0.06878952078260246,0.15765475564888806,0.2936515809100087,0.4799041426585004,25,30,10
19,1736,0.06878243393156935,0.15765475564886813,0.29365167856401503,0.4799111318555475,25,30,10
19,1737,0.06878542952047247,0.15765475564885997,0.29365167990839036,0.4799081349222773,25,30,10
19,1738,0.068785598513721,0.15765475564878917,0.2936563789403542,0.4799032668971357,25,30,10
19,1739,0.06878651097132202,0.15766446486906666,0.2936457572527903,0.4799032669068211,25,30,10
19,1740,0.06877441379149574,0.1593939830732788,0.29192833624446185,0.4799032668907627,25,30,10
19,1741,0.0687764296867352,0.15939197287024032,0.29192833055710843,0.4799032668859151,25,30,10
19,1742,0.07975842955440303,0.15939196911545916,0.28094701002370803,0.4799025913064288,25,30,10
19,1743,0.07975848052982831,0.15939196911545084,0.28094700982565857,0.47990254052906134,25,30,10
19,1744,0.07976556537728276,0.15939196911552256,0.28095361868976404,0.47988884681742955,25,30,10
19,1745,0.07976549513211854,0.15939258208553203,0.2809530759650021,0.4798888468173461,25,30,10
19,1746,0.07976573727894912,0.1593921581840349,0.28095325771950586,0.4798888468175088,25,30,10
19,1747,0.07976557161768227,0.1593921581839985,0.280946680317304,0.47989558988101394,25,30,10
19,1748,0.07976257460143486,0.1593921581839903,0.28095328407791426,0.4798919831366596,25,30,10
19,1749,0.07970590230523468,0.15939215899395182,0.2810099555070371,0.479891983193777,25,30,10
19,1750,0.07970392214091718,0.15939215899237297,0.28101000274864885,0.47989391611806176,25,30,10
19,1751,0.07970393865324941,0.15939215899237275,0.2810034818413614,0.4799004205130171,25,30,10
19,1752,0.07970390280412748,0.15939215899239056,0.2810100865643409,0.47989385163914183,25,30,10
19,1753,0.0797107558517777,0.15939215899240747,0.2810099743785496,0.47988711077726576,25,30,10
19,1754,0.07971361895115398,0.159388928485507,0.2810103417861897,0.47988711077714996,25,30,10
19,1755,0.07959408795992988,0.1595087175581117,0.28101008400179,0.47988711048016924,25,30,10
19,1756,0.07962310248036449,0.159517932391295,0.2809718543815045,0.47988711074683643,25,30,10
19,1757,0.07962385164314466,0.15951793239131062,0.2809717751318196,0.4798864408337257,25,30,10
19,1758,0.08961509477031913,0.15980137310200626,0.2706738869524944,0.47990964517518114,25,30,10
19,1759,0.08961413794626076,0.15980208650897912,0.2706741300838554,0.4799096454609055,25,30,10
19,1760,0.08960928305600194,0.1598020865089955,0.2706741032956142,0.47991452713938915,25,30,10
19,1761,0.08961618811842936,0.15980208650901206,0.2706741047960819,0.47990762057647673,25,30,10
19,1762,0.08961914889316004,0.15980208650911812,0.2706740324411457,0.47990473215657575,25,30,10
19,1763,0.0896151721791086,0.15980208650908276,0.2706740009190875,0.4799087403927212,25,30,10
19,1764,0.08961817124362816,0.1598020865090913,0.2707408227291613,0.47983891951811924,25,30,10
19,1765,0.08961722944502232,0.1598020865096613,0.2706744937590907,0.4799061902862258,25,30,10
19,1766,0.0913634035672518,0.15980208192709258,0.2689283042369635,0.4799062102686922,25,30,10
19,1767,0.09135644557010951,0.15980208192705814,0.2689283017385907,0.4799131707642416,25,30,10
19,1768,0.0912867238118469,0.15980208181691474,0.26890164525926136,0.480009549111974,25,30,10
19,1769,0.09088575393756697,0.15980208186752656,0.26930262924512305,0.48000953494978044,25,30,10
19,1770,0.09087884971667295,0.15980208186753198,0.2693092329951251,0.48000983542066705,25,30,10
19,1771,0.10055789810519751,0.1598020819218327,0.2596301844551064,0.48000983551786097,25,30,10
19,1772,0.10055800380267829,0.15980208192181503,0.25963026666019023,0.4800096476153135,25,30,10
19,1773,0.10056193051015243,0.15980208192189566,0.25963018865212845,0.4800057989158205,25,30,10
19,1774,0.09093365430437067,0.15980208462843468,0.26925786252312817,0.48000639854406285,25,30,10
19,1775,0.09093072694518398,0.1598050083721727,0.2692578661336455,0.48000639854899424,25,30,10
19,1776,0.09093168155196146,0.1598050083716268,0.2692577519451293,0.48000555813127926,25,30,10
19,1777,0.09092877231851311,0.1598050083716448,0.26925775525428985,0.4800084640555491,25,30,10
19,1778,0.09092905390867964,0.15980500837171713,0.2692532087472354,0.4800127289723655,25,30,10
19,1779,0.0909322262767178,0.1598050083717176,0.26925324334882433,0.4800095220027382,25,30,10
19,1780,0.09093222624980923,0.15980500837174405,0.2692532447799751,0.4800095205984695,25,30,10
19,1781,0.09093021268993316,0.1598050083718056,0.2692482704579699,0.4800165084802899,25,30,10
19,1782,0.0909330699872073,0.15980500837177852,0.26924835074858533,0.48001357089242774,25,30,10
19,1783,0.09093603156177275,0.15983457864323924,0.26931222725289183,0.47991716254209554,25,30,10
19,1784,0.09133488441485632,0.1598628393640036,0.268885107829459,0.47991716839167997,25,30,10
19,1785,0.09133488150518097,0.15986283936399412,0.2688851873750545,0.47991709175576935,25,30,10
19,1786,0.09133193871148475,0.15986283936399442,0.2688917918119783,0.4799134301125416,25,30,10
19,1787,0.09133292547260481,0.1598628393640217,0.26889171572121723,0.4799125194421551,25,30,10
19,1788,0.09133291072527254,0.15986286197186966,0.26889170786329214,0.4799125194395644,25,30,10
19,1789,0.09133587221000283,0.15986286197184243,0.2688917043060427,0.4799095615121105,25,30,10
19,1790,0.09133594383159938,0.1598628619717098,0.26889169316553574,0.4799095010311534,25,30,10
19,1791,0.0913328924523665,0.1598440247067375,0.2689135818024757,0.4799095010384186,25,30,10
19,1792,0.09133386658649403,0.15984329258700053,0.2689133400738527,0.4799095007526512,25,30,10
19,1793,0.09137808061698216,0.15981372744790434,0.26889869028678687,0.47990950164832524,25,30,10
19,1794,0.0913790088727287,0.1598137274479311,0.26889209083255433,0.47991517284678437,25,30,10
19,1795,0.09137809229753337,0.15981372744790395,0.26889216809502337,0.47991601215953794,25,30,10
19,1796,0.09137606115460344,0.15981521655892914,0.2688927101223323,0.4799160121641337,25,30,10
19,1797,0.09137593809140611,0.1598152165589382,0.2688926280534209,0.4799162172962334,25,30,10
19,1798,0.09137387043610627,0.15981521655897307,0.26889263106731404,0.4799182819376053,25,30,10
19,1799,0.09160918494289234,0.15981521656159717,0.26889284950350145,0.4796827489920079,25,30,10
19,1800,0.09160832599545912,0.15981521656157935,0.26889284521681966,0.4796836122261407,25,30,10
19,1801,0.06014638778738032,0.15981523273484663,0.3003543454683513,0.4796840340094196,25,30,10
19,1802,0.06031657381960943,0.1598152300433617,0.3001847618497066,0.4796834342873191,25,30,10
19,1803,0.06031578413132018,0.15978510467664292,0.30021567689955897,0.47968343429247445,25,30,10
19,1804,0.060318588390841664,0.15980290827371776,0.30019506905049925,0.4796834342849378,25,30,10
19,1805,0.06032072448469259,0.15980290827366506,0.3001934401490331,0.47968292709260607,25,30,10
19,1806,0.06031732338170651,0.15980290827361004,0.30019344748769394,0.4796863208569859,25,30,10
19,1807,0.06031439741268492,0.15981668585486541,0.3001825958777575,0.4796863208546886,25,30,10
19,1808,0.06334332346117547,0.15978842496365508,0.2971819288010958,0.4796863227740696,25,30,10
19,1809,0.06340120426915775,0.1597884249637282,0.29718201875910166,0.4796283520080085,25,30,10
19,1810,0.06454653675144625,0.15978842486721026,0.2960366887525173,0.47962834962882217,25,30,10
19,1811,0.06454862071747018,0.16021476858468184,0.29560826107397,0.47962834962387463,25,30,10
19,1812,0.06454668704005068,0.16021476858412234,0.25569554957899493,0.5195429947968295,25,30,10
19,1813,0.05696627258905008,0.16021475405175287,0.263276415392642,0.519542557966553,25,30,10
19,1814,0.05696634244798189,0.16021475405175298,0.2632764159104975,0.5195424875897658,25,30,10
19,1815,0.056964333595002845,0.16021475405180033,0.2632763508694612,0.5195445614837338,25,30,10
19,1816,0.057168188401033486,0.16021475512445416,0.26307249559400514,0.5195445608805053,25,30,10
19,1817,0.057169114480336826,0.16021382032374049,0.2630725043130308,0.5195445608828902,25,30,10
19,1818,0.057168075691580465,0.16021382032369338,0.2630724867666898,0.5195456172180346,25,30,10
19,1819,0.047872224882783615,0.15993037994173215,0.27267496531663055,0.5195224298588523,25,30,10
19,1820,0.047624384287248835,0.1599307232660658,0.27292246288931854,0.519522429557366,25,30,10
19,1821,0.047635371704512826,0.15993072326763438,0.2729157604574614,0.5195181445703908,25,30,10
19,1822,0.04763444315431506,0.15993166296807115,0.2729157493096091,0.5195181445680039,25,30,10
19,1823,0.047576583778984806,0.15993166296799072,0.27291566372229215,0.5195760895307316,25,30,10
19,1824,0.047568536648229486,0.1599316629664202,0.2729156289699039,0.5195841714154458,25,30,10
19,1825,0.046993054995516,0.15993166705589895,0.27349112324990876,0.5195841546986759,25,30,10
19,1826,0.046759757695944586,0.15993166705324,0.27349089984202646,0.5198176754087885,25,30,10
19,1827,0.04675683142010002,0.1599316670532846,0.2734909011500396,0.5198206003765753,25,30,10
19,1828,0.04676800074064566,0.15993166705659512,0.27347972265559284,0.5198206095471664,25,30,10
19,1829,0.04676894617702186,0.15995316489161915,0.27345727938665687,0.5198206095447017,25,30,10
19,1830,0.046768123216679794,0.15995345843960615,0.27345780879625164,0.519820609547462,25,30,10
19,1831,0.08332165401479602,0.1599534584609588,0.2369042847338324,0.5198206027904111,25,30,10
19,1832,0.0815946702927884,0.15995345839443048,0.2386312885269265,0.519820582785854,25,30,10
19,1833,0.08159453031155577,0.15995412608595727,0.23863076082194248,0.5198205827805437,25,30,10
19,1834,0.08159452887162756,0.15872357001640625,0.23986131832892363,0.5198205827830423,25,30,10
19,1835,0.08147731452128543,0.15872381434619054,0.23997828865297027,0.519820582479554,25,30,10
19,1836,0.08124761086814958,0.15872381494133997,0.2062899734026853,0.5537386007878249,25,30,10
19,1837,0.08124756087612535,0.15993937636555636,0.2050744619777582,0.5537386007805596,25,30,10
19,1838,0.08124664957762134,0.1599393763655401,0.2050744612940672,0.5537395127627712,25,30,10
19,1839,0.08123938299611481,0.15993913212830807,0.20508197211775908,0.5537395127578181,25,30,10
19,1840,0.08123948829960506,0.15993912768645788,0.2050818712539474,0.5537395127599897,25,30,10
19,1841,0.08124248429549506,0.15993912768646676,0.20508195388381512,0.5537364341342227,25,30,10
19,1842,0.08124542774808424,0.1599391276864665,0.20508179066608487,0.553733653899364,25,30,10
19,1843,0.08124241586011195,0.15993912768645732,0.2050817920228715,0.553736664430559,25,30,10
19,1844,0.08124234630571887,0.15993912768641763,0.20507518527109656,0.5537433407367667,25,30,10
19,1845,0.08124142743141113,0.15993912701348328,0.19900845268104864,0.559810992874056,25,30,10
19,1846,0.08125336015295594,0.1599391270135901,0.19900845696043412,0.559799055873019,25,30,10
19,1847,0.08125635650757396,0.15993912701359883,0.19900845563786906,0.5597960608409573,25,30,10
19,1848,0.08125616589845823,0.15993912701355437,0.19900845241800366,0.5597962546699827,25,30,10
19,1849,0.08125618188749724,0.15993912701356344,0.19900845106852155,0.5597962400304168,25,30,10
19,1850,0.08169250316639168,0.15992957507506436,0.19858168171488846,0.5597962400436554,25,30,10
19,1851,0.08169549974069597,0.15992657189565113,0.19858168832229162,0.5597962400413613,25,30,10
19,1852,0.08570242819280226,0.1599522177216014,0.19454910127516073,0.5597962528104351,25,30,10
19,1853,0.08570219919728694,0.15995187453746637,0.19454967345492086,0.5597962528103243,25,30,10
19,1854,0.0857023458229712,0.15995187453746648,0.19454964015491272,0.5597961394846483,25,30,10
19,1855,0.08569943502912014,0.15995187453749335,0.19454964216107892,0.5597990482723064,25,30,10
19,1856,0.08570648138898695,0.15994483375599833,0.19454963657785895,0.559799048277155,25,30,10
19,1857,0.08583394354277937,0.15994483376062457,0.19442217357606645,0.559799049120529,25,30,10
19,1858,0.08582369630178807,0.1599448336665898,0.1944324049205571,0.5597990651110644,25,30,10
19,1859,0.08583317658206782,0.15994483366185366,0.19442294166113322,0.5597990480949446,25,30,10
19,1860,0.08536924313850781,0.15996507307147265,0.19486663598906737,0.559799047800952,25,30,10
19,1861,0.08536018094839788,0.15996507307138202,0.19486662799287527,0.5598081179873448,25,30,10
19,1862,0.08523957086103748,0.1599650729901677,0.1949872390072506,0.5598081171415442,25,30,10
19,1863,0.08486288567467551,0.15996507126148493,0.19536393015854625,0.5598081129052924,25,30,10
19,1864,0.08575156100654613,0.15996540677521193,0.1944749188881008,0.5598081133301402,25,30,10
19,1865,0.08575352211079997,0.1599654067753629,0.19447493268447474,0.5598061384293614,25,30,10
19,1866,0.08575657371328994,0.15996540677534457,0.19447493241584643,0.5598030870955175,25,30,10
19,1867,0.08575657305137083,0.15996540677534468,0.19447484501235138,0.5598031751609318,25,30,10
19,1868,0.085749543267584,0.1599724308691567,0.19447485070696346,0.5598031751562942,25,30,10
19,1869,0.08574719194784454,0.15997243086925292,0.19447490456549002,0.5598054726174112,25,30,10
19,1870,0.08574431933636564,0.159972430870808,0.19447490932266168,0.5598083404701637,25,30,10
19,1871,0.08574280726044262,0.1599724308711291,0.20074212509655798,0.5535426367718702,25,30,10
19,1872,0.08574972642213252,0.15996551562995404,0.20074212117362367,0.55354263677429,25,30,10
19,1873,0.08575270574767929,0.15996551562993663,0.20074212038099307,0.5535396582413907,25,30,10
19,1874,0.08575570081044802,0.1599655156299451,0.20074212050342058,0.5535366630561857,25,30,10
19,1875,0.08601090745156538,0.15994526388854838,0.2005071650316428,0.5535366636282433,25,30,10
19,1876,0.0860078582500792,0.15994831309927032,0.20050716502245,0.5535366636282002,25,30,10
19,1877,0.08600793017847039,0.15994831309927002,0.2005071685478128,0.5535365881744465,25,30,10
19,1878,0.08600798308152412,0.15994831309926125,0.20050708592303063,0.553536617896184,25,30,10
19,1879,0.08600649883117352,0.15994831309892335,0.1942398678741403,0.5598053201957621,25,30,10
19,1880,0.0860064828938505,0.1599483130989223,0.19423994980345072,0.5598052542037757,25,30,10
19,1881,0.08600534420586314,0.15994831309896626,0.1943694357483806,0.5596769069467886,25,30,10
19,1882,0.08751655254263961,0.15994831309697566,0.19285823223815782,0.5596769021222263,25,30,10
19,1883,0.08763599078810445,0.1599483130991628,0.19285853803719402,0.5595571580755382,25,30,10
19,1884,0.08698446877442857,0.1845136665707111,0.16894470670468084,0.5595571579501779,25,30,10
19,1885,0.0869853625817297,0.18451366657070983,0.16894470755518293,0.5595562632923764,25,30,10
19,1886,0.08698338509726694,0.1845136665705409,0.16894469247759292,0.5595582558545987,25,30,10
19,1887,0.08698338629769385,0.18451366657054105,0.16894477496137605,0.5595581721703885,25,30,10
19,1888,0.08674311133281415,0.19993676152063888,0.15376195527573527,0.5595581718708119,25,30,10
19,1889,0.05824513046233257,0.19993676165566698,0.18225045538223728,0.5595676524997623,25,30,10
19,1890,0.05824516291873968,0.19995949849414732,0.18222768608722853,0.559567652499884,25,30,10
19,1891,0.058242167727164534,0.19995949849415595,0.18222776738520508,0.559570566393474,25,30,10
19,1892,0.05798659317380576,0.1999598420674717,0.18248299894039857,0.5595705658183225,25,30,10
19,1893,0.057989587712939404,0.1999598420674911,0.182482919324599,0.559567650894969,25,30,10
19,1894,0.05805932949252326,0.19988972382674844,0.1824832954762624,0.5595676512044644,25,30,10
19,1895,0.058059313117945564,0.19988972382673914,0.1824832663179273,0.5595676967373866,25,30,10
19,1896,0.0580566262329222,0.1999179913382575,0.1824576853978101,0.5595676970310075,25,30,10
19,1897,0.05805371637716604,0.19991799133827534,0.18245768526532907,0.559570607019227,25,30,10
19,1898,0.058052785638211236,0.1999179913381875,0.18245763043929816,0.5595715925843008,25,30,10
19,1899,0.05805078939580639,0.19991799133811622,0.18232814499454267,0.5597030742715331,25,30,10
19,1900,0.05804387275392352,0.19990246403168213,0.18235058894761455,0.5597030742667786,25,30,10
19,1901,0.05804387398120427,0.1999024640317045,0.1823571149299722,0.5596965470571177,25,30,10
19,1902,0.05804080773739868,0.1999024640317128,0.18235713995102998,0.5596995882798574,25,30,10
19,1903,0.0580408059037881,0.19990246403171294,0.18235714064790184,0.5596995894165965,25,30,10
19,1904,0.058043710336797574,0.19990246403017684,0.18235717719807576,0.5596966484349492,25,30,10
19,1905,0.05792414696395094,0.1999024640279983,0.18235686949517085,0.559816519512879,25,30,10
19,1906,0.057921203618524236,0.1999024640279982,0.18235686944509408,0.5598194629083827,25,30,10
19,1907,0.05792419929302234,0.1999024640280071,0.18235686766208495,0.5598164690168849,25,30,10
19,1908,0.057927341630600246,0.19990246402910508,0.18235691239352042,0.5598132819467734,25,30,10
19,1909,0.05792926509857466,0.19992297444711393,0.1823344784979789,0.5598132819563316,25,30,10
19,1910,0.05793026286704416,0.19992197314828186,0.182334482023496,0.5598132819611774,25,30,10
19,1911,0.05793026194183814,0.19992197314828153,0.18233452133612651,0.559813243573753,25,30,10
19,1912,0.057928039956955626,0.1998939572863952,0.18236475908582991,0.5598132436708191,25,30,10
19,1913,0.057928040590359026,0.19989395728639547,0.18236471911437507,0.5598132830088701,25,30,10
19,1914,0.05792804181436786,0.19989395728639592,0.18236942141653384,0.5598085794827022,25,30,10
19,1915,0.0579211055293388,0.19989395728641596,0.1823693426693887,0.5598155945148562,25,30,10
19,1916,0.057921158982328975,0.1998939572864247,0.1823692603568238,0.5598156233744224,25,30,10
19,1917,0.05792317367439241,0.19989193383721188,0.18236926911873252,0.5598156233696632,25,30,10
19,1918,0.057921248948106664,0.19987146370867687,0.1823916639807751,0.5598156233624424,25,30,10
19,1919,0.0576040174852803,0.1998714671626428,0.1827088826033263,0.5598156327487517,25,30,10
19,1920,0.06682593342213472,0.19984582230248016,0.17351256973807103,0.5598156745373157,25,30,10
19,1921,0.027257105292255102,0.1998458198209458,0.2130814054993817,0.5598156693874151,25,30,10
19,1922,0.027258032601774083,0.19984581982097144,0.21308140828573074,0.5598147392915215,25,30,10
19,1923,0.02726458957681691,0.19984557261116273,0.2130750987403196,0.5598147390716975,25,30,10
19,1924,0.027267532928282722,0.1998455726111625,0.21307509868193478,0.5598117957786168,25,30,10
19,1925,0.027269547735801508,0.19984557261113625,0.21307509583873305,0.5598097838143261,25,30,10
19,1926,0.02751010961434346,0.20092412666711837,0.21175597829770085,0.5598097854208339,25,30,10
19,1927,0.027507118610307288,0.2009241266671104,0.2117560941624715,0.5598126605601075,25,30,10
19,1928,0.02750422778338598,0.20092690305560745,0.2117562086009396,0.5598126605600636,25,30,10
19,1929,0.02571103156182836,0.20092695597036847,0.21354934743815523,0.5598126650296497,25,30,10
19,1930,0.025714044556183858,0.20092394884596987,0.21354934156331132,0.5598126650345363,25,30,10
19,1931,0.025730001702380392,0.20092394884611234,0.2135512527938688,0.5597947966576396,25,30,10
19,1932,0.02573206972450261,0.20092394884607834,0.21355124980604592,0.5597927316233747,25,30,10
19,1933,0.025729125138660394,0.20092394884608777,0.2135513314012661,0.5597955946139878,25,30,10
19,1934,0.02572612974335858,0.20092394884607884,0.21355136116218457,0.5597985602483798,25,30,10
19,1935,0.025726094744018588,0.20092394884606882,0.2135512772354337,0.5597986791744806,25,30,10
19,1936,0.025734125996608355,0.200915819444043,0.21355137523684267,0.5597986793225078,25,30,10
19,1937,0.025731131213380946,0.20091581944403455,0.2135513758125843,0.5598016735300019,25,30,10
19,1938,0.025728204586801653,0.20091581944405193,0.21355140508454956,0.5598045708845985,25,30,10
19,1939,0.026467350985466664,0.20091786856416544,0.21276958739064536,0.5598451930597244,25,30,10
19,1940,0.026400642641572714,0.2009830721506331,0.21277109245777415,0.5598451927500213,25,30,10
19,1941,0.02664093969104575,0.2009830721558358,0.21277133965477485,0.5596046484983451,25,30,10
19,1942,0.02640204525375935,0.20098324808913923,0.2130100620646098,0.5596046445924945,25,30,10
19,1943,0.02641113215375765,0.20098324808922158,0.2130100400493535,0.55959557970767,25,30,10
19,1944,0.027082495371235023,0.20098324823870622,0.21301018119850215,0.5589240751915592,25,30,10
19,1945,0.027082442639069275,0.2009832482386982,0.21301015263733308,0.5589241564849022,25,30,10
19,1946,0.027074341763435997,0.2009915836651074,0.21300991823462592,0.5589241563368335,25,30,10
19,1947,0.027068793833044152,0.20099183666450535,0.21301521332617418,0.558924156176278,25,30,10
19,1948,0.0139382539682538,0.2009918356987177,0.22614580874184206,0.5589241015911874,25,30,10
19,1949,0.014185963121853945,0.20099183571826693,0.22589809712414904,0.5589241040357311,25,30,10
19,1950,0.014182775551625155,0.20099183571877272,0.22589807435803572,0.5589273143715666,25,30,10
19,1951,0.013495592883667662,0.20099183556916425,0.22589132114812258,0.5596212503990455,25,30,10
19,1952,0.047494121186538514,0.20099183624681974,0.19189274604751155,0.5596212965191303,25,30,10
19,1953,0.04750116186703919,0.20099183624687214,0.19189274986927507,0.5596142520168136,25,30,10
19,1954,0.04750340460100303,0.20099183201835388,0.19189051136390028,0.5596142520167429,25,30,10
19,1955,0.047504333544143344,0.2009918320183894,0.19189051646276384,0.5596133179747036,25,30,10
19,1956,0.04749824168099935,0.20099183201831564,0.19189059118954482,0.5596193351111404,25,30,10
19,1957,0.0360134734001018,0.20099183188255196,0.20326519530677442,0.5597294994105717,25,30,10
19,1958,0.03601351287692929,0.20099123126520485,0.20326575645217818,0.5597294994056878,25,30,10
19,1959,0.03601356551514884,0.2009912312651954,0.20326575641828304,0.5597294468013729,25,30,10
19,1960,0.036013577708135874,0.20099123126357263,0.20326569311076628,0.5597294979175256,25,30,10
19,1961,0.03601064685092763,0.20099471373369734,0.20326514149305158,0.5597294979223238,25,30,10
19,1962,0.03607540286778424,0.20099446060167114,0.20320063831354382,0.5597294982170016,25,30,10
19,1963,0.036146187008533684,0.20099446060387838,0.2032008683133629,0.5596584840742258,25,30,10
19,1964,0.03614918583186903,0.20099446060389675,0.20320098373406265,0.5596553698301726,25,30,10
19,1965,0.036078522161046955,0.20099446060168116,0.20320075555754655,0.5597262616797262,25,30,10
19,1966,0.03607847052171186,0.2009944606016987,0.20320075510447655,0.5597263137721138,25,30,10
19,1967,0.036081483365470034,0.19975315322282441,0.20443904963466342,0.5597263137770434,25,30,10
19,1968,0.03608854265677206,0.1997676262543933,0.20441751729708432,0.5597263137917516,25,30,10
19,1969,0.036085810341411596,0.19976762625445738,0.20441740678346626,0.5597291566206661,25,30,10
19,1970,0.03608574377184353,0.1997676262544483,0.20441737909326763,0.5597292508804422,25,30,10
19,1971,0.036086462173892685,0.19976762625440994,0.2044174051185091,0.55972850645319,25,30,10
19,1972,0.03654578307671454,0.19976762625659478,0.2044176840473638,0.5592689066193279,25,30,10
19,1973,0.036545720505514565,0.19976955526483395,0.20441581759341848,0.5592689066362344,25,30,10
19,1974,0.035719385284461024,0.19976750517256892,0.20528482551954622,0.5592282840234246,25,30,10
19,1975,0.03572037882383548,0.19976750517260453,0.20528480013727943,0.5592273158662813,25,30,10
19,1976,0.0357235323941944,0.1997675051725145,0.20528950686230057,0.55921945557099,25,30,10
19,1977,0.035267324819871805,0.19976750517032912,0.20528911172554096,0.5596760582842574,25,30,10
19,1978,0.03526727451714983,0.19976716276118212,0.2052895044352796,0.559676058286387,25,30,10
19,1979,0.03526321558159525,0.19974063142848986,0.20532009472056573,0.559676058269348,25,30,10
19,1980,0.035267346903900626,0.1997673800935216,0.2052892147329778,0.5596760582695984,25,30,10
19,1981,0.03526734681035834,0.19976778397488182,0.2052888109475001,0.5596760582672582,25,30,10
19,1982,0.0352715052167494,0.19976778397486122,0.20528230077839346,0.5596784100299934,25,30,10
19,1983,0.0358396388009545,0.19978129209381149,0.2047006587885709,0.5596784103166597,25,30,10
19,1984,0.035839705131860675,0.1997805626850858,0.2047013218830793,0.5596784102999708,25,30,10
19,1985,0.05244489538931105,0.19978056328929555,0.1880961328553254,0.5596784084660675,25,30,10
19,1986,0.052445812277096854,0.199780563289349,0.18822138469895866,0.5595522397345951,25,30,10
19,1987,0.07579586835086398,0.1997805627270256,0.16487133082338049,0.559552238098728,25,30,10
19,1988,0.07580386524589643,0.1997808214602257,0.16486307519429022,0.5595522380995867,25,30,10
19,1989,0.07579687727227612,0.1997808214601815,0.1648630715072662,0.5595592297602752,25,30,10
19,1990,0.07579680710225198,0.19978082146017243,0.16486311014487282,0.5595592612927021,25,30,10
19,1991,0.07579673851296503,0.2010191845389609,0.1636248156579207,0.5595592612901531,25,30,10
19,1992,0.07579673761348812,0.1997808905904998,0.16486311050577204,0.5595592612902367,25,30,10
19,1993,0.07579675434275011,0.19978089059050913,0.16486311108420018,0.5595592439825373,25,30,10
19,1994,0.07579382822857639,0.1997837484976296,0.16486317929359162,0.5595592439801992,25,30,10
19,1995,0.07572413329932827,0.19978380683184008,0.1649328160283851,0.5595592438404441,25,30,10
19,1996,0.07572626952417236,0.19978380683179617,0.16493281133848556,0.5595571123055438,25,30,10
19,1997,0.07852774229753398,0.19978380806102394,0.16213133131143442,0.5595571183300057,25,30,10
19,1998,0.07852060242960786,0.19978380806104848,0.16213123442324126,0.5595643550861008,25,30,10
19,1999,0.07852366512374966,0.19978380813704977,0.16224782536803287,0.5594447013711644,25,30,10
19,2000,0.07852359495766353,0.1997838081370493,0.1622478248151837,0.5594447720901001,25,30,10
19,2001,0.07852445725820165,0.1997838081370929,0.16224782847495495,0.5594439061297475,25,30,10
19,2002,0.07852549121080218,0.199783808137032,0.16224785152715396,0.5594428491250089,25,30,10
19,2003,0.07852640292035658,0.1997838081370491,0.1622479691636558,0.5594418197789355,25,30,10
19,2004,0.07852640336602755,0.19978380813704905,0.1622479691825002,0.5594418193144205,25,30,10
19,2005,0.07828612156458978,0.19978380813185642,0.16224772273711977,0.5596823475664311,25,30,10
19,2006,0.07829832054754755,0.19978380815898267,0.1622355233154178,0.5596823479780492,25,30,10
19,2007,0.07829530722484696,0.19978380815897295,0.16223552256106577,0.5596853620551114,25,30,10
19,2008,0.07772639711728152,0.19977007352978726,0.16281816841101956,0.5596853609419091,25,30,10
19,2009,0.07820135473685745,0.19978463525934423,0.16232863788611,0.5596853721176858,25,30,10
19,2010,0.07819907684231427,0.19978463525938675,0.1623239285378965,0.5596923593604002,25,30,10
19,2011,0.07820506738955983,0.19978463525938722,0.1623262209599342,0.5596840763911164,25,30,10
19,2012,0.07820501413178416,0.1997847450700395,0.16232616440705805,0.5596840763911162,25,30,10
19,2013,0.07820713104067839,0.19978474506995922,0.16220091562025982,0.5598072082691009,25,30,10
19,2014,0.07820396621053387,0.1997844327538915,0.16220439278674387,0.5598072082488301,25,30,10
19,2015,0.07820817652710058,0.19978443275545374,0.1622021336241431,0.5598052570933019,25,30,10
19,2016,0.07820804799918536,0.19978485706927052,0.1622018378384635,0.5598052570930795,25,30,10
19,2017,0.0782051043235724,0.19978818710082943,0.162201451482558,0.5598052570930391,25,30,10
19,2018,0.04927724077371276,0.19978819483051125,0.19112928903134055,0.5598052753644321,25,30,10
19,2019,0.04927652138264849,0.19978819483047774,0.19112928794062667,0.559805995846244,25,30,10
19,2020,0.04927664390941021,0.19978819483048682,0.1911292886194519,0.5598058726406481,25,30,10
19,2021,0.05015149965356067,0.19978819310828758,0.19025202327888457,0.5598082839592642,25,30,10
19,2022,0.05015244670232863,0.19978684539639918,0.19025242392997338,0.5598082839712958,25,30,10
19,2023,0.05014224583889529,0.1997868453948363,0.19025250651217088,0.5598184022540945,25,30,10
19,2024,0.05013937422229171,0.19978684539484598,0.19025478622122838,0.559818994161631,25,30,10
19,2025,0.050135285482037294,0.19978696365857457,0.1902587568426716,0.5598189940167133,25,30,10
19,2026,0.050135284916673045,0.1997869636585745,0.1902633427750751,0.5598144086496746,25,30,10
19,2027,0.05013234372307122,0.19978696365857476,0.19026326031381305,0.5598174323045384,25,30,10
19,2028,0.052054633964493065,0.19978696352017214,0.18834343485985833,0.5598149676554747,25,30,10
19,2029,0.05206134249665869,0.19978696352017938,0.18834115688796177,0.5598105370951985,25,30,10
19,2030,0.052061394145663104,0.20102481290784632,0.18710325585137327,0.5598105370951161,25,30,10
19,2031,0.05208495608366479,0.20102481284181586,0.18707969525830023,0.5598105358162171,25,30,10
19,2032,0.052081049140698735,0.20102481284179002,0.1870796929283821,0.5598144450891271,25,30,10
19,2033,0.05208325645206747,0.20102481284174714,0.18707957499260813,0.5598123557135753,25,30,10
19,2034,0.05208031227941423,0.20102481284174684,0.1870795349538235,0.5598153399250135,25,30,10
19,2035,0.0520845412758829,0.20102481284177565,0.18707954856869705,0.5598110973136431,25,30,10
19,2036,0.052082390735903906,0.20102481284177667,0.18707955026513656,0.5598132461571814,25,30,10
19,2037,0.05207525687576016,0.20103253219016706,0.18707896477481192,0.5598132461592595,25,30,10
19,2038,0.05207250622172456,0.20103253219018538,0.18707893912184115,0.5598160224662477,25,30,10
19,2039,0.052074466619564906,0.20103253219019251,0.18707893858623867,0.5598140626040028,25,30,10
19,2040,0.05228128909072796,0.19997360889063628,0.1879310408549934,0.5598140611636422,25,30,10
19,2041,0.05228947721164788,0.19997360889426535,0.18793118288596455,0.5598057310081219,25,30,10
19,2042,0.05181255984662569,0.19997337549136457,0.18840834481923863,0.5598057198427706,25,30,10
19,2043,0.05181256012115623,0.1999733754913647,0.18840834488872493,0.5598057194987536,25,30,10
19,2044,0.05256867655694746,0.19997349155608388,0.1876521109223032,0.5598057209646643,25,30,10
19,2045,0.05256343177064436,0.19997349155245478,0.18765196890429922,0.5598111077726006,25,30,10
19,2046,0.05256537478478181,0.19995916103937245,0.1876643564317699,0.5598111077440748,25,30,10
19,2047,0.05256115967933015,0.19995916103935282,0.1876643420484774,0.5598153372328386,25,30,10
19,2048,0.05255809356737438,0.19995916103936145,0.18766434166875146,0.5598184037245114,25,30,10
19,2049,0.05278850846887608,0.19995916096223518,0.18743392721475988,0.5598184033541286,25,30,10
19,2050,0.05278756096333991,0.19995916096219213,0.18743150281205484,0.5598217752624132,25,30,10
19,2051,0.05278849012565751,0.19824027902701086,0.18914945558253904,0.5598217752647943,25,30,10
19,2052,0.05278556796346729,0.1982435884168921,0.18914906835207998,0.5598217752675617,25,30,10
19,2053,0.052785620647666,0.19824358841690023,0.18914906942777837,0.5598217215076565,25,30,10
19,2054,0.05278933702570449,0.1982435884170139,0.18914907813876436,0.5598179964185176,25,30,10
19,2055,0.05278635487055275,0.19824358841700526,0.1891490764672815,0.5598209802451609,25,30,10
19,2056,0.05303141577894804,0.19824358841912842,0.189152385573216,0.559572610228707,25,30,10
19,2057,0.05278908666632058,0.19824358841698633,0.18914907324764324,0.5598182516690493,25,30,10
19,2058,0.05278915644366104,0.1982435884169871,0.18914907383586968,0.5598181813034817,25,30,10
19,2059,0.05285242983807017,0.19824358832545375,0.18908580036960188,0.5598181814668733,25,30,10
19,2060,0.034876444297053805,0.19824359100662695,0.20706094414259957,0.5598190205537208,25,30,10
19,2061,0.034873395432653644,0.1982435910066005,0.20706094274312092,0.5598220708176259,25,30,10
19,2062,0.03487346588262418,0.1982435910066274,0.20706094369364605,0.5598219994171033,25,30,10
19,2063,0.03487253600248331,0.1982435910064773,0.20706093184816893,0.5598229411428712,25,30,10
19,2064,0.03480763457820905,0.19824383896158398,0.2071255854777381,0.5598229409824698,25,30,10
19,2065,0.03458149992706606,0.19865078555097995,0.20694477319457605,0.5598229413273776,25,30,10
19,2066,0.034581432272010645,0.19865078555097043,0.20694477391590513,0.5598230082611138,25,30,10
19,2067,0.03457836466428348,0.1986507855509795,0.20694488553864432,0.5598259642460928,25,30,10
19,2068,0.034582645565111834,0.19865078555097285,0.20694490308371916,0.559821665800196,25,30,10
19,2069,0.03459097011542463,0.19865078555258783,0.2069450265484436,0.5598132177835442,25,30,10
19,2070,0.03459489462258848,0.1986507855526487,0.20694503048230684,0.5598092893424558,25,30,10
19,2071,0.034717299694965405,0.19865079002693015,0.2068226206341909,0.5598092896439135,25,30,10
19,2072,0.0347173360181236,0.19865079002693864,0.20682262170425558,0.5598092522506821,25,30,10
19,2073,0.034718285590252175,0.19865079002752675,0.20682262593294315,0.5598082984492775,25,30,10
19,2074,0.034721353843623945,0.1986473261048875,0.20682302160216326,0.5598082984493247,25,30,10
19,2075,0.03472440262617803,0.19864732610486968,0.20682302332964603,0.5598052479393059,25,30,10
19,2076,0.03472342022222318,0.1986487057540154,0.20682262609644245,0.5598052479273189,25,30,10
19,2077,0.03472436636325364,0.19864870575405935,0.20682483188928746,0.5598020959933995,25,30,10
19,2078,0.023918033475723154,0.19866845340749312,0.21761143517019527,0.5598020779465889,25,30,10
19,2079,0.02392099690724014,0.1986684534075014,0.21760915615900045,0.5598013935262585,25,30,10
19,2080,0.02392308833990048,0.20038431432981202,0.2158912038038816,0.559801393526406,25,30,10
19,2081,0.023925966427139848,0.2003843143298039,0.21589120322233327,0.5597985160207233,25,30,10
19,2082,0.023928947259464227,0.2003813437532769,0.2158911929665811,0.5597985160206779,25,30,10
19,2083,0.02393291979232505,0.20038134375332026,0.21589119655673975,0.5597945398976152,25,30,10
19,2084,0.023179045112401733,0.200784059492133,0.21624235696157604,0.5597945384338892,25,30,10
19,2085,0.023294199479061577,0.2003910055412929,0.2165202566121615,0.5597945383674827,25,30,10
19,2086,0.023286922249831775,0.20039100554129136,0.21652035625278118,0.5598017159560942,25,30,10
19,2087,0.02328988261557171,0.20039100554130054,0.21652035686632487,0.5597987549768014,25,30,10
19,2088,0.022839946261453935,0.20037103755850746,0.21699026136413768,0.5597987548158985,25,30,10
19,2089,0.022721327946920073,0.20038521346404853,0.21709470406535566,0.559798754523675,25,30,10
19,2090,0.02491451704187948,0.20049597533988311,0.21479067361406234,0.5597988340041743,25,30,10
19,2091,0.024914500023016255,0.20049597533987393,0.21479067294108764,0.5597988516960212,25,30,10
19,2092,0.024916494080234594,0.2004959753392856,0.21479066868186503,0.5597968618986136,25,30,10
19,2093,0.024916155570610176,0.20049598147584954,0.2147910010474557,0.5597968619060835,25,30,10
19,2094,0.02491615588065622,0.2004958554148971,0.21479112680312046,0.5597968619013247,25,30,10
19,2095,0.02491904669335608,0.20049584916971724,0.2147882422477586,0.5597968618891666,25,30,10
19,2096,0.02492213027894857,0.20049584916972651,0.21478824342408728,0.5597937771272363,25,30,10
19,2097,0.02492213188755288,0.20049584916972663,0.214788243433107,0.5597937755096116,25,30,10
19,2098,0.02493309653755384,0.2004958491698056,0.2147897542810411,0.5597813000115976,25,30,10
19,2099,0.0226772447333223,0.20062923082690087,0.2169122642759453,0.5597812601638302,25,30,10
19,2100,0.022441182730937467,0.20060948166615,0.21716807625869664,0.5597812593442152,25,30,10
19,2101,0.022445160414610008,0.20060948166617623,0.2171680791228023,0.5597772787964108,25,30,10
19,2102,0.022445160113054786,0.2006094816661761,0.21716807911951994,0.5597772791012487,25,30,10
19,2103,0.022385558229754215,0.20036587155111252,0.21747133104360614,0.5597772391755265,25,30,10
19,2104,0.02238945771544862,0.20036141422795847,0.21747188888117452,0.5597772391754173,25,30,10
19,2105,0.02238732257297066,0.2003614142280104,0.2174719745679334,0.5597792886310846,25,30,10
19,2106,0.022387376351905033,0.2003614142280018,0.21747205720124743,0.5597791522188449,25,30,10
19,2107,0.022384432110249493,0.20036141422800177,0.2174720557822496,0.5597820978794985,25,30,10
19,2108,0.022377459364980215,0.20036141422796708,0.217472052834957,0.5597890735720952,25,30,10
19,2109,0.022369187708440735,0.2003614142263431,0.21747204510747709,0.559797352957738,25,30,10
19,2110,0.02238010135564223,0.20035020124401015,0.21747234443300656,0.5597973529673397,25,30,10
19,2111,0.02261034856134079,0.20011259796559283,0.21747970050094836,0.5597973529721166,25,30,10
19,2112,0.022613343393478817,0.20011259796569966,0.21747971325100665,0.5597943453898134,25,30,10
19,2113,0.022375130380468525,0.19912031124312093,0.21871021299589571,0.5597943453805138,25,30,10
19,2114,0.022372082432245182,0.19912031124312157,0.21871009717777326,0.559797509146859,25,30,10
19,2115,0.022371068393778226,0.19911313674796918,0.2187182857121746,0.5597975091460782,25,30,10
19,2116,0.02236900012011572,0.19911313061707023,0.21872036011244092,0.5597975091503726,25,30,10
19,2117,0.022369070309211207,0.19911313061707947,0.21872036079417964,0.5597974382795293,25,30,10
19,2118,0.022432666134682124,0.19911651373186995,0.21865338152811917,0.5597974386053278,25,30,10
19,2119,0.022434941491824026,0.19911651373181907,0.21865329698823543,0.5597952477881205,25,30,10
19,2120,0.02243201322133315,0.19911943197026577,0.21865330701547697,0.5597952477929233,25,30,10
19,2121,0.022431996897230903,0.19911944493388514,0.2186533103781288,0.5597952477907545,25,30,10
19,2122,0.022434922877023342,0.19911944493386685,0.21865330950702463,0.5597923226820845,25,30,10
19,2123,0.022424009986425096,0.19911944493379596,0.2186516814543422,0.5598048636254364,25,30,10
19,2124,0.022420941404050175,0.19911944493379574,0.21865828533357537,0.5598013283285781,25,30,10
19,2125,0.02235906743410484,0.1987133594545546,0.21912624509108988,0.5598013280202502,25,30,10
19,2126,0.022359206754833435,0.19871362282859695,0.21912584239376964,0.5598013280227998,25,30,10
19,2127,0.02235924087514939,0.19871362282861543,0.219125729236279,0.5598014070599564,25,30,10
19,2128,0.02235925874443968,0.1987136228285359,0.2191257183444715,0.5598014000825533,25,30,10
19,2129,0.022362218761659464,0.1987136228285455,0.21912571907520723,0.5597984393345881,25,30,10
19,2130,0.022359206039090296,0.19871362282851796,0.2191279961258347,0.5597991750065573,25,30,10
19,2131,0.022419089463696005,0.19871362283215088,0.21912820780220976,0.5597390799019434,25,30,10
19,2132,0.02242208539064006,0.19871362283215088,0.21912160543871245,0.5597426863384967,25,30,10
19,2133,0.02242331273965127,0.19871362283421312,0.21911943708121828,0.559743627344917,25,30,10
19,2134,0.02242334790057673,0.19871362283421207,0.21911943550965535,0.5597435937555556,25,30,10
19,2135,0.022420245715977574,0.19871362283421173,0.2191194760009357,0.5597466554488739,25,30,10
19,2136,0.022495453548659946,0.19949933441160378,0.21825855655496695,0.5597466554847681,25,30,10
19,2137,0.022426455704427715,0.19872788412558443,0.21909900474154356,0.5597466554284432,25,30,10
19,2138,0.02242638809672618,0.19872788412557538,0.21909900247715883,0.5597467253005386,25,30,10
19,2139,0.022431280668999656,0.19872788412401246,0.2237558024388438,0.5550850327681446,25,30,10
19,2140,0.022664510685749418,0.19973236753573484,0.22251808871908083,0.5550850330594356,25,30,10
19,2141,0.04017809055019384,0.1997323668711532,0.20500526978701653,0.5550842727916371,25,30,10
19,2142,0.04047219719432185,0.19972535908683067,0.20471817062879008,0.5550842730900548,25,30,10
19,2143,0.04047219954370471,0.1997253590868223,0.20471817002007658,0.5550842713493938,25,30,10
19,2144,0.04047526750069223,0.19972230377960287,0.2047181573728977,0.5550842713468047,25,30,10
19,2145,0.04081953274072095,0.19970779733798186,0.20438839005479234,0.5550842798665022,25,30,10
19,2146,0.04081954777623435,0.19970779733798152,0.20439499490347085,0.5550776599823106,25,30,10
19,2147,0.040819601631150795,0.1997077973380078,0.20438839196270653,0.5550842090681322,25,30,10
19,2148,0.04081960163808707,0.19970835295631495,0.20438783633746258,0.5550842090681329,25,30,10
19,2149,0.040815672813442755,0.19970835295576359,0.199731081878233,0.5597448923525618,25,30,10
19,2150,0.040818846692446405,0.19970835295573855,0.199734244804381,0.5597385555474353,25,30,10
19,2151,0.04081385360198106,0.1997133334133129,0.19973425743246812,0.5597385555522393,25,30,10
19,2152,0.0405271086836388,0.19971333044371342,0.20002101354002427,0.5597385473326217,25,30,10
19,2153,0.04051732615103897,0.19973264182423492,0.2000114849822627,0.5597385470424617,25,30,10
19,2154,0.04051035183682728,0.1997326418241906,0.2000114817874146,0.5597455245515658,25,30,10
19,2155,0.04095927008604482,0.19973263980761968,0.1995626443734107,0.5597454457329261,25,30,10
19,2156,0.04095928522183444,0.19973263980762887,0.1995626445719727,0.5597454303985652,25,30,10
19,2157,0.04093768731860264,0.1997326398187198,0.19958424120270687,0.5597454316599718,25,30,10
19,2158,0.0409386696103792,0.19973263981877223,0.19958424494940363,0.5597444456214461,25,30,10
19,2159,0.04093866961189613,0.1997326398187722,0.19958424496434163,0.5597444456049909,25,30,10
19,2160,0.04094173555011742,0.19973263981874637,0.1995842451022551,0.559741379528882,25,30,10
19,2161,0.04088378502409046,0.19971332846989548,0.1996615069767654,0.5597413795292501,25,30,10
19,2162,0.040884855390646554,0.1996898675990403,0.1996838974903811,0.5597413795199333,25,30,10
19,2163,0.040883843248261026,0.1996898632829752,0.1996849139568272,0.5597413795119379,25,30,10
19,2164,0.040880810422714485,0.1996898632829755,0.19968491455149345,0.5597444117428176,25,30,10
19,2165,0.040877852860041565,0.19968986328296626,0.19968491388351808,0.559747369973475,25,30,10
19,2166,0.04065266445005177,0.1999078565992629,0.19969210926127276,0.5597473696894134,25,30,10
19,2167,0.04065992833728404,0.1999081140229239,0.19968458752317922,0.5597473701166139,25,30,10
19,2168,0.04036865122192317,0.19990787231958554,0.19997610664029872,0.5597473698181912,25,30,10
19,2169,0.04121372962082076,0.19903140662461938,0.20000749390343997,0.5597473698511175,25,30,10
19,2170,0.04121047169119816,0.19903140662461766,0.2000074921551451,0.5597506295290366,25,30,10
19,2171,0.04120726498307706,0.19903140662462404,0.2000043293191847,0.5597569990731119,25,30,10
19,2172,0.04121026193974089,0.19903140662463326,0.20000205199061497,0.559756279445009,25,30,10
19,2173,0.04121019056789162,0.1990314690447078,0.20000206094238998,0.5597562794450088,25,30,10
19,2174,0.041268769417488055,0.19930367460754805,0.19967127652210365,0.5597562794528587,25,30,10
19,2175,0.041213567237714716,0.1990314669524405,0.19999868636624996,0.5597562794435931,25,30,10
19,2176,0.0412227631903347,0.19903146695302204,0.19999875547591495,0.5597470143807267,25,30,10
19,2177,0.041219818952671954,0.19903146695302176,0.19999875402516232,0.5597499600691423,25,30,10
19,2178,0.05142600365171582,0.199031476306556,0.18979254779752444,0.559749972244203,25,30,10
19,2179,0.05141905479021162,0.19903147189044773,0.18973001499289552,0.559819458326443,25,30,10
19,2180,0.051415347534895524,0.19982152957133806,0.18894366484801556,0.5598194580457488,25,30,10
19,2181,0.05141529907520899,0.1998215295713119,0.18894682126552034,0.5598163500879568,25,30,10
19,2182,0.05141487844304502,0.19980711004645374,0.1889616614132354,0.5598163500972635,25,30,10
19,2183,0.051651240884277055,0.19980711004866034,0.18896184931967996,0.5595797997473805,25,30,10
19,2184,0.05165127662922922,0.19980711004866908,0.18896180639356883,0.5595798069285309,25,30,10
19,2185,0.05164814129700801,0.1998071100509688,0.188964941733256,0.5595798069187654,25,30,10
19,2186,0.05091184690605752,0.19980712889009294,0.18970121205350604,0.5595798121503419,25,30,10
19,2187,0.05091876584730575,0.19980712889012828,0.18970121510781676,0.5595728901547476,25,30,10
19,2188,0.05091827155040837,0.19901681365896928,0.19049202472542645,0.5595728900651933,25,30,10
19,2189,0.050915274150432496,0.19901681365897786,0.1904919705200384,0.5595759416705488,25,30,10
19,2190,0.05067890863592086,0.19901681365677182,0.19049178263650496,0.5598124950708003,25,30,10
19,2191,0.05068700983978139,0.19901681365734483,0.1904918260194912,0.5598043504833805,25,30,10
19,2192,0.05068303333203803,0.19901681365730917,0.19049182304224502,0.5598083299684057,25,30,10
19,2193,0.05219507530915329,0.19901681382665803,0.18897976302093356,0.5598083478432543,25,30,10
19,2194,0.0521940930195778,0.19901681382660574,0.18897981677632955,0.5598092763774859,25,30,10
19,2195,0.052191132641670614,0.19901681382659653,0.18897981611687648,0.5598122374148553,25,30,10
19,2196,0.05219805282871264,0.19901681382663983,0.18897981968209746,0.5598053136625488,25,30,10
19,2197,0.05220106491479599,0.1990168138266574,0.1889797649711479,0.5598023562873975,25,30,10
19,2198,0.05219488527313995,0.19901680764505705,0.18898595094018045,0.5598023561416219,25,30,10
19,2199,0.05219793289226171,0.1990168076450946,0.18898595326637554,0.5597993061962674,25,30,10
19,2200,0.052192967294573525,0.19901680764451388,0.18898591083718977,0.5598043142237222,25,30,10
19,2201,0.05219291238638556,0.19901680764454013,0.1889858277609244,0.5598044522081499,25,30,10
19,2202,0.052189949640603625,0.19901938541311456,0.18898621273805027,0.5598044522082315,25,30,10
19,2203,0.051341698793669906,0.19989847095870425,0.1889553780746132,0.5598044521730126,25,30,10
19,2204,0.05134947788088824,0.19989847095877397,0.1889554650309617,0.5597965861293759,25,30,10
19,2205,0.051349427508813016,0.19928915726878657,0.18956482909319736,0.5597965861292029,25,30,10
19,2206,0.05133929671583824,0.1993070575274509,0.1895570596351395,0.5597965861215708,25,30,10
19,2207,0.051336213772599004,0.19930705752743247,0.18955705970918135,0.5597996689907866,25,30,10
19,2208,0.05133631595469962,0.19930705760493736,0.18962523622250277,0.5597313902178602,25,30,10
19,2209,0.05133626091641943,0.19930672417386003,0.1896256246945847,0.5597313902151363,25,30,10
19,2210,0.05128562964745,0.19930670534878128,0.18967627440399634,0.5597313905997728,25,30,10
19,2211,0.049773468578398955,0.1993069583741102,0.19118820037452303,0.5597313726729659,25,30,10
19,2212,0.04977049197744684,0.19930695837409285,0.1911882010413306,0.5597343486071279,25,30,10
19,2213,0.049770458795129244,0.1993073776980879,0.19118781489743866,0.5597343486093429,25,30,10
19,2214,0.049775491534198094,0.19930738208561474,0.19118398456965718,0.5597331418105282,25,30,10
19,2215,0.03957667645412772,0.19987184242861303,0.20081835132875306,0.5597331297885049,25,30,10
19,2216,0.039576623351291376,0.19989430154636792,0.2007959453117412,0.5597331297905975,25,30,10
19,2217,0.03980497960937388,0.19989429708100473,0.20056756780516824,0.5597331555044511,25,30,10
19,2218,0.03980200081006184,0.19989429708099635,0.20056756864309178,0.5597361334658486,25,30,10
19,2219,0.040258271234658735,0.19989429708331066,0.20011129792417226,0.5597361337578564,25,30,10
19,2220,0.04025142091799286,0.19989429708328493,0.20011790197317122,0.5597363800255492,25,30,10
19,2221,0.04025240270825849,0.1998942970833481,0.20011793411141154,0.5597353660969799,25,30,10
19,2222,0.04025226170962105,0.1998942970833835,0.20011793517300105,0.5597355060339927,25,30,10
19,2223,0.04018542155699138,0.19989429707968953,0.20011783702969313,0.5598024443336237,25,30,10
19,2224,0.04018538397735847,0.1998942970796814,0.200117835993316,0.5598024829496421,25,30,10
19,2225,0.04018834571498203,0.19989429707969067,0.20011783419499182,0.5597995230103335,25,30,10
19,2226,0.04018845184992626,0.1998942970796383,0.20011942527161877,0.5597978257988148,25,30,10
19,2227,0.040187488185216676,0.19989526071272767,0.20011942530791627,0.5597978257941375,25,30,10
19,2228,0.04018756203348927,0.19989526071273708,0.2001210484824561,0.5597961287713163,25,30,10
19,2229,0.04018761764377536,0.19989481195198713,0.200121441635004,0.5597961287692321,25,30,10
19,2230,0.04019068208409039,0.1998840118172681,0.20012917733170432,0.5597961287669363,25,30,10
19,2231,0.040187635677970485,0.1998840118172312,0.20012917504185176,0.5597991774629458,25,30,10
19,2232,0.04034766335889919,0.19988416635443518,0.1999689928212076,0.559799177465457,25,30,10
19,2233,0.04034773471834499,0.21106341571024437,0.1887896720960046,0.5597991774754066,25,30,10
19,2234,0.04042146602341389,0.21106341571344978,0.18878993259176774,0.5597251856713693,25,30,10
19,2235,0.040422808841511976,0.210498946152342,0.18460226718273834,0.5644759778234062,25,30,10
19,2236,0.04048974690037443,0.21049894615504897,0.1846024956759033,0.5644088112686719,25,30,10
19,2237,0.04048767987366206,0.21049894615504697,0.1846024970205731,0.5644108769507168,25,30,10
19,2238,0.04049078534576533,0.21049894615504666,0.1846024985636455,0.5644077699355415,25,30,10
19,2239,0.040490816593430824,0.21049894615505493,0.18459934032100464,0.5644108969305086,25,30,10
19,2240,0.04007837826298147,0.21049894678818873,0.1850117783102028,0.5644108966386264,25,30,10
19,2241,0.04007844721888092,0.23929741161786272,0.15621324452959348,0.5644108966336606,25,30,10
19,2242,0.040081354518915084,0.23929763864452716,0.15621011020780537,0.5644108966287501,25,30,10
19,2243,0.011553277638612771,0.23929767356027448,0.18473815301721694,0.5644108957838953,25,30,10
19,2244,0.01155332845256041,0.23929767356028292,0.18473815385005818,0.564410844137098,25,30,10
19,2245,0.0011352318607123404,0.23929763862406148,0.1951562911335744,0.5644108383816513,25,30,10
19,2246,0.001135181035650644,0.2392976386240532,0.19515629036248433,0.5644108899778113,25,30,10
19,2247,0.001076212126268479,0.23929763862141595,0.19515614890077568,0.5644700003515395,25,30,10
19,2248,0.0017471506096860116,0.2392978860655949,0.19448498853763488,0.564469974787083,25,30,10
19,2249,0.0016733847458920603,0.23929788606238106,0.19448470407740218,0.5645440251143237,25,30,10
19,2250,0.0016734357218932037,0.2399077565981815,0.1938747825657742,0.5645440251141496,25,30,10
19,2251,0.0017284584164126522,0.23990775659829908,0.19387488763170999,0.5644888973535763,25,30,10
19,2252,0.0017382850456337498,0.23990775659834981,0.19387327039573576,0.5644806879602784,25,30,10
19,2253,0.0017413184195493828,0.23990471810635305,0.19387327551364894,0.5644806879604465,25,30,10
19,2254,0.001742298533380444,0.23990471810639652,0.19387331858247536,0.5644796647777455,25,30,10
19,2255,0.0016872746292956973,0.2399047181062791,0.19387332936430104,0.5645346779001219,25,30,10
19,2256,0.001690165783537944,0.23990471810627137,0.1938717075965658,0.5645334085136227,25,30,10
19,2257,0.0016901131821502173,0.2399047181062905,0.19386513253899498,0.5645400361725627,25,30,10
19,2258,0.0016871831957504376,0.23990471810632627,0.19386513260391014,0.5645429660940119,25,30,10
19,2259,0.0016871300662201745,0.2244730169143071,0.20929688692558784,0.5645429660938834,25,30,10
19,2260,0.001806471040912866,0.22434612498393477,0.20930443758458644,0.5645429663905638,25,30,10
19,2261,0.001803403991468556,0.22435637462959085,0.20929725498850069,0.5645429663904377,25,30,10
19,2262,0.0018034658475305407,0.22434545688484306,0.20930811086743564,0.5645429664001884,25,30,10
19,2263,0.008528952399542256,0.22434545710741122,0.2025826002370098,0.5645429902560349,25,30,10
19,2264,0.00852888195281469,0.224345915671823,0.2025822121192859,0.5645429902560744,25,30,10
19,2265,0.008538964477666397,0.22434591567288492,0.202582246287403,0.5645328735620436,25,30,10
19,2266,0.008538964774535402,0.22434552215795658,0.20258263950542038,0.5645328735620854,25,30,10
19,2267,0.008417503853923215,0.2244822648223257,0.20256735805358614,0.5645328732701625,25,30,10
19,2268,0.00841743394527939,0.22448226482231656,0.20256735735900605,0.5645329438733957,25,30,10
19,2269,0.008655779872489004,0.22424374526964333,0.20256753069535738,0.564532944162508,25,30,10
19,2270,0.008656691817794987,0.2242437452696411,0.20256758354857193,0.5645319793639897,25,30,10
19,2271,0.008726398092407835,0.22501797272230106,0.20172364927129136,0.5645319799139968,25,30,10
19,2272,0.008720038191703267,0.22501797247896504,0.201784394375992,0.5644775949533388,25,30,10
19,2273,0.008713875085711881,0.22501797247838323,0.2017843247169364,0.5644838277189672,25,30,10
19,2274,0.008702990639299192,0.2250179724773066,0.20178658424259166,0.5644924526408013,25,30,10
19,2275,0.008709981292945208,0.22437993319424365,0.2024176328672073,0.564492452645603,25,30,10
19,2276,0.008706985550744829,0.224379933194235,0.20241763140239433,0.5644954498526252,25,30,10
19,2277,0.008706074454945461,0.2243799331942184,0.20241754728101707,0.5644964450698182,25,30,10
19,2278,0.00869608876466274,0.2243799331941835,0.20241754480599516,0.564506433235158,25,30,10
19,2279,0.008696280332757052,0.22437993319421132,0.20241743180833854,0.5645063546646925,25,30,10
19,2280,0.008693318460277688,0.22437993319421043,0.20241751296778207,0.564509235377729,25,30,10
19,2281,0.008695473365833775,0.224379933194225,0.2024197670332193,0.5645048264067217,25,30,10
19,2282,0.007810043531636885,0.2243796857501396,0.2032368365032947,0.5645734342149273,25,30,10
19,2283,0.007817874324067598,0.22437968575015144,0.2032345479193989,0.5645678920063805,25,30,10
19,2284,0.007808886827065864,0.22437968575017386,0.20323609111044544,0.5645753363123132,25,30,10
19,2285,0.0010535103875526461,0.22437968478210035,0.20989387503227813,0.5646729297980663,25,30,10
19,2286,0.0010515282051197271,0.2398132497877554,0.19446229220429526,0.5646729298028277,25,30,10
19,2287,0.0008218463292291282,0.2390386146779203,0.19546660974471944,0.5646729292481293,25,30,10
19,2288,0.0008218989525912483,0.23903817565670288,0.19546699614023555,0.5646729292504689,25,30,10
19,2289,0.0008258256850614694,0.2390381756567375,0.19546700062491215,0.5646689980332874,25,30,10
19,2290,0.0008260591621954152,0.23903817565908306,0.1954667671479041,0.564668998030816,25,30,10
19,2291,0.0008260751956161255,0.23903854261838586,0.1954663841551792,0.5646689980308177,25,30,10
19,2292,0.0008269877900791994,0.23903763720980076,0.195466376964624,0.5646689980354949,25,30,10
19,2293,0.0008230598155981401,0.23903763720976604,0.19546637248592602,0.5646729304887086,25,30,10
19,2294,0.0008221472195264294,0.23900708312558128,0.19549783917081645,0.5646729304840752,25,30,10
19,2295,0.00082520098205376,0.23900708312558222,0.19549772333607596,0.5646699925562876,25,30,10
19,2296,0.0010462351460281823,0.23900729416523508,0.19528743839553683,0.5646590322931981,25,30,10
19,2297,0.0010383329727083688,0.239007294165183,0.19528743063655418,0.5646669422255528,25,30,10
19,2298,0.001028346321150011,0.2390072941651474,0.19528734515285737,0.5646770143608439,25,30,10
19,2299,0.0010283624185921719,0.23900710848250134,0.1952875147356747,0.56467701436323,25,30,10
19,2300,0.0014842854853244782,0.23900710849190493,0.19952786040943649,0.5599807456133324,25,30,10
19,2301,0.0014843323376755996,0.23900711579526857,0.19952780625160224,0.5599807456154517,25,30,10
19,2302,0.0014864384971446686,0.23900556717671276,0.1995272487154464,0.5599807456106943,25,30,10
19,2303,0.0014864847062332222,0.23839890045350262,0.2001338692197945,0.5599807456204657,25,30,10
19,2304,0.0014935110263232464,0.23839890045352163,0.20013389636929385,0.5599736921508573,25,30,10
19,2305,0.0014935980795250214,0.2383989004535934,0.20013401693414742,0.5599734845327304,25,30,10
19,2306,0.0014905320816637967,0.23839890045354006,0.20013392566168656,0.5599766418031057,25,30,10
19,2307,0.0014884600864117153,0.2383989004535745,0.20013393054315035,0.5599787089168594,25,30,10
19,2308,0.0014864821359595938,0.23839890045347317,0.20013229866515922,0.559982318745404,25,30,10
19,2309,0.0017195579932258094,0.23839939636501759,0.1998987266044302,0.5599823190373224,25,30,10
19,2310,0.00171579686526729,0.23964136998195237,0.19866051412960842,0.5599823190231704,25,30,10
19,2311,0.0017187928886318316,0.2396413699819608,0.19866051425721432,0.5599793228721915,25,30,10
19,2312,0.0017208265267308854,0.23964136998197053,0.19866051394678447,0.5599772895445124,25,30,10
19,2313,0.0017178993505204694,0.23964136998195332,0.19866051415069855,0.5599802165168258,25,30,10
19,2314,0.0017208957634988454,0.23963893521153717,0.19865995251290364,0.5599802165120586,25,30,10
19,2315,0.0017178839646529126,0.2396389352115278,0.19865995323683344,0.5599832275869842,25,30,10
19,2316,0.0017178676880470688,0.23963893521152793,0.19865995287635388,0.5599832442240699,25,30,10
19,2317,0.001717828879873482,0.23963893521151902,0.1986598707723901,0.5599833651362158,25,30,10
19,2318,0.0017137459359157536,0.2396389352115,0.19865984412020826,0.5599874747323743,25,30,10
19,2319,0.0017207014367615176,0.23963893521154364,0.19865984870981823,0.5599805146418749,25,30,10
19,2320,0.0014844238219033474,0.2398529934331013,0.19868206839699212,0.5599805143480016,25,30,10
19,2321,0.0014846171011246422,0.2398529934331466,0.19868217156385284,0.5599802179018744,25,30,10
19,2322,0.0014844954702225395,0.23985299343311997,0.19868217212044448,0.5599803389762118,25,30,10
19,2323,0.0014873171956994663,0.2398529934331188,0.19868217059210644,0.559977518779074,25,30,10
19,2324,0.0017281634394385609,0.23985299343521846,0.19844129976310715,0.5599775433622343,25,30,10
19,2325,0.0017281654439399309,0.2398525987723414,0.19844169242139217,0.5599775433623249,25,30,10
19,2326,0.0017281991210518239,0.2398525987723599,0.19844169534217426,0.5599775067644126,25,30,10
19,2327,0.001728182765917225,0.23985259877235943,0.19844169530281172,0.5599775231589103,25,30,10
19,2328,0.0019682288335501424,0.23985259877500742,0.19843964655901425,0.5597395258324261,25,30,10
19,2329,0.0019683345408292967,0.239852598774981,0.198439643582188,0.5597394231019996,25,30,10
19,2330,0.00197603668803184,0.2398134358296047,0.1984711043711451,0.5597394231112164,25,30,10
19,2331,0.0020428735945503397,0.23981343583180414,0.1984712917483905,0.5596723988252529,25,30,10
19,2332,0.002113515039004757,0.23974253717528615,0.1984715481138874,0.5596723996718195,25,30,10
19,2333,0.0021136069451017504,0.23977391363318235,0.1984400797401549,0.5596723996815587,25,30,10
19,2334,0.0021156212442306832,0.23977391363316453,0.1984400755694612,0.5596703895531413,25,30,10
19,2335,0.0021706149097611396,0.23974123026435556,0.1984177652604647,0.559670389565416,25,30,10
19,2336,0.0021735799223527048,0.23974123026436556,0.19841773892887524,0.559667450884404,25,30,10
19,2337,0.002169657932089726,0.2397412302643218,0.19841784963372747,0.5596712621698589,25,30,10
19,2338,0.0019364293722218121,0.2397407314093603,0.19865157734008507,0.5596712618783315,25,30,10
19,2339,0.0019364660720371872,0.23974073140936888,0.19865157336792902,0.559671229150664,25,30,10
19,2340,0.002000029049291919,0.23974073141259042,0.19878106123414038,0.559478178303976,25,30,10
19,2341,0.0022282536374432695,0.23974073141267663,0.19864877528347916,0.5593822396663992,25,30,10
19,2342,0.0022309702131664607,0.2397407314126133,0.1986486693544143,0.5593796290198036,25,30,10
19,2343,0.0022340178471345197,0.23974073141261307,0.1986487512559434,0.5593764994843068,25,30,10
19,2344,0.002232999655605579,0.23974073141268382,0.1986488732122325,0.559377395719476,25,30,10
19,2345,0.0024682270211319975,0.23974073141638666,0.19864917115451897,0.5591418704079603,25,30,10
19,2346,0.002475198646492147,0.23974073141643018,0.19864917230212353,0.5591348976349524,25,30,10
19,2347,0.0024770519515713574,0.2405198033792367,0.19786824703674466,0.559134897632446,25,30,10
19,2348,0.002307195236672674,0.2405195923513209,0.1642418731307423,0.5929313392812614,25,30,10
19,2349,0.0023042348760917504,0.24051959235131182,0.16424187049691574,0.5929343022756776,25,30,10
19,2350,0.002304181342051774,0.24051959235128553,0.16424187157199505,0.5929343547346645,25,30,10
19,2351,0.0020669005614576508,0.24051959234758916,0.16424157416885415,0.5931719329220957,25,30,10
19,2352,0.0020648494939316943,0.24051959234764264,0.16424150212454036,0.5931740560338825,25,30,10
19,2353,0.002064741654579606,0.2405190101573097,0.1642421921639218,0.5931740560241865,25,30,10
19,2354,0.002067685919752265,0.24050902339798003,0.16424923465579852,0.5931740560264668,25,30,10
19,2355,0.002060767878826523,0.24050902339794533,0.16424923163280705,0.5931809770904187,25,30,10
19,2356,0.0020607668635872663,0.24051606986998394,0.16424218617841388,0.5931809770880125,25,30,10
19,2357,0.0020627634706608944,0.240516069869939,0.1642421438434614,0.5931790228159364,25,30,10
19,2358,0.0020517878552292457,0.24055812218640849,0.1642110671520177,0.593179022806342,25,30,10
19,2359,0.0019369009452580499,0.2405581222396126,0.16431625316193887,0.5931887236531866,25,30,10
19,2360,0.0017118008509154304,0.24055812223697434,0.16431608482785848,0.5934139920842479,25,30,10
19,2361,0.0017118178386200389,0.24055812223698342,0.16431608410811052,0.5934139758162822,25,30,10
19,2362,0.0015936025725489047,0.2405581221848011,0.16444567712086847,0.5934025981217779,25,30,10
19,2363,0.001597605052155644,0.24055812218596048,0.16444578927032016,0.5933984834915601,25,30,10
19,2364,0.0032279910933536715,0.24055812229530724,0.16281554096403006,0.5933983456473056,25,30,10
19,2365,0.002365748254133454,0.2405581221750928,0.16367778463202803,0.5933983449387422,25,30,10
19,2366,0.002360608421449821,0.24055812217399905,0.1635897939155394,0.5934914754890085,25,30,10
19,2367,0.0418723810135882,0.2405581221703974,0.12407804589336464,0.593491450922648,25,30,10
19,2368,0.041869349767362084,0.24055812217039788,0.12407799230897824,0.59349453575326,25,30,10
19,2369,0.04187034817705797,0.24055812217045155,0.12407799622197663,0.5934935334305124,25,30,10
19,2370,0.0411792166753641,0.24055812217432557,0.12476912746511581,0.5934935336851933,25,30,10
19,2371,0.04119012828133971,0.24055812217440498,0.12476913568276864,0.593482613861486,25,30,10
19,2372,0.041190196819172326,0.24055812217442235,0.12477141572295787,0.5934802652834469,25,30,10
19,2373,0.04113513336633771,0.24061272940885,0.12477187195363976,0.5934802652711721,25,30,10
19,2374,0.04113520047601717,0.24058158278481628,0.12480295146799664,0.5934802652711698,25,30,10
19,2375,0.041139180092232316,0.24057828071832835,0.12480227391355171,0.5934802652758875,25,30,10
19,2376,0.04114014151281936,0.24057828071835555,0.12480227837053981,0.5934792993982849,25,30,10
19,2377,0.04068643947530015,0.24057828071567258,0.12525598070146152,0.5934792991075653,25,30,10
19,2378,0.040685477119054576,0.24057828071564535,0.12525597622333867,0.5934802659419609,25,30,10
19,2379,0.04068633658489349,0.2405864836244428,0.12524691384393238,0.5934802659467309,25,30,10
19,2380,0.04069038219852345,0.23934475013967316,0.12648460171031184,0.5934802659514908,25,30,10
19,2381,0.04068840292464402,0.2393447501395843,0.12648459472450313,0.5934822522112677,25,30,10
19,2382,0.040689384200758696,0.23934475013962828,0.12648459789866118,0.593481267760951,25,30,10
19,2383,0.040836129226008946,0.2393447501545922,0.12633785223514782,0.5934812683842501,25,30,10
19,2384,0.02920700971773014,0.23934475977364564,0.13796693550762312,0.593481295001,25,30,10
19,2385,0.029203997234586693,0.23934475977362749,0.13796694797401032,0.5934842950177743,25,30,10
19,2386,0.029205014486272714,0.23934475977355738,0.13796682605103222,0.5934833996891368,25,30,10
19,2387,0.04114877504986304,0.2393447501450015,0.12602310175607243,0.5934833730490624,25,30,10
19,2388,0.04114905606485644,0.23934475014658194,0.12602310699248126,0.5934830867960796,25,30,10
19,2389,0.04115997077388604,0.23934475014667028,0.12602311422697046,0.5934721648524729,25,30,10
19,2390,0.04115997638482117,0.23935541790202192,0.1260124408704734,0.5934721648426822,25,30,10
19,2391,0.04115301678337347,0.2387524651170799,0.12662235326154384,0.5934721648380016,25,30,10
19,2392,0.04114516779791968,0.23875246511698323,0.12662234781817205,0.5934800192669237,25,30,10
19,2393,0.04115301565783122,0.2387447940478812,0.12662217101797288,0.5934800192763134,25,30,10
19,2394,0.04121988847465862,0.23874479405008908,0.12662006930757208,0.593415248167679,25,30,10
19,2395,0.04121687732916956,0.23874479405007268,0.1266200684244757,0.593418260196281,25,30,10
19,2396,0.04121687641385154,0.2387447940500722,0.12662006839485931,0.5934182611412159,25,30,10
19,2397,0.041223847009779845,0.23874479405010615,0.12662007242754422,0.5934112865125687,25,30,10
19,2398,0.04122287831492102,0.23874479404894647,0.12661995775869067,0.5934123698774411,25,30,10
19,2399,0.04121982818929121,0.2387447940489463,0.12661995771541956,0.5934154200463422,25,30,10
19,2400,0.04115274562214468,0.2387447940370251,0.1205554496556633,0.5995470106851661,25,30,10
19,2401,0.04108901348786717,0.2387447940348275,0.12055534440820345,0.5996108480691009,25,30,10
19,2402,0.04109102763961606,0.23874479403479296,0.1205553414657895,0.5996088368598004,25,30,10
19,2403,0.041084019514035924,0.23999003161471355,0.11931711201608336,0.5996088368551661,25,30,10
19,2404,0.04108394807571307,0.23999036152206485,0.11931685354718813,0.5996088368550323,25,30,10
19,2405,0.041068893595223095,0.23999036152206293,0.11931677490694076,0.5996239699757718,25,30,10
19,2406,0.041058910547858034,0.2400002096543993,0.11931690982179384,0.5996239699759474,25,30,10
19,2407,0.0410579462691278,0.24002357314991102,0.11929451060978181,0.599623969971178,25,30,10
19,2408,0.04112667308517705,0.2400235731510338,0.1192954356278858,0.5995543181359018,25,30,10
19,2409,0.04112379874742358,0.2400265761742366,0.11929530694239045,0.5995543181359476,25,30,10
19,2410,0.04112703978450801,0.2400233371806067,0.11929530489876881,0.5995543181361147,25,30,10
19,2411,0.04063467254426516,0.24002333717685068,0.11978767273649231,0.5995543175423901,25,30,10
19,2412,0.0405686074598631,0.24002333717414778,0.11978674458095628,0.5996213107850311,25,30,10
19,2413,0.04055771089430202,0.2400233371740777,0.11978673651506408,0.5996322154165546,25,30,10
19,2414,0.04056089988226305,0.240023337174052,0.1197914382708695,0.5996243246728139,25,30,10
19,2415,0.04056387949149588,0.24002333717406052,0.11979140991482312,0.599621373419619,25,30,10
19,2416,0.04050410152101684,0.24002333717191512,0.11979134372802636,0.5996812175790407,25,30,10
19,2417,0.07850774104904783,0.2400233375161442,0.0818358986251116,0.5996330228096954,25,30,10
19,2418,0.07850478042469838,0.24002333751613517,0.08183589798028512,0.5996359840788804,25,30,10
19,2419,0.07850476475020021,0.24002333751612692,0.08183589742459957,0.5996360003090725,25,30,10
19,2420,0.07850378476293252,0.24002333751609264,0.08183589390041314,0.5996369838205606,25,30,10
19,2421,0.0787470249641345,0.2400233375192604,0.08183838889055037,0.5993912486260539,25,30,10
19,2422,0.044186531542094946,0.24002335291482077,0.11644377816200857,0.5993463373810748,25,30,10
19,2423,0.04418628480733368,0.2400233529148367,0.11643907572152214,0.5993512865563063,25,30,10
19,2424,0.044192375697847515,0.2392442765911733,0.11721206114248733,0.5993512865684933,25,30,10
19,2425,0.04395328317396701,0.23924427658802624,0.11720957023633263,0.5995928700016755,25,30,10
19,2426,0.043954212875536885,0.2392442765881586,0.11720958036511314,0.5995919301711925,25,30,10
19,2427,0.04395720963939449,0.23924427658816771,0.11720958198949537,0.5995889317829435,25,30,10
19,2428,0.04367490311488636,0.23924427661766412,0.11749188820543367,0.5995889320620136,25,30,10
19,2429,0.04367195975620695,0.23924427661766398,0.11749188613987271,0.5995918774862546,25,30,10
19,2430,0.04373895399325438,0.23924427662084446,0.11749210228272577,0.5995246671031741,25,30,10
19,2431,0.043807836194906094,0.2391749630335501,0.11749253338057734,0.5995246673909649,25,30,10
19,2432,0.0438048400775672,0.23917496303356756,0.11749253221117288,0.5995276646776909,25,30,10
19,2433,0.04380091617899505,0.23917496303352362,0.1174926102211036,0.5995315105663767,25,30,10
19,2434,0.04403912537263926,0.23917496303872615,0.11749514203198831,0.5992907695566452,25,30,10
19,2435,0.04405228201788115,0.23741995657289153,0.11923699183940313,0.599290769569824,25,30,10
19,2436,0.04405228231010591,0.23741995657289153,0.11923699184096376,0.5992907692760386,25,30,10
19,2437,0.04404930212611528,0.23741995657290949,0.11923691010515894,0.599293831195816,25,30,10
19,2438,0.08335526721223968,0.23741995653954714,0.07993094561513885,0.5992938306330748,25,30,10
19,2439,0.08311798698918688,0.2374199565343796,0.07992841677874131,0.5995336396976927,25,30,10
19,2440,0.08311511249059292,0.23741995653438835,0.07992841598376887,0.5995365149912505,25,30,10
19,2441,0.08311395993047624,0.23741995653437684,0.0799284120455695,0.5995376714895779,25,30,10
19,2442,0.08310690088897064,0.2374199565343229,0.07992829143151912,0.5995448511451876,25,30,10
19,2443,0.08310681637982502,0.2374056879867512,0.0799426444761892,0.5995448511572345,25,30,10
19,2444,0.0831086735130025,0.2374056879869284,0.08031650867050515,0.5991691298295636,25,30,10
19,2445,0.08310854562397746,0.23740568798694528,0.08031654089124574,0.5991692254978314,25,30,10
19,2446,0.08310537221978982,0.23742320697615962,0.08030219531847622,0.5991692254855743,25,30,10
19,2447,0.04683001289914443,0.23742320697623145,0.11657754900035436,0.5991692311242696,25,30,10
19,2448,0.046897074781543105,0.23742320697846747,0.11657778071493759,0.5991019375250517,25,30,10
19,2449,0.04689709092518131,0.2374232069784053,0.11657777756373722,0.5991019245326759,25,30,10
19,2450,0.0468970207226005,0.23742320697839578,0.11657777886806046,0.5991019934309431,25,30,10
19,2451,0.04689989420729787,0.2374232069783864,0.11657777820480421,0.5990991206095114,25,30,10
19,2452,0.046901911658342295,0.23742320697835212,0.11657780676604118,0.5990970745972642,25,30,10
19,2453,0.046835043189624566,0.23749065603193326,0.11657722647866343,0.5990970742997785,25,30,10
19,2454,0.046838022921350884,0.23809704690899153,0.11596785586758122,0.5990970743020764,25,30,10
19,2455,0.04707623309376946,0.23809704691123315,0.11596805040618786,0.5988586695888094,25,30,10
19,2456,0.04714303873968237,0.23809704691490993,0.115968266404788,0.5987916479406197,25,30,10
19,2457,0.04714517457093821,0.23809704691485767,0.1159682606894229,0.598789517824781,25,30,10
19,2458,0.04714219242216017,0.23809704691484876,0.1159705084986851,0.5987902521643058,25,30,10
19,2459,0.04714631290364209,0.2380710671966573,0.11599236771359632,0.598790252186104,25,30,10
19,2460,0.047149276329666104,0.23806810767368652,0.11599236381071032,0.5987902521859365,25,30,10
19,2461,0.04715082963331394,0.23806844559687648,0.11599047258082062,0.5987902521889902,25,30,10
19,2462,0.04708702078282868,0.23806844559319199,0.11599025648471378,0.5988542771392664,25,30,10
19,2463,0.04701894251189514,0.2380684455910175,0.11599003422850092,0.5989225776685871,25,30,10
19,2464,0.0470219381118743,0.2380684455910095,0.11599003261596286,0.598919583681154,25,30,10
19,2465,0.043702009528838494,0.23806843034277986,0.11931000274597013,0.5989195573824113,25,30,10
19,2466,0.04369903517901463,0.23806843034278835,0.11931000479434703,0.5989225296838498,25,30,10
19,2467,0.04370001654734553,0.23806843034286074,0.11931000897439947,0.5989215441353938,25,30,10
19,2468,0.04369378133947948,0.2398165185746458,0.11756815595885872,0.598921544127015,25,30,10
19,2469,0.04369090882130612,0.2398165185746551,0.11756819661265981,0.5989243759913779,25,30,10
19,2470,0.043453612265307216,0.23981651857244793,0.11756800497293028,0.5991618641893137,25,30,10
19,2471,0.04345361196326472,0.2398165185724476,0.11756572801485289,0.5991641414494339,25,30,10
19,2472,0.04345066983015679,0.23981651857244823,0.11756584392666491,0.5991669676707291,25,30,10
19,2473,0.04345072236668581,0.23981651857243894,0.11756584165909809,0.5991669174017761,25,30,10
19,2474,0.04345065323608968,0.23981651857241246,0.11756572385616022,0.5991671043353368,25,30,10
19,2475,0.04337697579149876,0.23989045884228877,0.11756546187030285,0.5991671034959088,25,30,10
19,2476,0.0436378781058719,0.239890494231361,0.11730439810642235,0.5991672295563444,25,30,10
19,2477,0.04376040286822442,0.2398904942335916,0.11730467905109532,0.5990444238470884,25,30,10
19,2478,0.043760332643315074,0.23989049423358175,0.11730463838663617,0.5990445347364668,25,30,10
19,2479,0.04376024687148451,0.23989049423355455,0.11730463692242134,0.5990446219725392,25,30,10
19,2480,0.04173351796425097,0.2398904943309895,0.11933135797982039,0.5990446297249392,25,30,10
19,2481,0.041961501401337815,0.23989037421798912,0.11910349303513777,0.5990446313455331,25,30,10
19,2482,0.04219868704661505,0.22083703757574977,0.13791910469881996,0.599045170678813,25,30,10
19,2483,0.04181128862013768,0.22083700515515417,0.13830666117117943,0.5990450450535267,25,30,10
19,2484,0.04182149016204969,0.2208370051562089,0.13830985555137199,0.5990316491303672,25,30,10
19,2485,0.04057918361275345,0.22083700505850082,0.13955217560563213,0.5990316357231111,25,30,10
19,2486,0.040582634181632084,0.2208371305996449,0.1395485995970305,0.5990316356216903,25,30,10
19,2487,0.0405855772535696,0.2208371305996443,0.1395484836612621,0.5990288084855218,25,30,10
19,2488,0.040582106968096804,0.22083718024054758,0.13955190384436114,0.5990288089469924,25,30,10
19,2489,0.04059007729136696,0.2208292015678427,0.13955191218419077,0.5990288089565978,25,30,10
19,2490,0.04082152198619481,0.22082920157034225,0.1391783087898803,0.5991709676535816,25,30,10
19,2491,0.040817402381431195,0.22085533982403668,0.1391562901649589,0.5991709676295724,25,30,10
19,2492,0.04080662879428642,0.22086555782543443,0.13915684575303838,0.5991709676272399,25,30,10
19,2493,0.04080368693205907,0.2208655578254355,0.13915684657223204,0.5991739086702725,25,30,10
19,2494,0.04080668068780216,0.22086555782542583,0.13915684567914244,0.5991709158076287,25,30,10
19,2495,0.04056914275238002,0.22086534435116778,0.13939459872692192,0.5991709141695293,25,30,10
19,2496,0.040578186372365516,0.2208653443522833,0.13939470726357958,0.5991617620117706,25,30,10
19,2497,0.04058118290816693,0.2208653443522748,0.13939470715549807,0.5991587655840591,25,30,10
19,2498,0.04058118474380538,0.22086518315216733,0.13939486651762806,0.5991587655863982,25,30,10
19,2499,0.040351809534382,0.2208651831495263,0.13939460871964507,0.5993883985964458,25,30,10
19,2500,0.04035179566714534,0.22086518314951728,0.13939463668602833,0.5993883844973079,25,30,10
19,2501,0.04035277694147392,0.220864205876507,0.13939463267998983,0.5993883845020281,25,30,10
19,2502,0.0403518120074168,0.2208651731929608,0.13939463030214522,0.5993883844974761,25,30,10
19,2503,0.04028819606145184,0.22086517318978388,0.1392651468313505,0.5995814839174125,25,30,10
19,2504,0.04074735720307097,0.22115985179114836,0.13851129094895237,0.5995815000568273,25,30,10
19,2505,0.04108387687415384,0.2211598517911377,0.13851128763688134,0.5992449836978266,25,30,10
19,2506,0.04102348571305062,0.22115985182370712,0.13857166963552087,0.5992449928277207,25,30,10
19,2507,0.041099367653191214,0.221159851791941,0.13849579667371453,0.5992449838811525,25,30,10
19,2508,0.041099406619018314,0.22115985179194947,0.13849587678135217,0.5992448648076794,25,30,10
19,2509,0.0410994792358472,0.2211598517919496,0.138495961274966,0.5992447076972364,25,30,10
19,2510,0.041167261224250816,0.22109181944204576,0.13849621106573048,0.5992447082679722,25,30,10
19,2511,0.04116429976170125,0.22109181944208184,0.1384962152409604,0.5992476655552555,25,30,10
19,2512,0.04122716916432438,0.22109181944423614,0.13849867291283668,0.5991823384786017,25,30,10
19,2513,0.04121507669351903,0.2210918194431206,0.1384985644007747,0.5991945394625845,25,30,10
19,2514,0.040763745103299345,0.220797389355634,0.13924434182338824,0.5991945237176777,25,30,10
19,2515,0.04076087100261608,0.22079738935566076,0.13924434377745584,0.5991973958642669,25,30,10
19,2516,0.040955864326947304,0.22381874935370566,0.13602799045375508,0.5991973958655913,25,30,10
19,2517,0.04088818920149948,0.22388667609556723,0.1360277393984645,0.5991973953044681,25,30,10
19,2518,0.04082156674314549,0.22388667609292326,0.13602752806088872,0.5992642291030419,25,30,10
19,2519,0.040752636175698395,0.22388667609083923,0.1360250730815803,0.5993356146518816,25,30,10
19,2520,0.040752652555045454,0.223878931540958,0.1360328012448879,0.599335614659108,25,30,10
19,2521,0.04075272117043876,0.22387893154097546,0.13603280197776624,0.5993355453108188,25,30,10
19,2522,0.04074972291913441,0.22387893154096683,0.1360327752262886,0.5993385703136094,25,30,10
19,2523,0.040983036276561975,0.2236351449328388,0.13604324805058585,0.5993385707400127,25,30,10
19,2524,0.04098033921494567,0.22363514493291123,0.1360433262509608,0.5993411896011813,25,30,10
19,2525,0.040987188843765135,0.22363514493291903,0.1360433672465856,0.5993342989767292,25,30,10
19,2526,0.04098417558143434,0.22364588116695538,0.13603564428206208,0.5993342989695472,25,30,10
19,2527,0.04098682041689237,0.22364588116689135,0.13603556569546132,0.599331732720754,25,30,10
19,2528,0.04098974993930678,0.22364588116688247,0.1360355650932817,0.5993288038005281,25,30,10
19,2529,0.04098967893610051,0.22364588116684597,0.13603556030562508,0.5993288795914274,25,30,10
19,2530,0.040981489932190585,0.22364588116574727,0.13603236227836443,0.5993402666236963,25,30,10
19,2531,0.042957238934569195,0.2236458315611198,0.1340566624978996,0.5993402670064107,25,30,10
19,2532,0.0429612168599847,0.2236458315611461,0.1340566653471759,0.5993362862316925,25,30,10
19,2533,0.04296114635116882,0.22364583156116413,0.13406318555742114,0.599329836530245,25,30,10
19,2534,0.041043260605334586,0.2236458315278779,0.13598107173824642,0.5993298361285401,25,30,10
19,2535,0.041043276701500535,0.22364583152788678,0.13598107240416568,0.599329819366446,25,30,10
19,2536,0.041049265413115765,0.22364583152782416,0.13598115180694823,0.5993237512521107,25,30,10
19,2537,0.04105604540682856,0.22363961273110938,0.13598059061246226,0.5993237512495988,25,30,10
19,2538,0.04105599009896026,0.22363961273109964,0.13597398596656293,0.5993304112033763,25,30,10
19,2539,0.04105706241955443,0.22363961273102986,0.13597397852605925,0.5993293463233555,25,30,10
19,2540,0.041051900859902714,0.22365365771748433,0.13596509551720584,0.5993293459054059,25,30,10
19,2541,0.04104794168859601,0.2236536577174585,0.1359650532651431,0.5993333473288011,25,30,10
19,2542,0.04105890790038446,0.22240437010261338,0.1372033746682672,0.5993333473287321,25,30,10
19,2543,0.04105293262352485,0.22069239787608289,0.138921322171657,0.5993333473287324,25,30,10
19,2544,0.04104998926589402,0.22069239787608289,0.1389213221564581,0.5993362907015621,25,30,10
19,2545,0.04104694553925648,0.22069239787608264,0.13892602196322804,0.59933463462143,25,30,10
19,2546,0.0408137696657947,0.22093659615391384,0.13891499998287982,0.5993346341974088,25,30,10
19,2547,0.0408106497228633,0.22093971882205213,0.13891499726243686,0.5993346341926449,25,30,10
19,2548,0.0408086325346818,0.22093971882208685,0.13891500235688853,0.5993366462863401,25,30,10
19,2549,0.040811542746383156,0.22093971882205948,0.13891511413157617,0.5993336242999792,25,30,10
19,2550,0.040814517790681265,0.22093971882207858,0.13891503304400327,0.5993307303432353,25,30,10
19,2551,0.040806618217335354,0.22218594520564164,0.137676706243284,0.5993307303337373,25,30,10
19,2552,0.04080276420366427,0.22218594520560708,0.13767670433636078,0.5993345862543664,25,30,10
19,2553,0.05060506123746168,0.2191643323785412,0.13089599583185538,0.5993346105521405,25,30,10
19,2554,0.050600029200521056,0.2191689676407947,0.13089639260167935,0.5993346105570039,25,30,10
19,2555,0.050147883648041194,0.21916896763860907,0.13089617149705993,0.5997869772162887,25,30,10
19,2556,0.05014799302790693,0.2191688582610455,0.13089617149232805,0.5997869772187184,25,30,10
19,2557,0.050627865816255696,0.2191688582914919,0.13041629798540255,0.5997869779068487,25,30,10
19,2558,0.05039359000497747,0.2382188908006803,0.1116010806256141,0.5997864385687255,25,30,10
19,2559,0.05039365819450932,0.23821889080068967,0.11160096548384461,0.5997864855209536,25,30,10
19,2560,0.0503867368742609,0.2382188908006545,0.1116009104513387,0.5997934618737432,25,30,10
19,2561,0.0503896096814533,0.23821601849010246,0.11160090995487247,0.5997934618735691,25,30,10
19,2562,0.0444415820076009,0.23821601995999037,0.11754895796417512,0.5997934400682311,25,30,10
19,2563,0.044439498421086715,0.23821601996001632,0.11754896026927669,0.5997955213496177,25,30,10
19,2564,0.04444269344288349,0.2382162640925145,0.11754552097368284,0.599795521490918,25,30,10
19,2565,0.044441713408459566,0.23821626409247149,0.11754560050405756,0.5997964219950103,25,30,10
19,2566,0.04444963243389584,0.23821626409254193,0.11754560809976905,0.5997884953737928,25,30,10
19,2567,0.044452697561087884,0.23821626409257668,0.1175455275460651,0.59978551080027,25,30,10
19,2568,0.044452665777416175,0.2382162640925576,0.11754552757253314,0.5997855425574925,25,30,10
19,2569,0.04148028490995153,0.23821627275961021,0.12051745691042756,0.599785985420009,25,30,10
19,2570,0.04148831380830674,0.23820768250321941,0.12051801826116476,0.5997859854273073,25,30,10
19,2571,0.04148842033309383,0.2382076825032021,0.12051964029964018,0.5997842568640618,25,30,10
19,2572,0.0414774698956849,0.238207682503132,0.12051963381420915,0.5997952137869718,25,30,10
19,2573,0.041484441427731326,0.23820768250317592,0.12051963490590391,0.5997882411631871,25,30,10
19,2574,0.037666485187192615,0.2382076809379446,0.12433759417636299,0.5997882396984964,25,30,10
19,2575,0.03766143016833307,0.23820793031223453,0.12434239997173795,0.5997882395476909,25,30,10
19,2576,0.039032325195703856,0.23820792187406992,0.12297186733841559,0.5997878855918062,25,30,10
19,2577,0.03903634845113956,0.23820792187511422,0.12297181248645725,0.5997839171872846,25,30,10
19,2578,0.03904020126010469,0.23820792187515769,0.12297181454744202,0.5997800623172913,25,30,10
19,2579,0.03905115999910173,0.2382079218752372,0.12296711876382854,0.5997737993618284,25,30,10
19,2580,0.03814542315127106,0.2382079269571643,0.12387291594156899,0.5997737339499914,25,30,10
19,2581,0.03795113762815855,0.23820792737669336,0.1240672020165359,0.5997737329786081,25,30,10
19,2582,0.037911185887031254,0.23820792695232235,0.12410715462945517,0.5997737325311872,25,30,10
19,2583,0.03790881658083937,0.23820792695182988,0.12411375724355818,0.5997694992237687,25,30,10
19,2584,0.0378978421680481,0.23821172886875744,0.12412092974901955,0.5997694992141711,25,30,10
19,2585,0.03788994049897344,0.23821172886869582,0.1241209250507815,0.5997774055815451,25,30,10
19,2586,0.03788901069546609,0.23821172886866093,0.1241143178071059,0.599784942628763,25,30,10
19,2587,0.0378903313868925,0.23821123038309078,0.12411349558894663,0.599784942641066,25,30,10
19,2588,0.037888315450014746,0.2382112303831347,0.12411349777988004,0.5997869563869666,25,30,10
19,2589,0.037892171211806075,0.23821123038316883,0.12437809182459039,0.5995185065804314,25,30,10
19,2590,0.037895184628345964,0.23821123038319633,0.12437820815361271,0.5995153768348416,25,30,10
19,2591,0.03789511535335686,0.2382112303831871,0.12437820684888128,0.5995154474145714,25,30,10
19,2592,0.037895324380036545,0.2382112303832605,0.12411199748917356,0.5997814477475256,25,30,10
19,2593,0.037891405444594566,0.2382112303832172,0.12411207690884163,0.5997852872633431,25,30,10
19,2594,0.03789140637798427,0.23821896351157018,0.12410434284709881,0.5997852872633431,25,30,10
19,2595,0.037890493838949144,0.23821896351152624,0.12410437967792604,0.5997861629715949,25,30,10
19,2596,0.03789044167562865,0.23821896351148933,0.12410437654729665,0.5997862182655823,25,30,10
19,2597,0.03789256454661064,0.2399343872933013,0.12238682989926222,0.599786218260823,25,30,10
19,2598,0.03790062937621643,0.23993438729387428,0.12238849529808475,0.5997764880318219,25,30,10
19,2599,0.03790791133022573,0.23992693411119345,0.12238866652642959,0.5997764880321489,25,30,10
19,2600,0.03790798140316508,0.23992693411128418,0.12238875567192294,0.5997763288136254,25,30,10
19,2601,0.03790798231953325,0.23992693411129312,0.12238875629050282,0.5997763272786686,25,30,10
19,2602,0.037905773746990626,0.2399291431782887,0.12238875579154318,0.5997763272831754,25,30,10
19,2603,0.03789854318981957,0.23993655029658448,0.12238857923078983,0.5997763272828041,25,30,10
19,2604,0.07392355595940811,0.23993655029983516,0.08636356642483602,0.5997763273159207,25,30,10
19,2605,0.07392057651949782,0.23993655029980965,0.0863635660614083,0.5997793071192842,25,30,10
19,2606,0.07786914858803166,0.23993655038893827,0.08241499349508144,0.5997793075279485,25,30,10
19,2607,0.07810123774130798,0.23993655039101028,0.08241521235319954,0.5995469995144821,25,30,10
19,2608,0.07810025588089485,0.23993655039096637,0.0824152091604048,0.5995479845677341,25,30,10
19,2609,0.07808933000313495,0.23993655038989664,0.08241745663448594,0.5995566629724826,25,30,10
19,2610,0.07831974095146144,0.23993655038998604,0.08241749983612001,0.5993262088224326,25,30,10
19,2611,0.07832270281598426,0.23993359435060882,0.08241749401093258,0.5993262088224744,25,30,10
19,2612,0.07831958219114651,0.2399371090013625,0.08241709998505894,0.5993262088224321,25,30,10
19,2613,0.07831669024918263,0.23994000142240693,0.08241709950597727,0.5993262088224333,25,30,10
19,2614,0.07807743395039016,0.23994000142022706,0.08241687623738986,0.5995656883919929,25,30,10
19,2615,0.0780774002766043,0.2399400014202083,0.08241679894943614,0.5995657993537512,25,30,10
19,2616,0.07734046283424861,0.23994018836738668,0.08315350512156826,0.5995658436767966,25,30,10
19,2617,0.07734253071682926,0.2386998325869129,0.0843917930240518,0.5995658436722061,25,30,10
19,2618,0.07787894262087748,0.23869964579283676,0.08385465662718376,0.5995667549591022,25,30,10
19,2619,0.07787994138821047,0.2386996457928901,0.083854660460852,0.5995657523580477,25,30,10
19,2620,0.07787902905426183,0.23869964579286443,0.08385465800150736,0.5995666671513665,25,30,10
19,2621,0.07788600325049946,0.23869964579288225,0.08385465876321677,0.5995596921934017,25,30,10
19,2622,0.07788601935472247,0.23868909789398254,0.08386519055551543,0.599559692195779,25,30,10
19,2623,0.0778870558879136,0.2386884595000978,0.08386479241618432,0.5995596921958034,25,30,10
19,2624,0.07788791549037315,0.2386870135006536,0.08386537880849225,0.5995596922004801,25,30,10
19,2625,0.07788493579905548,0.23868701350064586,0.08386541922317053,0.5995626314771272,25,30,10
19,2626,0.07789203243181463,0.2386870135006815,0.08386542216350211,0.5995555319040008,25,30,10
19,2627,0.0778919995006172,0.238687013500681,0.08386542112154301,0.5995555658771579,25,30,10
19,2628,0.0778949955235151,0.23868701350069052,0.08386542131187232,0.5995525696639212,25,30,10
19,2629,0.07790413788148952,0.2386777371309815,0.08386555531113724,0.5995525696763907,25,30,10
19,2630,0.07790315786637947,0.2386478356951792,0.08389643676660033,0.59955256967184,25,30,10
19,2631,0.047069330851739845,0.23864908121392925,0.11472997298082983,0.5995516149535003,25,30,10
19,2632,0.03812559456017784,0.23994886524888692,0.12237388320055112,0.5995516569903818,25,30,10
19,2633,0.038127205877008165,0.23993469624277133,0.12238644090198908,0.599551656978231,25,30,10
19,2634,0.03812727567645597,0.23993469624280706,0.12238648341615173,0.5995515446645847,25,30,10
19,2635,0.038124210822857905,0.2399346962427889,0.12238644263811707,0.5995546502962353,25,30,10
19,2636,0.03812507255239381,0.23993469624275968,0.12238638493322172,0.599553846271624,25,30,10
19,2637,0.03812214515936922,0.23993469624276853,0.12238634562420547,0.599556812973656,25,30,10
19,2638,0.038123110129600055,0.23993469624281155,0.12238631026121799,0.5995558833663696,25,30,10
19,2639,0.03835657359100308,0.2399346962428844,0.12238640106680815,0.5993223290993036,25,30,10
19,2640,0.038356608298333164,0.23993469624290348,0.12238644101349834,0.5993222544452643,25,30,10
19,2641,0.021594699792788597,0.23993469095580874,0.13913444886179882,0.599336160389601,25,30,10
19,2642,0.021595678860968547,0.2399346909558433,0.13913445190031914,0.5993351782828662,25,30,10
19,2643,0.0215957502790873,0.24117290903985203,0.1378961623982772,0.5993351782827808,25,30,10
19,2644,0.021598868817836098,0.2411729090398351,0.13789396675131393,0.5993342553910127,25,30,10
19,2645,0.021601897582021152,0.2411729090398618,0.13789396817693333,0.5993312252011814,25,30,10
19,2646,0.021594906030288165,0.24117290903984367,0.13789396437534665,0.599338220554519,25,30,10
19,2647,0.02159294626493373,0.2411729090399077,0.1378948800465783,0.599339264648578,25,30,10
19,2648,0.02158983956044271,0.2411682819697192,0.13790261382124158,0.5993392646485943,25,30,10
19,2649,0.021589718099740304,0.24116828196975393,0.13790253179899462,0.5993394681315088,25,30,10
19,2650,0.021589768650732196,0.24117729207568342,0.13789347114224054,0.5993394681313415,25,30,10
19,2651,0.040684979566559754,0.2411773008692955,0.11881120382425628,0.599326515739888,25,30,10
19,2652,0.04171848343708406,0.24174383208417818,0.11721116833290149,0.5993265161458363,25,30,10
19,2653,0.04175523917966302,0.24174382509631429,0.11717538005767977,0.5993255556663428,25,30,10
19,2654,0.04175609877753162,0.24174382509634007,0.11717542092444166,0.5993246552016865,25,30,10
19,2655,0.04175913004557523,0.24174382509631281,0.1171753792877062,0.5993216655704056,25,30,10
19,2656,0.041761180012631606,0.24174382509629655,0.11717537779803551,0.599319617093036,25,30,10
19,2657,0.04176118212264643,0.24176623041230616,0.11715297036967218,0.5993196170953748,25,30,10
19,2658,0.041761128233963996,0.24176560067072714,0.11715365400227426,0.5993196170930343,25,30,10
19,2659,0.043931342407444056,0.2411990696381417,0.11554997032256537,0.5993196176318485,25,30,10
19,2660,0.043924352239365784,0.24119906963811502,0.11554996687114326,0.5993266112513757,25,30,10
19,2661,0.04392130465197425,0.2412017262156456,0.11555035789073718,0.5993266112416424,25,30,10
19,2662,0.04075160262607552,0.2412018512325022,0.11871993482307529,0.5993266113183477,25,30,10
19,2663,0.040818002727999965,0.24046474488030853,0.1193898536709957,0.5993273987206978,25,30,10
19,2664,0.04081685939561228,0.24046474487976166,0.11938820594989893,0.5993301897747292,25,30,10
19,2665,0.040816930400245,0.24046474487976272,0.1193904839536332,0.5993278407663609,25,30,10
19,2666,0.040583450956561275,0.24046474487968095,0.11939039453400356,0.5995614096297559,25,30,10
19,2667,0.040583451019549396,0.24046474487968095,0.11939039454576969,0.5995614095550016,25,30,10
19,2668,0.04057787668914783,0.24047026067292662,0.11939045307639994,0.5995614095615269,25,30,10
19,2669,0.040574091786281886,0.24047026067289284,0.119390436372178,0.5995652111686486,25,30,10
19,2670,0.04058111982151749,0.24047096436467055,0.1193827046404225,0.5995652111733901,25,30,10
19,2671,0.04058406268410615,0.24047096436467036,0.1196489445362249,0.599296028414999,25,30,10
19,2672,0.04081654472395736,0.2404709643647088,0.11964897966379294,0.5990635112475414,25,30,10
19,2673,0.04081661369189301,0.2404707471620181,0.11964912789361457,0.5990635112524746,25,30,10
19,2674,0.040816507155972875,0.24047100115997108,0.11964898043651452,0.5990635112475419,25,30,10
19,2675,0.040818536180168945,0.24047100115989903,0.1196480661746482,0.5990623964852841,25,30,10
19,2676,0.040821531478333,0.24047100115989042,0.11964809244072391,0.5990593749210529,25,30,10
19,2677,0.04082750581005404,0.2404710011598721,0.11964809159731984,0.5990534014327538,25,30,10
19,2678,0.04082738204485373,0.24047100115988915,0.11964809274382762,0.5990535240514294,25,30,10
19,2679,0.04083145412606707,0.24047100115989026,0.11964814583703896,0.5990493988770037,25,30,10
19,2680,0.04100060276293038,0.24047100116103529,0.11964842751035787,0.5988799685656763,25,30,10
19,2681,0.04100294134551169,0.24047100116102096,0.11965502994683899,0.5988710275466281,25,30,10
19,2682,0.04077251277873927,0.24047100116098044,0.11965500966669917,0.5991014763935809,25,30,10
19,2683,0.04077556192947347,0.23923005436011238,0.12089290731678913,0.5991014763936227,25,30,10
19,2684,0.04076859019983314,0.23923701159547972,0.1208929218085021,0.5991014763961827,25,30,10
19,2685,0.04073153973237886,0.23923688647145647,0.12092889182056421,0.5991026819755993,25,30,10
19,2686,0.040809281082273635,0.23923688647671237,0.12092915875134025,0.5990246736896723,25,30,10
19,2687,0.04080635552056536,0.23923688647673041,0.12066295003841412,0.5992938079642885,25,30,10
19,2688,0.04080644195153161,0.23923748216108745,0.1206622679158223,0.5992938079715571,25,30,10
19,2689,0.04057618314959533,0.23923748216104307,0.12066214504340325,0.5995241896459568,25,30,10
19,2690,0.04057525376747449,0.23923748216099927,0.12066219735337375,0.5995250667181511,25,30,10
19,2691,0.04056854272868304,0.23923748216101007,0.12075446640632113,0.5994395087039843,25,30,10
19,2692,0.040490749743476905,0.2392374821557632,0.12075417117390519,0.5995175969268532,25,30,10
19,2693,0.04050145327629672,0.2392374821557971,0.12066352733848859,0.5995975372294161,25,30,10
19,2694,0.040498264565805436,0.2392374821557519,0.12066352503139996,0.5996007282470412,25,30,10
19,2695,0.04049640434609549,0.2392497097584203,0.12065315764112632,0.5996007282543565,25,30,10
19,2696,0.0404933699056572,0.239249709758379,0.12065310170839373,0.5996038186275687,25,30,10
19,2697,0.040493368655516025,0.24048800187480943,0.1194148108421463,0.5996038186275282,25,30,10
19,2698,0.0404903573999426,0.2404880018747833,0.11941480895975298,0.5996068317655208,25,30,10
19,2699,0.04047951404958528,0.24048800187475755,0.11941318418304708,0.5996192998926098,25,30,10
19,2700,0.04047671129019753,0.24048800187478467,0.1194131862592719,0.5996221005757456,25,30,10
19,2701,0.040479687848817794,0.24048800187474895,0.11941318413387067,0.5996191261425623,25,30,10
19,2702,0.040525424075457984,0.23992407842779692,0.11993051213993086,0.5996199853568139,25,30,10
19,2703,0.040428205247156575,0.24048680105484396,0.11946669790743872,0.5996182957905615,25,30,10
19,2704,0.04010485230143976,0.2404868000799542,0.11978998165424429,0.5996183659643628,25,30,10
19,2705,0.04010779503671429,0.24048680007994555,0.11979003367448504,0.599615371208856,25,30,10
19,2706,0.04010572842145048,0.24048831095292644,0.1197905894095816,0.5996153712160425,25,30,10
19,2707,0.04010569469386935,0.240487793849529,0.11979114024548611,0.5996153712111163,25,30,10
19,2708,0.04010252287562363,0.24048779384952795,0.11978886240332756,0.5996208208715218,25,30,10
19,2709,0.040349513202606005,0.24048779816869525,0.1194749997520082,0.5996876888766913,25,30,10
19,2710,0.04035243751017948,0.2404877981686593,0.11947499806257966,0.5996847662585828,25,30,10
19,2711,0.040355486053705085,0.24048779816867666,0.11947502673604683,0.5996816890415726,25,30,10
19,2712,0.04018640873142165,0.2404877981675412,0.11947474432678332,0.5998510487742547,25,30,10
19,2713,0.04018642630146589,0.24046549092114056,0.11949703400050708,0.5998510487768872,25,30,10
19,2714,0.0401828585447603,0.24046906780869431,0.11949702488861305,0.5998510487579329,25,30,10
19,2715,0.04056336200995199,0.2404690672804926,0.11911657603581824,0.5998509946737377,25,30,10
19,2716,0.04056243366028687,0.2404705414840851,0.11911603018899411,0.5998509946666345,25,30,10
19,2717,0.04056341367621559,0.24047054148412028,0.11911603185373287,0.5998500129859314,25,30,10
19,2718,0.04056310780831739,0.24047054148413585,0.11910946646524001,0.5998568842423065,25,30,10
19,2719,0.0405661028463373,0.24046754682235388,0.11910946608908674,0.5998568842422219,25,30,10
19,2720,0.04056314175666831,0.24046754682235327,0.1191095041246611,0.5998598072963169,25,30,10
19,2721,0.04056308911917495,0.24046759930450537,0.11910950427766309,0.5998598072986562,25,30,10
19,2722,0.04056626081315274,0.24046759930450612,0.11910950473585408,0.5998566351464865,25,30,10
19,2723,0.040566298370760964,0.2404671688359835,0.11910989764650944,0.5998566351467455,25,30,10
19,2724,0.039630422941895664,0.24046723625036873,0.12004567093102009,0.5998566698767128,25,30,10
19,2725,0.03963047703240126,0.2404672362503515,0.12004564222316601,0.5998566444940787,25,30,10
19,2726,0.03963433195309829,0.2404672362503862,0.12004572716377285,0.5998527046327401,25,30,10
19,2727,0.039635276218991135,0.24046723625043018,0.12004584673127391,0.5998516407993023,25,30,10
19,2728,0.03963517085637308,0.2404672362504563,0.12004584762218183,0.5998517452709864,25,30,10
19,2729,0.039634316509535084,0.24046723625043054,0.12004584437329469,0.5998526028667371,25,30,10
19,2730,0.040090365957637555,0.24046723625259836,0.12004606345712182,0.5993963343326401,25,30,10
19,2731,0.03985258306972829,0.24046723193402186,0.12035192512174024,0.599328259874508,25,30,10
19,2732,0.03984549698918956,0.24046723193401143,0.1203518700130324,0.5993354010637653,25,30,10
19,2733,0.03984348359739903,0.24046723193404682,0.12035187309614953,0.5993374113724035,25,30,10
19,2734,0.03984348358080217,0.24046723193404682,0.12035187442369351,0.5993374100614564,25,30,10
19,2735,0.03984047030574431,0.24046723193403724,0.12035187373703303,0.5993404240231842,25,30,10
19,2736,0.03984034835375614,0.24046723193398375,0.12035187036851111,0.5993405493437481,25,30,10
19,2737,0.039844309076786544,0.2404672319340019,0.12035187218474956,0.5993365868044611,25,30,10
19,2738,0.039844345259892944,0.24046723193396624,0.12035183208121653,0.5993365907249235,25,30,10
19,2739,0.03984147162877995,0.24046723193394914,0.12035179088668041,0.59933950555059,25,30,10
19,2740,0.039844275798824595,0.24046723193393038,0.12035182944893094,0.5993366628183137,25,30,10
19,2741,0.03984513141646038,0.2404672319339651,0.12035183219346729,0.5993358044561069,25,30,10
19,2742,0.039845131765358165,0.24046723194884773,0.1203518318299007,0.5993358044558931,25,30,10
19,2743,0.03984604274655799,0.2404889693693716,0.12032918342601075,0.5993358044580593,25,30,10
19,2744,0.0398460777016377,0.24048896936935346,0.12032910006078838,0.5993358528682201,25,30,10
19,2745,0.03984308239309603,0.24048896936936193,0.12032910019218208,0.5993388480453596,25,30,10
19,2746,0.03984306428159556,0.24048896936935232,0.12032898358224758,0.599338982766804,25,30,10
19,2747,0.03984313566532825,0.24048896936937056,0.12032898382922515,0.5993389111360754,25,30,10
19,2748,0.0398400880183312,0.2404889693693707,0.12032898387513379,0.5993419587371637,25,30,10
19,2749,0.03983930398849582,0.24048896936936384,0.12033060631767362,0.599341120324466,25,30,10
19,2750,0.03984114905454076,0.24048767748454722,0.12033005314618318,0.5993411203147279,25,30,10
19,2751,0.039844146009799804,0.24048487345642633,0.12032986021662102,0.5993411203171515,25,30,10
19,2752,0.03984632560054775,0.24045119333456874,0.12036136060422553,0.5993411204606559,25,30,10
19,2753,0.039845308328854225,0.2404511933346397,0.12036132671973533,0.599342171616769,25,30,10
19,2754,0.039846167026479924,0.2404511933346657,0.12036132976913529,0.5993413098697177,25,30,10
19,2755,0.03984231330573497,0.24045119333462123,0.12036132809383973,0.5993451652658028,25,30,10
19,2756,0.03938321620573894,0.24045119333245352,0.1203611424390022,0.599804448022804,25,30,10
19,2757,0.03938120021523182,0.24045319698976766,0.12036115476993996,0.5998044480250592,25,30,10
19,2758,0.03939301775870568,0.24045319698983417,0.12062741073651852,0.59952637451494,25,30,10
19,2759,0.03939222832452352,0.24044639628788794,0.12063500086762248,0.5995263745199642,25,30,10
19,2760,0.0393830787276853,0.240446396209459,0.1205754652463689,0.5995950598164874,25,30,10
19,2761,0.039383868248430626,0.24045338017184453,0.12056769177064176,0.5995950598090837,25,30,10
19,2762,0.039387722050375544,0.2404533801719068,0.12056777587869207,0.5995911218990262,25,30,10
19,2763,0.03938771992552512,0.24045338017190648,0.12056777583943479,0.599591124063134,25,30,10
19,2764,0.03938771875288618,0.24045338017191503,0.12056769493494139,0.5995912061402578,25,30,10
19,2765,0.03938172827158641,0.24045338017192336,0.12056761640702332,0.5995972751494674,25,30,10
19,2766,0.03937873236224364,0.24045583062591191,0.12056816186474832,0.5995972751470966,25,30,10
19,2767,0.03937787005852796,0.240455830625859,0.1205681562110162,0.5995981431045974,25,30,10
19,2768,0.03937697525227025,0.2404558306258425,0.12056827038453513,0.5995989237373528,25,30,10
19,2769,0.03937991980055263,0.24045289763973204,0.12056825882963663,0.5995989237300796,25,30,10
19,2770,0.03938091719680172,0.24042042745222844,0.12059973161604534,0.5995989237349255,25,30,10
19,2771,0.039383911996256245,0.24042042745223693,0.12059977163088426,0.5995958889206233,25,30,10
19,2772,0.039386976549975944,0.2404204274522549,0.12059965857203205,0.5995929374257375,25,30,10
19,2773,0.039411194708232615,0.24042042745854134,0.1207292378547738,0.5994391399784524,25,30,10
19,2774,0.039414069375296165,0.24042042745853226,0.12072923648687425,0.5994362666792976,25,30,10
19,2775,0.039418192471522305,0.24042042745856063,0.1207293839095978,0.5994319961603196,25,30,10
19,2776,0.03935154922545684,0.2404204274556024,0.12079602315957551,0.5994320001593642,25,30,10
19,2777,0.03933333145853782,0.23985771106550263,0.121376957742101,0.5994319997338554,25,30,10
19,2778,0.039340251967004865,0.2398507870237459,0.12137696127075587,0.5994319997384902,25,30,10
19,2779,0.03933639780149028,0.2398507870237032,0.12137703986745894,0.5994357753073445,25,30,10
19,2780,0.03933322913379056,0.2398507870237026,0.12137716034707076,0.5994388234954332,25,30,10
19,2781,0.03933308790332615,0.23985078702367485,0.12137715739166607,0.5994389676813301,25,30,10
19,2782,0.039331316016493624,0.23986857448845542,0.12136114181591967,0.5994389676791286,25,30,10
19,2783,0.039327193854689,0.2398685744884269,0.12136099439050191,0.5994432372663794,25,30,10
19,2784,0.039327228848084615,0.23986857448844695,0.12136102469490251,0.5994431719685631,25,30,10
19,2785,0.03933017435419668,0.2398685744884471,0.12136102472422829,0.5994402264331249,25,30,10
19,2786,0.039326336250115584,0.2392629371535278,0.12197050016534684,0.5994402264310066,25,30,10
19,2787,0.0666059040687098,0.23926293715610503,0.09469093632712201,0.5994402224480616,25,30,10
19,2788,0.05671621297517088,0.23926286953467127,0.10445212612093163,0.5995687913692243,25,30,10
19,2789,0.056715231398904165,0.23926286953462725,0.10445212224406503,0.599569776822402,25,30,10
19,2790,0.05670341415249313,0.23926286953456097,0.10418586634204528,0.5998478499708991,25,30,10
19,2791,0.05670546242967104,0.2392632189962357,0.10418346858388507,0.5998478499902079,25,30,10
19,2792,0.0676067841765445,0.23926321885088642,0.09341078297851622,0.5997192139940525,25,30,10
19,2793,0.06761368832346105,0.23926321885090357,0.09341074492717612,0.5997123478984592,25,30,10
19,2794,0.05877323242476669,0.23926321901798606,0.10225119867004923,0.5997123498871987,25,30,10
19,2795,0.05877020137952007,0.23926321901796882,0.10225119887443138,0.5997153807280803,25,30,10
19,2796,0.05877708767958006,0.239263219017976,0.10225108446474784,0.5997086088376963,25,30,10
19,2797,0.05878812213256559,0.2392527306460753,0.1022505383739845,0.5997086088473749,25,30,10
19,2798,0.05880210118982777,0.23920729016837838,0.10228199977731778,0.5997086088644769,25,30,10
19,2799,0.05879901656284273,0.23982024688870138,0.10167212768420113,0.5997086088642554,25,30,10
19,2800,0.0587960882914327,0.23982024688871056,0.10180161533292839,0.5995820494869291,25,30,10
19,2801,0.0587891506072645,0.23982024688867765,0.10180161560137828,0.5995889869026805,25,30,10
19,2802,0.05878123295500256,0.23982817053276712,0.10180160961919507,0.599588986893036,25,30,10
19,2803,0.05878130270478866,0.23982817053277664,0.1018015703465832,0.599588956415852,25,30,10
19,2804,0.0587825138533431,0.23982817053269867,0.10180156526835084,0.5995877503456083,25,30,10
19,2805,0.05878249544741783,0.2398276104422928,0.1018021437646813,0.5995877503456092,25,30,10
19,2806,0.05878253103771551,0.2398276104423382,0.10180214911551222,0.5995877094044348,25,30,10
19,2807,0.059019691276192096,0.23982761044548537,0.10180237507167858,0.5993503232066447,25,30,10
19,2808,0.05877964211956693,0.2398276104423925,0.10180215295407384,0.5995905944839676,25,30,10
19,2809,0.058779608101657305,0.23982761044238265,0.10180215217714515,0.5995906292788162,25,30,10
19,2810,0.05877960932956704,0.23982761044239204,0.1016726950526329,0.5997200851754094,25,30,10
19,2811,0.05877950958098165,0.2398289502468199,0.1016714549967358,0.5997200851754634,25,30,10
19,2812,0.058779454235241044,0.23984322626389673,0.10165723433285842,0.5997200851680045,25,30,10
19,2813,0.05877926064845489,0.239843226263905,0.10165951342559561,0.5997179996620452,25,30,10
19,2814,0.05877633328004588,0.2398432262639133,0.10165723405414266,0.5997232064018988,25,30,10
19,2815,0.05901657417902333,0.23984322626607504,0.10165739195370797,0.5994828076011943,25,30,10
19,2816,0.059013575204306494,0.23984322626602178,0.10165739112096192,0.5994858074087104,25,30,10
19,2817,0.05908039572532833,0.23977609347991194,0.1016577030836434,0.5994858077111169,25,30,10
19,2818,0.059049205976094796,0.23977609347358217,0.10152814911649598,0.5996465514338272,25,30,10
19,2819,0.059056214096105564,0.23977609347364345,0.10152819053191868,0.5996395018983326,25,30,10
19,2820,0.0588160285180851,0.23977609347147424,0.10152800366134405,0.599879874349097,25,30,10
19,2821,0.058823041270042495,0.23977609347150203,0.10152801778605515,0.5998728474724007,25,30,10
19,2822,0.05882005053064154,0.23977907655992584,0.10152802543459039,0.5998728474748425,25,30,10
19,2823,0.058822927497930874,0.23977907655988115,0.10152802238951399,0.5998699735526745,25,30,10
19,2824,0.06766811870994957,0.23977907648038913,0.09268283410186351,0.5998699707077982,25,30,10
19,2825,0.06767013152196673,0.2397790764803459,0.0926828319332576,0.5998679600644301,25,30,10
19,2826,0.0617535810644613,0.23977907942240417,0.09859934481221937,0.5998679947009155,25,30,10
19,2827,0.061746568347469645,0.23977907942237686,0.0985993306591347,0.5998750215710192,25,30,10
19,2828,0.06174954376786253,0.23977907942238527,0.09859920924693803,0.5998721675628145,25,30,10
19,2829,0.0676418554203415,0.23977907639266405,0.09270693525771749,0.5998721329292771,25,30,10
19,2830,0.06763875739173295,0.23977907639266452,0.09270689133645135,0.5998752748791515,25,30,10
19,2831,0.0676357783492831,0.2397790763926562,0.09270916999029613,0.5998759752677648,25,30,10
19,2832,0.031470715412164056,0.23977909291923116,0.12887421302371674,0.599875978644888,25,30,10
19,2833,0.03146865939489687,0.23979025038815668,0.128865111717774,0.5998759784991724,25,30,10
19,2834,0.03147256666729763,0.23979025038829835,0.1288651525995156,0.5998720303448883,25,30,10
19,2835,0.03146858775530888,0.23979025038826393,0.12886514913945812,0.599876012716969,25,30,10
19,2836,0.03147158397258967,0.23978724736816182,0.12886515594461945,0.5998760127146288,25,30,10
19,2837,0.03147155654581423,0.23978724736812518,0.12893384580689982,0.5998073502791608,25,30,10
19,2838,0.0314714327053324,0.23980977970973222,0.12891143730356436,0.5998073502813711,25,30,10
19,2839,0.03147448125372469,0.23980977970975004,0.12890915793937807,0.599806581097147,25,30,10
19,2840,0.031474534114142416,0.2398097797097411,0.12890915631796337,0.5998065298581527,25,30,10
19,2841,0.03147766491529048,0.23980977970970638,0.12890753536400434,0.5998050200109981,25,30,10
19,2842,0.03147738738385547,0.23980977970970424,0.1289075707032128,0.5998052622032268,25,30,10
19,2843,0.031477428438119286,0.23980977970968556,0.1289075814963295,0.5998052103558655,25,30,10
19,2844,0.031477445075697545,0.2398092171512518,0.12890812741701685,0.5998052103560336,25,30,10
19,2845,0.03147445069619282,0.23980921715126027,0.12890824343576493,0.599808088716782,25,30,10
19,2846,0.03147154205787145,0.23980921715127837,0.12890824678379187,0.5998109940070582,25,30,10
19,2847,0.031471475668557417,0.23980921715126902,0.12890824607594165,0.5998110611042319,25,30,10
19,2848,0.04341673158914253,0.23980921752783707,0.11696296021406327,0.5998110906689572,25,30,10
19,2849,0.043416784534048014,0.23980921752784654,0.11696296183510974,0.599811036102996,25,30,10
19,2850,0.043419850030505795,0.2398092175278644,0.11696296403786846,0.5998079684037619,25,30,10
19,2851,0.0434128249979345,0.23980921752780265,0.11696292166677673,0.5998150358074864,25,30,10
19,2852,0.043412772563495745,0.23980981286593706,0.11696237876324725,0.5998150358073203,25,30,10
19,2853,0.04341366768834478,0.2398098128659539,0.11696249429816635,0.5998140251475352,25,30,10
19,2854,0.04341359881448801,0.23980981286594438,0.11696249214059519,0.5998140961789727,25,30,10
19,2855,0.04340385191379667,0.2398510265919504,0.11693102532474364,0.5998140961695096,25,30,10
19,2856,0.04341079275177817,0.2398510265919843,0.11693102418908645,0.5998071564671513,25,30,10
19,2857,0.04340779376664518,0.23985102659196525,0.11693102274132976,0.59981015690006,25,30,10
19,2858,0.04341068195453257,0.23985102659197277,0.11693102299192848,0.5998072684615664,25,30,10
19,2859,0.043415802813880286,0.23985102659254512,0.11693106541186189,0.599802105181713,25,30,10
19,2860,0.043416764382880266,0.23985102659258825,0.1169310298275867,0.5998011791969449,25,30,10
19,2861,0.04341963266629352,0.23984816644700838,0.1169310216921128,0.5998011791945855,25,30,10
19,2862,0.04341761814839258,0.23985016604211357,0.11693103661252664,0.5998011791969675,25,30,10
19,2863,0.043420580009342694,0.23985016604212053,0.11693111598581933,0.5997981379627175,25,30,10
19,2864,0.03962749275664911,0.23986972179693897,0.12070465104680857,0.5997981343996023,25,30,10
19,2865,0.039626637945924935,0.23986972179677923,0.12070464035430774,0.5997989999029871,25,30,10
19,2866,0.03962571058864843,0.23986972179674357,0.12070463684241521,0.5997999307721917,25,30,10
19,2867,0.039633674543736445,0.23986972179733182,0.12070466433645617,0.5997919393224748,25,30,10
19,2868,0.03963367362397227,0.2398697217973319,0.1207047802195321,0.5997918243591628,25,30,10
19,2869,0.03962265944482268,0.23986972179674393,0.12070471273555708,0.5998029060228754,25,30,10
19,2870,0.03961953924896489,0.23986972179674385,0.12070468172862509,0.5998060572256653,25,30,10
19,2871,0.03961268623207168,0.23986972179672694,0.12070467902874964,0.5998129129424509,25,30,10
19,2872,0.03955278579334935,0.23992954509324665,0.12070475646617605,0.5998129126472268,25,30,10
19,2873,0.02081943500252803,0.240596498705963,0.13876937109603002,0.5998146951954785,25,30,10
19,2874,0.020820362708552195,0.2405964987059984,0.1387692602600753,0.5998138783253733,25,30,10
19,2875,0.02082036271363554,0.2405964987059984,0.13876926033015408,0.5998138782502113,25,30,10
19,2876,0.020823341839074017,0.24059649870600683,0.13876925837835097,0.5998109010765674,25,30,10
19,2877,0.020826461200829406,0.24059649870600683,0.13876926136495693,0.599807778728206,25,30,10
19,2878,0.020826410621221293,0.24059649870599867,0.13877082965333173,0.5998062610194475,25,30,10
19,2879,0.02082640944536397,0.24059649870599858,0.13877083035131246,0.5998062614973242,25,30,10
19,2880,0.02082127114176992,0.24059649870540756,0.13877082612921762,0.599811404023604,25,30,10
19,2881,0.02082726179082527,0.24059649870541672,0.13877090725613844,0.5998053322476187,25,30,10
19,2882,0.020831377538512816,0.24059649870547037,0.1387708716675712,0.5998012520884448,25,30,10
19,2883,0.020831393938427017,0.2405964987054799,0.13877087239289487,0.5998012349631975,25,30,10
19,2884,0.02082442370780175,0.24001498668161464,0.13935935465452753,0.5998012349560554,25,30,10
19,2885,0.020827489144420834,0.24001498668160648,0.1393593550439563,0.5997981691300156,25,30,10
19,2886,0.020824526635263175,0.24001838771691505,0.1393589165177271,0.5997981691300946,25,30,10
19,2887,0.02082159837454824,0.24001838771692474,0.1393589506271341,0.5998010632813924,25,30,10
19,2888,0.020828449739868003,0.24001838771694178,0.13935895282193622,0.5997942097212534,25,30,10
19,2889,0.020828448416526087,0.24060706726712916,0.13877027459509045,0.5997942097212537,25,30,10
19,2890,0.02082846668777716,0.24060718549887358,0.13877013808975394,0.5997942097235948,25,30,10
19,2891,0.02083146174359174,0.24060718549888216,0.13877010979161933,0.5997912429659062,25,30,10
19,2892,0.02082755809110354,0.24060718549884771,0.1387700253397621,0.5997952310702862,25,30,10
19,2893,0.020832811894509827,0.2406019339925161,0.1387700230424549,0.5997952310705186,25,30,10
19,2894,0.02084392335364159,0.2406019339924992,0.1387699123165205,0.599784230337338,25,30,10
19,2895,0.020843905177078015,0.24060193399248092,0.13876991050217335,0.599784250328267,25,30,10
19,2896,0.020841106531343422,0.2406019339925178,0.1390361716647651,0.599520787811373,25,30,10
19,2897,0.02084315495592091,0.24060193399250143,0.13903613661242542,0.5995187744391515,25,30,10
19,2898,0.0208441349416693,0.24060193399253615,0.13903613956698643,0.5995177914988075,25,30,10
19,2899,0.020847252200416402,0.24060193399253593,0.1390361709237199,0.5995146428833271,25,30,10
19,2900,0.02084527686438624,0.24060193399251048,0.13903611853231695,0.5995166706107856,25,30,10
19,2901,0.020834182929370074,0.240601933992572,0.139302429102387,0.5992614539756704,25,30,10
19,2902,0.02083403885350745,0.24060193399253493,0.1390361679088145,0.5995278592451427,25,30,10
19,2903,0.02083006181954119,0.2406019339924997,0.139036164869366,0.5995318393185927,25,30,10
19,2904,0.02083299916648028,0.2406019339925168,0.13903615354496618,0.5995289132960364,25,30,10
19,2905,0.020833000409555297,0.24060193399251698,0.13903615356636975,0.5995289120315577,25,30,10
19,2906,0.020829800684520415,0.23888723385614807,0.14075405343039996,0.5995289120289314,25,30,10
19,2907,0.020832743698320316,0.23888429745685094,0.14075404681840645,0.599528912026422,25,30,10
19,2908,0.020829870521453436,0.2388869824151235,0.14075423503695766,0.5995289120264652,25,30,10
19,2909,0.020828730159087646,0.2388869824151932,0.14075424158773855,0.5995300458379804,25,30,10
19,2910,0.020825768345774254,0.23888993971490688,0.1407542461013389,0.5995300458379788,25,30,10
19,2911,0.02081755597623016,0.23889815020757077,0.14075424797849478,0.5995300458377032,25,30,10
19,2912,0.020820482310652227,0.23889540572623053,0.14075406612541388,0.5995300458377022,25,30,10
19,2913,0.02081834229920211,0.23889540572626494,0.140752586478455,0.5995336654960766,25,30,10
19,2914,0.020818339408367845,0.2388954057262652,0.14075266650103443,0.599533588364331,25,30,10
19,2915,0.02087717165621478,0.2388366920089947,0.14075254795842557,0.5995335883763626,25,30,10
19,2916,0.020877190136947818,0.2388366920090576,0.14075247110621686,0.5995336467477754,25,30,10
19,2917,0.0208772430167251,0.2388366920090315,0.14075247122077422,0.5995335937534673,25,30,10
19,2918,0.020880238314552192,0.23883369933868145,0.1407524685932946,0.5995335937534698,25,30,10
19,2919,0.020903421689689648,0.23883369942031607,0.14072928697186146,0.5995335919181316,25,30,10
19,2920,0.020910378351401363,0.23883369942028854,0.14046297588105197,0.5997929463472569,25,30,10
19,2921,0.03673972090108515,0.23918662818304953,0.12428251586709578,0.5997911350487687,25,30,10
19,2922,0.03673980762490874,0.23918640770062047,0.12428264962553286,0.599791135048937,25,30,10
19,2923,0.03673576261347852,0.23918640770059454,0.12428264573496292,0.5997951839509631,25,30,10
19,2924,0.03673373177851816,0.2391864077006209,0.12428264807525366,0.5997972124456068,25,30,10
19,2925,0.03673672798613216,0.23918640770061184,0.12428264645272855,0.5997942178605273,25,30,10
19,2926,0.03674175753417913,0.24089926429594996,0.12256476031427405,0.5997942178555966,25,30,10
19,2927,0.03674082994609003,0.24089926429592487,0.12257124471400306,0.5997886610439818,25,30,10
19,2928,0.036744806702333065,0.24089926429596037,0.1225713351486446,0.5997845938530616,25,30,10
19,2929,0.03673876386260342,0.24089926429595135,0.12257122008962604,0.599790751751819,25,30,10
19,2930,0.03673877894126482,0.24089926429596048,0.12257130252565823,0.5997906542371162,25,30,10
19,2931,0.03673881467339317,0.24089926429594297,0.12257129925614123,0.599790621774522,25,30,10
19,2932,0.036736895949965605,0.24089890859726126,0.12257357368058569,0.5997906217721851,25,30,10
19,2933,0.036736966127883595,0.24089890859726082,0.12257357565686691,0.5997905496179863,25,30,10
19,2934,0.03673789445259415,0.2408989085972954,0.12256697426542816,0.5997962226846797,25,30,10
19,2935,0.03673482592435861,0.24089890859730384,0.12256697239230833,0.5997992930860266,25,30,10
19,2936,0.03673391580386134,0.2408992802845894,0.12256751083019699,0.5997992930813498,25,30,10
19,2937,0.03719000135896141,0.24089928028673144,0.12256768197202335,0.5993430363822813,25,30,10
19,2938,0.037189107567483226,0.24089928028672403,0.12256768097398434,0.5993439311718065,25,30,10
19,2939,0.036733357741991955,0.24089928028460253,0.1225674324831848,0.5997999294902188,25,30,10
19,2940,0.0367343047773223,0.2408983251925653,0.12256744053529248,0.5997999294948182,25,30,10
19,2941,0.03433212128165768,0.23987844249153134,0.1259894797162181,0.5997999565105927,25,30,10
19,2942,0.03427647073733887,0.23990270658136104,0.12602086618235975,0.5997999564989399,25,30,10
19,2943,0.03427648825691239,0.23990270658141455,0.12602087010997054,0.5997999350517019,25,30,10
19,2944,0.03427613736184862,0.239902706581385,0.12602086428305476,0.5998002917737111,25,30,10
19,2945,0.03427613647507607,0.23990270658138532,0.1260209467975756,0.5998002101459622,25,30,10
19,2946,0.04025766384649868,0.23990270673634054,0.12003944621786657,0.5998001831992934,25,30,10
19,2947,0.002063505738661693,0.23990273421219904,0.1337969267022023,0.6242368333469361,25,30,10
19,2948,0.0020635057607311883,0.23990273421219915,0.1337969572117844,0.6242368028152844,25,30,10
19,2949,0.002060410529673916,0.23993729606813852,0.1337654905800093,0.6242368028221774,25,30,10
19,2950,0.002062424313415322,0.239937296068103,0.13376548895848958,0.6242347906599913,25,30,10
19,2951,0.0020625463392092407,0.2399372960680939,0.13376548893656903,0.6242346686561269,25,30,10
19,2952,0.0003602369687885542,0.23993726838370205,0.11992265482280773,0.639779839824701,25,30,10
19,2953,0.0003603070040601953,0.23993726838369372,0.11992265519121817,0.6397797694210272,25,30,10
19,2954,0.0003632655426816444,0.23993726838459895,0.11992435065141764,0.639775115421301,25,30,10
19,2955,0.0003602864993332351,0.23993726838459065,0.11992434960400468,0.6397780955120708,25,30,10
19,2956,0.0003603213726983177,0.239937234236431,0.11992434888122455,0.6397780955096455,25,30,10
19,2957,0.00036032169175532444,0.2399372342364311,0.11992423302629182,0.6397782110455205,25,30,10
19,2958,0.00036035814274557195,0.23993723423643096,0.11992431026916586,0.639778097351656,25,30,10
19,2959,0.0003603589475737394,0.2399372342364311,0.119924310226502,0.6397780965894915,25,30,10
19,2960,0.0003603589331170571,0.23993723423553528,0.11992269790325713,0.6397797089280889,25,30,10
19,2961,0.00036249576449702493,0.23993510956347044,0.11992268574862373,0.6397797089234074,25,30,10
19,2962,0.0003623918547779858,0.2399351095634346,0.11992268414100925,0.6397798144407767,25,30,10
19,2963,0.00036250292983576926,0.23993510956344333,0.11992268495227167,0.6397797025544476,25,30,10
19,2964,0.0003594378479480975,0.23993816560914605,0.11992269398849872,0.6397797025544054,25,30,10
19,2965,0.00035930377843878327,0.23993803778515094,0.11992295588220986,0.6397797025541988,25,30,10
19,2966,0.00035929825414398806,0.23993844605386636,0.1199225531353705,0.6397797025566176,25,30,10
19,2967,0.00035928066436516554,0.23993844605381237,0.11992255060280199,0.6397797226790187,25,30,10
19,2968,0.0003624424095063222,0.239938446054886,0.1199226121949143,0.6397764993406916,25,30,10
19,2969,0.0003622193608219084,0.23993844605382114,0.11992725169512516,0.63977208289023,25,30,10
19,2970,0.00036414179587284246,0.23993844605393427,0.11992722935788913,0.6397701827923019,25,30,10
19,2971,0.0003571524355285604,0.23994506307234842,0.11992760170462093,0.6397701827875005,25,30,10
19,2972,0.0003572764136430524,0.23994493367344066,0.11992760712779331,0.6397701827851214,25,30,10
19,2973,0.0005919589312570013,0.2396890287983957,0.11994882947286603,0.6397701827974794,25,30,10
19,2974,0.0005898368206799987,0.2396890287984312,0.11994883147129025,0.639772302909597,25,30,10
19,2975,0.000593922993878947,0.23968902879901305,0.1199496944404923,0.6397673537666144,25,30,10
19,2976,0.0005939393470869409,0.2396890287990132,0.11994966510519768,0.6397673667487006,25,30,10
19,2977,0.0005989329268017957,0.23968902879898657,0.11994966317110445,0.6397623751031059,25,30,10
19,2978,0.000873410883767255,0.23968902871876527,0.11960811620766142,0.6398294441898055,25,30,10
19,2979,0.0008703987636762275,0.23968902871874728,0.11960803295591725,0.6398325395616591,25,30,10
19,2980,0.0008681904069778174,0.23968902871878126,0.11960803510339035,0.6398347457708504,25,30,10
19,2981,0.0008682612377313131,0.23968902871866593,0.11960802585358683,0.6398346841900157,25,30,10
19,2982,0.0008682090220107656,0.23968902871867404,0.11960794346479953,0.6398348187945156,25,30,10
19,2983,0.0006335277167285938,0.23994493937352232,0.11958671412746623,0.6398348187822829,25,30,10
19,2984,0.0006335789909291618,0.2399449393735313,0.11958671362513351,0.6398347680104061,25,30,10
19,2985,0.0006334550033740851,0.23994451886903248,0.11958725811722688,0.6398347680103664,25,30,10
19,2986,0.0008021266267139984,0.2111472420413229,0.1482158631048842,0.6398347682270794,25,30,10
19,2987,0.0008021083701082177,0.2111472420413152,0.14821586406551526,0.6398347855230617,25,30,10
19,2988,0.0008049817256798524,0.21114724204129715,0.14821578495581422,0.6398319912772092,25,30,10
19,2989,0.0008050698689320072,0.21114724204132299,0.14821578530858737,0.6398319027811581,25,30,10
19,2990,0.0008698032731372695,0.21114724204449206,0.14821603080476722,0.6397669238776039,25,30,10
19,2991,0.000867069729491372,0.21114724204506785,0.14821607533132172,0.6397696128941197,25,30,10
19,2992,0.005568544490396247,0.21112782655853163,0.14353400801686286,0.6397696209342072,25,30,10
19,2993,0.005580437570334843,0.2111278265586198,0.14352931471801872,0.6397624211530244,25,30,10
19,2994,0.005590685482237685,0.21112782655870113,0.1435294086687465,0.6397520792903127,25,30,10
19,2995,0.00605068925606347,0.21112782656086884,0.14352981726517516,0.6392916669178907,25,30,10
19,2996,0.006283968756206246,0.2111278265635267,0.14353003830661115,0.6390581663736544,25,30,10
19,2997,0.006289194853491641,0.21112782656360898,0.14353004888743437,0.6390529296954636,25,30,10
19,2998,0.006277947905147263,0.2111278265634746,0.14352994962750204,0.6390642759038746,25,30,10
19,2999,0.006278843427414862,0.21112652314000205,0.1435303575238948,0.6390642759086869,25,30,10
19,3000,0.00581596899374341,0.2111265231378533,0.1435299496932526,0.6395275581751493,25,30,10
19,3001,0.005816041634180788,0.21112652314050354,0.1435299575788824,0.6395274776464319,25,30,10
19,3002,0.005818019842336025,0.21112495350533042,0.14352954901326082,0.6395274776390714,25,30,10
19,3003,0.005535202315270324,0.21112495350392682,0.14387708523813314,0.639462758942667,25,30,10
19,3004,0.005532206769086942,0.2111249535039351,0.1438770853531125,0.6394657543738628,25,30,10
19,3005,0.005535149181503299,0.2111249535039351,0.14387708530091653,0.6394628120136423,25,30,10
19,3006,0.005538144227577844,0.2094046566603143,0.1455943870984564,0.6394628120136495,25,30,10
19,3007,0.0053694178977982555,0.23820197163256332,0.11696579867283141,0.6394628117968086,25,30,10
19,3008,0.005354510459211752,0.23820197163246573,0.11696578967357718,0.6394777282347467,25,30,10
19,3009,0.0053545631099616775,0.2382019716324745,0.11696578978321232,0.6394776754743526,25,30,10
19,3010,0.0053545640416582255,0.2382019716324745,0.11696579025723648,0.6394776740686319,25,30,10
19,3011,0.0053554930565239325,0.23820142797058824,0.11696540489221716,0.6394776740806711,25,30,10
19,3012,0.005354686817670884,0.23820142797057986,0.11697200715811812,0.6394718780536315,25,30,10
19,3013,0.005354687728235551,0.23820142797058005,0.11697200979593582,0.6394718745052488,25,30,10
19,3014,0.005354687100729637,0.23820142797058005,0.11697203566377067,0.6394718492649198,25,30,10
19,3015,0.005356700536999004,0.23819942210465647,0.1169720281029974,0.6394718492553473,25,30,10
19,3016,0.005356700837638478,0.23819942210465697,0.11697202764317632,0.6394718494145285,25,30,10
19,3017,0.005366821638990445,0.23819942210979733,0.0773912207183403,0.6790425355328711,25,30,10
19,3018,0.005366683362061476,0.23819942210977968,0.07738461650116021,0.6790492780269978,25,30,10
19,3019,0.005361528574656954,0.23819942210973266,0.07738472439152827,0.6790543249240811,25,30,10
19,3020,0.005353586750679381,0.23819942210911613,0.07738389243000117,0.6790630987102021,25,30,10
19,3021,0.005352675461765745,0.23819942210934417,0.07738872518716766,0.6790591772417216,25,30,10
19,3022,0.00534953907129666,0.23819942210935235,0.07738869281727925,0.6790623460020708,25,30,10
19,3023,0.0006491890530341297,0.23819926541868344,0.08208920772139602,0.6790623378068881,25,30,10
19,3024,0.000649189734328512,0.23819831837083702,0.08209015408794774,0.6790623378068882,25,30,10
19,3025,0.0006501187564507731,0.23819831837088018,0.0820901562410002,0.6790614066316703,25,30,10
19,3026,0.0006471528727830292,0.23819355251156843,0.08209788798387968,0.6790614066317702,25,30,10
19,3027,0.000644143726794766,0.23991440723113353,0.08038004240800913,0.6790614066340637,25,30,10
19,3028,0.0006440768906861962,0.2399144072311157,0.08038004112529107,0.6790614747529078,25,30,10
19,3029,0.0006600767176279358,0.23991440723400972,0.08037541458528329,0.6790501014630795,25,30,10
19,3030,0.0006590954706815521,0.23991440723396626,0.08037540999174322,0.6790510873036096,25,30,10
19,3031,0.000666008068361399,0.23991440723135996,0.08037544523973386,0.6790441394605453,25,30,10
19,3032,0.0006731914026239506,0.2399144072314233,0.08037545075962439,0.679036950606329,25,30,10
19,3033,0.0006722780678603755,0.23991440723138915,0.08037544781873585,0.6790378668820152,25,30,10
19,3034,0.000683194985667354,0.23991440723147722,0.08037549273306041,0.6790269050497955,25,30,10
19,3035,0.0006833346000823684,0.23991467379528525,0.08037508655441565,0.6790269050502171,25,30,10
19,3036,0.0006873109067992604,0.23991014083610104,0.08037564319736154,0.6790269050597382,25,30,10
19,3037,0.0006874332433311415,0.239910140836093,0.08037561516946315,0.6790268107511125,25,30,10
19,3038,0.0006875020269654546,0.23991101781447724,0.0803746694049841,0.6790268107535731,25,30,10
19,3039,0.0004592551397694961,0.2399110178133978,0.0803744788108927,0.6792552482359402,25,30,10
19,3040,0.00047102559009986396,0.2399110179225357,0.08036270811046094,0.6792552483769032,25,30,10
19,3041,0.00046417487899694845,0.2399184151167223,0.08036216163932217,0.6792552483649582,25,30,10
19,3042,0.0004611972174549457,0.2399184151166876,0.08036430948906402,0.6792560781767929,25,30,10
19,3043,0.00046417178084291744,0.23991543988467165,0.08036431015990653,0.6792560781745784,25,30,10
19,3044,0.0004671315145568152,0.23991543988468103,0.08036431085090612,0.6792531177498559,25,30,10
19,3045,0.0004600700981287997,0.2399154398846449,0.08036430682775673,0.6792601831894693,25,30,10
19,3046,0.00045889572867762975,0.23991543988406108,0.080364262763357,0.6792614016239036,25,30,10
19,3047,0.000461887801810212,0.23991543988404293,0.0803664648303994,0.6792562074837467,25,30,10
19,3048,0.00043993658831039637,0.2399154398788824,0.07997573918331688,0.6796688843494902,25,30,10
19,3049,0.0004330729490923025,0.2399154398788566,0.07997569692501039,0.6796757902470408,25,30,10
19,3050,0.0004979644294912813,0.23991543977669402,0.07990914258264657,0.6796774532111683,25,30,10
19,3051,0.0004958989759994998,0.23991543977675597,0.07990914959950658,0.6796795116477381,25,30,10
19,3052,0.0004957785038159574,0.23991543977676438,0.07990914920233398,0.679679632517086,25,30,10
19,3053,0.0004977751058714478,0.2399154397766932,0.07990914353646435,0.6796776415809712,25,30,10
19,3054,0.0005046939976550088,0.23991543977672836,0.07990914652150378,0.6796707197041129,25,30,10
19,3055,0.0004966457041944776,0.2399154397751488,0.07990911500221479,0.6796787995184418,25,30,10
19,3056,0.0004857287914000184,0.23991543977506058,0.07990918390741708,0.6796896475261223,25,30,10
19,3057,0.00048285685244637037,0.2399154397750702,0.079909185150759,0.6796925182217243,25,30,10
19,3058,0.00048294995127428313,0.23992309076219948,0.07990144105992872,0.6796925182265973,25,30,10
19,3059,0.000482897273319914,0.23992309076219948,0.07990144101273411,0.6796925709517461,25,30,10
19,3060,0.0004799542052906027,0.23992309076219992,0.07990144112983487,0.6796955139026741,25,30,10
19,3061,0.000477045697036362,0.23820761311394853,0.08161982728161288,0.6796955139074023,25,30,10
19,3062,0.00047697452011506784,0.23820761311393945,0.08161982808396122,0.6796955842819844,25,30,10
19,3063,0.00047711395383677154,0.2382076131139586,0.0816198274499622,0.6796954454822425,25,30,10
19,3064,0.0005438439192492852,0.23814068667358068,0.08162002363216118,0.6796954457750087,25,30,10
19,3065,0.0004699975684646664,0.23814086446108867,0.08169535505410214,0.6796937829163455,25,30,10
19,3066,0.0004699605719341402,0.23814086446108784,0.08169309015555033,0.6796960848114288,25,30,10
19,3067,0.0004668385378759339,0.2381406866665381,0.08169638972068681,0.6796960850749005,25,30,10
19,3068,0.0004669286627369631,0.2381406047841473,0.08169638133283179,0.6796960852202852,25,30,10
19,3069,0.00046403788391013626,0.2381406047841559,0.08169638198747192,0.6796989753444632,25,30,10
19,3070,0.00046794960167967787,0.23814060478422727,0.08169421301223007,0.6796972326018643,25,30,10
19,3071,0.0004679492987352136,0.2381406047842185,0.08169421032524374,0.6796972355918035,25,30,10
19,3072,0.0004678803422686085,0.23814060478420035,0.08169421094290406,0.6796973039306278,25,30,10
19,3073,0.000468116077153993,0.23814060478426405,0.08169313532364035,0.6796981438149424,25,30,10
19,3074,0.000400318094367309,0.2381406047810772,0.08169949343248101,0.6797595836920755,25,30,10
19,3075,0.000384318212377046,0.23814060477793805,0.08169928439183913,0.6797757926178466,25,30,10
19,3076,0.0003842126854490825,0.23985909582242818,0.07998089887909084,0.6797757926130319,25,30,10
19,3077,0.00038717244130201953,0.23985909582243742,0.07998089754833111,0.6797728341879296,25,30,10
19,3078,0.00038415969649970727,0.23986224248340463,0.07998076362047381,0.6797728341996218,25,30,10
19,3079,0.0003873478522520622,0.23811769736848837,0.08172212057947177,0.6797728341997883,25,30,10
19,3080,0.00038726071083334493,0.23985894500579363,0.07998096008375169,0.6797728341996212,25,30,10
19,3081,0.0003871192405479814,0.23984822528043848,0.07999182142477593,0.6797728340542386,25,30,10
19,3082,0.00038718853807905083,0.23941203038519074,0.08042794701523431,0.6797728340614962,25,30,10
19,3083,0.0003204064935009378,0.23947895797888255,0.08042780175884072,0.679772833768775,25,30,10
19,3084,0.0003881512046926166,0.23947895798206947,0.0804280474216073,0.6797048433916294,25,30,10
19,3085,0.00038807941760429944,0.23947895798205102,0.08042804716955242,0.6797049154307908,25,30,10
19,3086,0.0003882173794931054,0.23947895798206936,0.08042816439873493,0.6797046602397017,25,30,10
19,3087,0.00038424186231114486,0.23947895798203447,0.08042816141134163,0.6797086387443119,25,30,10
19,3088,0.00038732784326624657,0.23947895798208005,0.0804216629826836,0.6797120511919692,25,30,10
19,3089,0.0006296561442806031,0.23947895801901023,0.0801793340786566,0.6797120517580509,25,30,10
19,3090,0.0006305676255509722,0.239478958019028,0.08625057833977838,0.673639896015641,25,30,10
19,3091,0.0006335625239328052,0.23947895801916136,0.08625058956692859,0.6736368898899756,25,30,10
19,3092,0.0006365750551093519,0.2394789580191709,0.08625051437769427,0.6736339525480243,25,30,10
19,3093,0.0006933111038336887,0.2394217590294291,0.08625097730434345,0.6736339525623924,25,30,10
19,3094,0.0007001643393231531,0.2394149046548804,0.08625097844594805,0.6736339525598467,25,30,10
19,3095,0.0007003037275235366,0.23941490465490822,0.08625098006838108,0.6736338115491853,25,30,10
19,3096,0.000700304208903993,0.23941490465478402,0.08625096762428111,0.673633823512029,25,30,10
19,3097,0.0007003564067897444,0.23941490465478413,0.0862509696490568,0.6736337692893679,25,30,10
19,3098,0.0007013785944468326,0.23941490465482151,0.0862576168212278,0.6736260999295028,25,30,10
19,3099,0.0007035960192275367,0.23941490465484758,0.08663057118955474,0.673250928136369,25,30,10
19,3100,0.0007036492601927654,0.23941490465482992,0.08663056954789643,0.6732508765370798,25,30,10
19,3101,0.000703580590645913,0.23941490465481227,0.08663056824588118,0.6732509465086597,25,30,10
19,3102,0.0006967267498557114,0.23942177137753423,0.08663055537347886,0.6732509464991303,25,30,10
19,3103,0.0007007705628370066,0.23942177137857734,0.08663060078937214,0.6732468572692127,25,30,10
19,3104,0.0006997529799232981,0.23942177137864756,0.08663288598126767,0.6732455896601601,25,30,10
19,3105,0.0006996316444383907,0.2394213407784581,0.08663343791698247,0.6732455896601198,25,30,10
19,3106,0.0007007743069454954,0.23942134077837973,0.08663115318468781,0.6732467317299857,25,30,10
19,3107,0.0006409279883209034,0.239481454514042,0.0866308857818129,0.6732467317158229,25,30,10
19,3108,0.0006400165609602284,0.239481454514025,0.0805596414662243,0.6793188874587895,25,30,10
19,3109,0.0006370730322194726,0.23948145451402492,0.08055972370098276,0.6793217487527721,25,30,10
19,3110,0.0006400325013686055,0.239481454514034,0.08055980477949559,0.6793187082051011,25,30,10
19,3111,0.0006370227602227216,0.23948145451402506,0.08055980418992613,0.6793217185358259,25,30,10
19,3112,0.0006439870511030752,0.239474890049573,0.08055940435894074,0.679321718540383,25,30,10
19,3113,0.0006480190771937906,0.23947088990591886,0.08055937247662678,0.6793217185402605,25,30,10
19,3114,0.0006437868488329976,0.23947088990591875,0.0801864216328521,0.6796989016123963,25,30,10
19,3115,0.0006556821202694342,0.239470889906016,0.08018639010180696,0.6796870378719077,25,30,10
19,3116,0.0006557335696270168,0.23947138861451475,0.08018583994161341,0.6796870378742449,25,30,10
19,3117,0.000655663331133121,0.23947138861449596,0.08018575874150696,0.6796871893128639,25,30,10
19,3118,0.0006497082887295203,0.23947734241938487,0.08018575997162838,0.6796871893202571,25,30,10
19,3119,0.0005819626451030134,0.2394773424161978,0.08018551286990735,0.6797551820687918,25,30,10
19,3120,0.0005818945725949696,0.23991354541771123,0.07974937794573632,0.679755182063957,25,30,10
19,3121,0.0005850327042031131,0.2399104045579762,0.07974938067603028,0.6797551820617901,25,30,10
19,3122,0.0005790411659561854,0.23991040455793936,0.07974946920585713,0.6797610850702469,25,30,10
19,3123,0.0005819137084980446,0.23991040455793045,0.07974946703331738,0.6797582147002538,25,30,10
19,3124,0.0005848743686266635,0.23990744583044457,0.07974946510288915,0.6797582146980392,25,30,10
19,3125,0.0005876776262437847,0.23990744583042622,0.0797493492798575,0.6797555272634719,25,30,10
19,3126,0.0005906904749653842,0.2399074458304353,0.07974934993643588,0.679752513758163,25,30,10
19,3127,0.0005975940960744228,0.23988844445723875,0.07976144768094222,0.6797525137657435,25,30,10
19,3128,0.0005894865427509386,0.2398884444561339,0.07976139778163432,0.6797606712194798,25,30,10
19,3129,0.0006006193905340856,0.23988844456345398,0.07975107122217653,0.6797598648238378,25,30,10
19,3130,0.0006036848690978205,0.23988844456344538,0.07975107257493481,0.6797567979925241,25,30,10
19,3131,0.0005917895974895151,0.2398884445633476,0.07975106541469609,0.6797687004244685,25,30,10
19,3132,0.0005886856231851296,0.2398884445633476,0.07975106558494216,0.6797718042285268,25,30,10
19,3133,0.0005827514395519328,0.23930739578008695,0.08033804855442606,0.6797718042259363,25,30,10
19,3134,0.0005867150829633363,0.2393031574184134,0.08033832326788203,0.6797718042307426,25,30,10
19,3135,0.0005856994227015567,0.23930362506226444,0.08033887129644837,0.6797718042185865,25,30,10
19,3136,0.0005847132811973246,0.23991454554838307,0.07972893695669629,0.6797718042137226,25,30,10
19,3137,0.0005847090453189042,0.23991468611726086,0.07972880062148063,0.679771804215939,25,30,10
19,3138,0.0005847114933176207,0.23991468611726124,0.07972879996957716,0.679771802419843,25,30,10
19,3139,0.0005956783096135189,0.23991468611731406,0.0797288078043903,0.6797608277686809,25,30,10
19,3140,0.0005986207306316184,0.23991135991850313,0.07972919157993268,0.6797608277709313,25,30,10
19,3141,0.0006016326525144926,0.23991135991851234,0.07972919178706857,0.6797578156419032,25,30,10
19,3142,0.0005986890312853514,0.239892286875376,0.07975120845385848,0.6797578156394808,25,30,10
19,3143,0.000601669650169856,0.2398922868753846,0.07975120689423787,0.6797548365802083,25,30,10
19,3144,0.0006015426004588882,0.23989240637366,0.07975121444112658,0.6797548365847551,25,30,10
19,3145,0.0005994587677055684,0.23989240637368536,0.07975121878687054,0.6797569160717392,25,30,10
19,3146,0.0006023895372757403,0.23985655222725522,0.07978414215240859,0.6797569160830605,25,30,10
19,3147,0.0006034603451605457,0.23985517794733613,0.07978444479554656,0.6797569169119568,25,30,10
19,3148,0.0006014226154654428,0.2398897456886846,0.07975191479530547,0.6797569169005446,25,30,10
19,3149,0.0006014739589962697,0.23988974568867635,0.07975191668354022,0.6797568636687872,25,30,10
19,3150,0.0005945190384228509,0.2398863363542441,0.07976228094564557,0.6797568636616874,25,30,10
19,3151,0.0005974806352224853,0.23988633635427167,0.07976236537906829,0.6797538176314375,25,30,10
19,3152,0.0005984450468542553,0.23989531951645776,0.07975241779815455,0.6797538176385334,25,30,10
19,3153,0.0005954461614570472,0.23989531951647547,0.07975250052747311,0.6797567337945942,25,30,10
19,3154,0.0005925107622618912,0.2398953195164886,0.07975875797528142,0.6797534117459678,25,30,10
19,3155,0.0005945255821453172,0.23989531951646303,0.07975875442575583,0.6797514004756358,25,30,10
19,3156,0.0005904800474082957,0.23989883230868903,0.07975928717064198,0.6797514004732603,25,30,10
19,3157,0.0005945135963556625,0.23989883230870857,0.07975928781475762,0.6797473662801778,25,30,10
19,3158,0.000596438992039173,0.23989883230876996,0.07975929440042517,0.6797454342987653,25,30,10
19,3159,0.000664257393984699,0.23989883231143716,0.07976605433299361,0.6796708559615845,25,30,10
19,3160,0.0005934268827043477,0.23989883230875214,0.07975929356376397,0.6797484472447795,25,30,10
19,3161,0.0005934268164063442,0.2398988323087515,0.07975921104564962,0.6797485298291924,25,30,10
19,3162,0.0005943570705955309,0.23992011581765418,0.07973699727782946,0.6797485298339193,25,30,10
19,3163,0.0005964922648465653,0.2399181697105881,0.07973680819524609,0.6797485298293177,25,30,10
19,3164,0.0005935138698201984,0.2399181697106066,0.0797368109755778,0.6797515054439939,25,30,10
19,3165,0.0005945452972553058,0.23991816971063443,0.07973681366821961,0.6797504713238892,25,30,10
19,3166,0.0005945474460771823,0.23991816971063484,0.07973673264152209,0.6797505502017642,25,30,10
19,3167,0.0005889585112305417,0.2399283248813147,0.07973220040308943,0.679750516204364,25,30,10
19,3168,0.0005879952312082295,0.23992968545705687,0.07973180310991297,0.6797505162018206,25,30,10
19,3169,0.0003456909745245254,0.23992979669215,0.07997399669744536,0.6797505156358803,25,30,10
19,3170,0.0003447264039346222,0.23992979669211562,0.07998052153653677,0.6797449553674133,25,30,10
19,3171,0.0003416421350012543,0.23993287744767283,0.07998052504986936,0.679744955367457,25,30,10
19,3172,0.000340503053734509,0.2399265969413177,0.0799879454709744,0.679744954533974,25,30,10
19,3173,0.00033754047214226013,0.23993728207045417,0.07998022292352025,0.6797449545338838,25,30,10
19,3174,0.0003365616112491645,0.23993826402516075,0.07998021983676332,0.6797449545268269,25,30,10
19,3175,0.00033801669540751706,0.2399479273664384,0.07996910142944698,0.6797449545087076,25,30,10
19,3176,0.00033098756650169883,0.23994792736642817,0.07996910040212231,0.6797519846649483,25,30,10
19,3177,0.0003339521864919598,0.23994497103123005,0.07996909211749853,0.6797519846647799,25,30,10
19,3178,0.00033188518688650375,0.23994497103127288,0.07996909664664499,0.6797540471351963,25,30,10
19,3179,0.00039872419892232435,0.23994497103344437,0.0799724451910795,0.6796838595765543,25,30,10
19,3180,0.00039879376334370204,0.23994497103345339,0.07997250137331596,0.6796837338298876,25,30,10
19,3181,0.00040976116666160327,0.23993414640578692,0.07997235858814139,0.6796837338394099,25,30,10
19,3182,0.00041280954676938176,0.23993414640580477,0.07996575208053568,0.6796872919668903,25,30,10
19,3183,0.0004049648482102181,0.2399341464057346,0.0799657454495101,0.679695143296545,25,30,10
19,3184,0.0004068699269062975,0.2399341464056703,0.07995909682745841,0.6796998868399649,25,30,10
19,3185,0.00040884633958921746,0.23993414640574953,0.07995910163436049,0.6796979056203005,25,30,10
19,3186,0.000342920273998022,0.23993414640362204,0.07995575533896687,0.6797671779834128,25,30,10
19,3187,0.0003399029528649363,0.23993414640359453,0.07995565017339583,0.6797703004701445,25,30,10
19,3188,0.00034675439465642056,0.2399341464036119,0.0799572749253841,0.6797618242763476,25,30,10
19,3189,0.00034969742298294066,0.23993414640361052,0.07995727339731158,0.6797588827760949,25,30,10
19,3190,0.000351781011318795,0.239934146403585,0.07995726966923672,0.6797568029158593,25,30,10
19,3191,0.00034753231616462167,0.23991450543550027,0.07998115932077192,0.6797568029275629,25,30,10
19,3192,0.00035476661662636424,0.23991450543552223,0.07998116094326455,0.6797495670045868,25,30,10
19,3193,0.0003547493454155735,0.23991450543550522,0.07998120170587975,0.6797495435131993,25,30,10
19,3194,0.0005819566262695714,0.23991450543808107,0.07998141758311243,0.6795221203525367,25,30,10
19,3195,0.0005822166753324348,0.23987730031865445,0.08001836265561092,0.6795221203504017,25,30,10
19,3196,0.0005853034059818714,0.23987422414354953,0.08001835210010387,0.6795221203503641,25,30,10
19,3197,0.0005911158996885702,0.2398740464923707,0.08001271726812917,0.6795221203398109,25,30,10
19,3198,0.0005909924198206808,0.23987376752118897,0.08001311971922462,0.6795221203397651,25,30,10
19,3199,0.0007184631556239026,0.23989719483220567,0.07986222157107954,0.6795221204410906,25,30,10
19,3200,0.000710613954923167,0.239905443113377,0.07986182250012919,0.6795221204315703,25,30,10
19,3201,0.0007075219273391367,0.23990533801355504,0.0798650196275574,0.6795221204315505,25,30,10
19,3202,0.0007065742633079353,0.23990533801348363,0.07986501393566003,0.67952307378755,25,30,10
19,3203,0.0004702757181130473,0.23990533801083389,0.07986479052420437,0.6797595957468505,25,30,10
19,3204,0.0004792332655354973,0.2386957883664467,0.081065382330417,0.6797595960375971,25,30,10
19,3205,0.0004791636056766073,0.23869578836643043,0.08106542312562195,0.6797596249022672,25,30,10
19,3206,0.00048215627314872746,0.2386933446937549,0.08106487412857355,0.6797596249045192,25,30,10
19,3207,0.0004831457507028873,0.23866083082473957,0.08109639835118063,0.6797596250733726,25,30,10
19,3208,0.0004802023844577691,0.23866083082473935,0.08109639835256051,0.6797625684382379,25,30,10
19,3209,0.00048712255598925766,0.23866083082478262,0.08109635998777714,0.6797556866314468,25,30,10
19,3210,0.0007206841046914713,0.23674062302573012,0.08278300638986423,0.6797556864797101,25,30,10
19,3211,0.0005855724060243989,0.23671755109881062,0.08294115998467717,0.6797557165104837,25,30,10
19,3212,0.0005854292650851231,0.23671755109881004,0.08294124245674357,0.6797557771793578,25,30,10
19,3213,0.0005814537595652688,0.23671755109877501,0.08294123949828243,0.6797597556433737,25,30,10
19,3214,0.0005794386707020202,0.23671755109880963,0.08294124445360546,0.6797617657768792,25,30,10
19,3215,0.0005804573630232274,0.2367175510987397,0.0829412384055405,0.6797607531326936,25,30,10
19,3216,0.00058341957915911,0.23671755109878226,0.08294119958153175,0.6797578297405238,25,30,10
19,3217,0.0005913876892204401,0.23668757581872846,0.08296320674200651,0.6797578297500415,25,30,10
19,3218,0.0005914064172529051,0.23668757581876435,0.08296323779022446,0.679757779973755,25,30,10
19,3219,0.0005914076414134923,0.23668757581876457,0.08296323777694756,0.6797577787628716,25,30,10
19,3220,0.0006601846309648518,0.23668722043778886,0.08289314559247235,0.6797594493387714,25,30,10
19,3221,0.0006673163486320967,0.23725170279361976,0.08232153151825133,0.6797594493394942,25,30,10
19,3222,0.0006674384936053899,0.23725170279361138,0.08232153242711393,0.6797593262856667,25,30,10
19,3223,0.0006644599321537299,0.23725170279362068,0.08232149313950077,0.6797623441347226,25,30,10
19,3224,0.0006552382013254527,0.2384990074339406,0.08108341051862988,0.6797623438461017,25,30,10
19,3225,0.0006551674355337154,0.23849900743393107,0.08108335726722758,0.6797624678633052,25,30,10
19,3226,0.000596605550834402,0.23849900744715413,0.08104556223336357,0.6798588247686458,25,30,10
19,3227,0.0005906150559272158,0.2384990074471718,0.08104394249263729,0.6798664350042611,25,30,10
19,3228,0.0005909527960212738,0.23849900744720912,0.08104394479474428,0.6798660949620228,25,30,10
19,3229,0.0005989231343543698,0.23849064137092185,0.08104434052547634,0.6798660949692453,25,30,10
19,3230,0.0005970134225416654,0.23849064137091391,0.0810443767461628,0.67986796846038,25,30,10
19,3231,0.000594018724172653,0.238490641370923,0.08104437607311098,0.6798709638317922,25,30,10
19,3232,0.0005832451122961728,0.2385018125553571,0.08104397850284384,0.6798709638295017,25,30,10
19,3233,0.0005802128100351954,0.2385018125553573,0.08104398057382196,0.6798739940607845,25,30,10
19,3234,0.0014777521611088473,0.23850181255552394,0.08104431276034198,0.6789761225230244,25,30,10
19,3235,0.0014778054246820326,0.23850181255555036,0.08104431414678763,0.678976067872979,25,30,10
19,3236,0.001480854629147322,0.23850181255552377,0.08104431368928534,0.6789730191260426,25,30,10
19,3237,0.0014809222481988649,0.23850134996150396,0.08104470866630337,0.6789730191239921,25,30,10
19,3238,0.0012434592007942757,0.24043453933814335,0.07934898234687622,0.6789730191141861,25,30,10
19,3239,0.0012354891115066145,0.240464918948026,0.07932657283350204,0.6789730191069653,25,30,10
19,3240,0.0012356639303700819,0.24046491894798308,0.0793265725614423,0.6789728445602045,25,30,10
19,3241,0.0003410880228601598,0.24046491894840594,0.07932624302719682,0.6798677500015369,25,30,10
19,3242,0.00034114019512227227,0.2404649189483971,0.07932635622910039,0.67986758462738,25,30,10
19,3243,0.0003487753353426267,0.24046491894847447,0.0793263632054584,0.6798599425107245,25,30,10
19,3244,0.0003547687607295326,0.24046491894850142,0.0793264804013236,0.6798538318894453,25,30,10
19,3245,0.00035566259651861713,0.24046491894850897,0.07932648241407772,0.6798529360408945,25,30,10
19,3246,0.0003477048464054907,0.24046491894840272,0.0793264737297991,0.6798609024753923,25,30,10
19,3247,0.00035068200789695533,0.240464918948358,0.07932644391917307,0.6798579551245717,25,30,10
19,3248,0.00034787858500096415,0.24046491894837654,0.07932652724742216,0.6798606752191995,25,30,10
19,3249,0.0003481630084848143,0.24046491894837935,0.07932648645470226,0.6798604315884326,25,30,10
19,3250,0.00034520142943642544,0.24046787013025284,0.07932649685404951,0.6798604315862603,25,30,10
19,3251,0.0008015128810611846,0.24046787013238557,0.07932677596046867,0.6794038410260838,25,30,10
19,3252,0.0008084508063085531,0.24046787013238385,0.0793267362802097,0.6793969427810971,25,30,10
19,3253,0.000805565220624797,0.23990373094001424,0.07989376105624717,0.679396942783113,25,30,10
19,3254,0.0008055661169968953,0.23990373003386126,0.07989376106602825,0.6793969427831125,25,30,10
19,3255,0.0008077154393472182,0.2399037300338094,0.07989606341532923,0.6793924911115131,25,30,10
19,3256,0.0008075912569590729,0.2399037300338178,0.07989605998215221,0.67939261872707,25,30,10
19,3257,0.0008036125654461659,0.23990373003375687,0.07989593924596516,0.6793967181548308,25,30,10
19,3258,0.000800737886914196,0.23990373003376636,0.07989593849846459,0.6793995935808534,25,30,10
19,3259,0.0008006664697121953,0.23990373003376603,0.07989599279349852,0.6793996107030218,25,30,10
19,3260,0.0008005611677733608,0.2399032707016321,0.07989655743471595,0.6793996106958771,25,30,10
19,3261,0.0008714780360095524,0.23990327070488232,0.07989764959021628,0.6793276016688904,25,30,10
19,3262,0.0008713886439038549,0.23990327070490927,0.07989765007823373,0.679327690572952,25,30,10
19,3263,0.0008711911851215066,0.23990327070493384,0.079897607836592,0.6793279302733514,25,30,10
19,3264,0.0008712630471341418,0.2399032707049346,0.07989763556920924,0.6793278306787207,25,30,10
19,3265,0.0008711419431950363,0.23990327070491713,0.07989751894896464,0.679328068402922,25,30,10
19,3266,0.0008809606111590481,0.2399032725343695,0.07988769765266533,0.679328069201805,25,30,10
19,3267,0.0008878460001802961,0.23991883094296498,0.07986525385522078,0.679328069201633,25,30,10
19,3268,0.000887706165605341,0.23991883094294622,0.0798652525384793,0.6793282103529683,25,30,10
19,3269,0.0008877507836896234,0.23991883094293243,0.07985891256448624,0.6793345057088915,25,30,10
19,3270,0.0008848237351633545,0.23991883094294197,0.07985891328907582,0.6793374320328188,25,30,10
19,3271,0.000893132973381512,0.23991883094452293,0.0798605460553444,0.6793274900267512,25,30,10
19,3272,0.0008930810600503086,0.23991883094453187,0.07986054475440102,0.6793275432410169,25,30,10
19,3273,0.0008930261647000062,0.23991883094454888,0.079860545002676,0.6793275978880752,25,30,10
19,3274,0.0008910139762875074,0.23991883094460625,0.07986074799839829,0.6793294070807083,25,30,10
19,3275,0.0008854259902586661,0.23991847966807034,0.07986668804925687,0.6793294062924149,25,30,10
19,3276,0.0010080017731721215,0.23976426972973464,0.07989832190753204,0.6793294065895633,25,30,10
19,3277,0.0009996727122326683,0.23976426972756432,0.07989668652863197,0.6793393710315732,25,30,10
19,3278,0.0009995524712753047,0.23974199445495728,0.07991908203977835,0.6793393710339906,25,30,10
19,3279,0.0009965393525330083,0.23974199445494807,0.07991900087976324,0.6793424653127569,25,30,10
19,3280,0.0010007704873365051,0.23974199445607497,0.07991917730883887,0.6793380577477508,25,30,10
19,3281,0.0009926310468943652,0.23974199443966193,0.07992898223648531,0.6793363922769593,25,30,10
19,3282,0.0008700744193693741,0.23989618920889344,0.07989734439205284,0.6793363919796853,25,30,10
19,3283,0.0008700876298957805,0.2399185817494565,0.07987493864338176,0.6793363919772673,25,30,10
19,3284,0.0008770582292392512,0.2399185817494998,0.0798749431492154,0.6793294168720463,25,30,10
19,3285,0.0008730123385762825,0.23991858174944658,0.07987494084787938,0.6793334650640985,25,30,10
19,3286,0.0008771283159912874,0.23991858174950034,0.07987494322526632,0.6793293467092428,25,30,10
19,3287,0.0008769898890458373,0.23991858174948258,0.07987486145069196,0.6793295669107802,25,30,10
19,3288,0.0008740468390987087,0.23992153150084303,0.07987485475161413,0.679329566908444,25,30,10
19,3289,0.0008761003874417831,0.23992153150081763,0.07988145532131202,0.6793209127904286,25,30,10
19,3290,0.0008731784387762126,0.2399244501158387,0.07988145864757061,0.6793209127978145,25,30,10
19,3291,0.0008792374295177238,0.23992445011583466,0.07988126043717375,0.6793150520174736,25,30,10
19,3292,0.0008792365353513265,0.23992445011583358,0.07988125832106452,0.6793150550277504,25,30,10
19,3293,0.000882182255328283,0.23992445011583416,0.07988125778092456,0.6793121098479127,25,30,10
19,3294,0.0008793765921799035,0.23992445011585262,0.07988125770117704,0.67931491559079,25,30,10
19,3295,0.000883159762628732,0.23992445011590394,0.07988125894467812,0.6793111311767891,25,30,10
19,3296,0.0008860171120150844,0.2399244501158764,0.0798813259885885,0.6793082067835199,25,30,10
19,3297,0.0008860180612731403,0.23992445011587674,0.07988136739205538,0.6793081644307946,25,30,10
19,3298,0.0008860208512324071,0.23992445011591332,0.07988148338042897,0.6793080456524249,25,30,10
19,3299,0.0008859155246035215,0.23992445011589558,0.07988159895153474,0.6793080354079659,25,30,10
19,3300,0.0008818159306809796,0.23992445011585115,0.07988159522138798,0.6793121387320799,25,30,10
19,3301,0.0008860024000568064,0.23991986479370625,0.07988199407157918,0.6793121387346578,25,30,10
19,3302,0.0008817366494897615,0.23991986479256083,0.07988193219041465,0.6793164663675348,25,30,10
19,3303,0.0008788241742477042,0.23991986479256994,0.0798753289648813,0.679325982068301,25,30,10
19,3304,0.0008796830954139755,0.23991986479258684,0.07987544957830683,0.6793250025336921,25,30,10
19,3305,0.0008758314667382057,0.2399198647925345,0.07987544781095288,0.6793288559297744,25,30,10
19,3306,0.0011091475781386784,0.2399198647956732,0.07987566062040241,0.6790953270057857,25,30,10
19,3307,0.0011130558333009308,0.23991986479569008,0.07987566280647729,0.6790914165645314,25,30,10
19,3308,0.001110186215460624,0.2399198647957278,0.0798755492406062,0.6790943997482052,25,30,10
19,3309,0.0011000097879795942,0.23993043308502848,0.07987515738131512,0.6790943997456766,25,30,10
19,3310,0.0011194549995419143,0.2399304330852566,0.0798557511908399,0.6790943607243624,25,30,10
19,3311,0.0011225369945981605,0.23992734304800428,0.07985575923291273,0.6790943607244853,25,30,10
19,3312,0.00111948808807185,0.23992734304800428,0.07985569069868408,0.6790974781652405,25,30,10
19,3313,0.001178036587949637,0.23992734316926956,0.0797971417928468,0.6790974784499352,25,30,10
19,3314,0.0011750409107664115,0.23992734316926045,0.07979714217904353,0.6791004737409305,25,30,10
19,3315,0.0011772066327047867,0.23992518154290887,0.07979713808566222,0.6791004737387248,25,30,10
19,3316,0.0011303352177117886,0.2399251815373721,0.07984400978365405,0.6791004734612629,25,30,10
19,3317,0.0011263424656184533,0.23992518153731035,0.07984400485827667,0.6791044711387952,25,30,10
19,3318,0.0011334400376672232,0.23991769493790518,0.079844393880597,0.6791044711438313,25,30,10
19,3319,0.0009040833930819927,0.23991769493479262,0.07984418396101757,0.6793340377111086,25,30,10
19,3320,0.000904027662730873,0.2399176949348112,0.07984418278936459,0.6793340946130942,25,30,10
19,3321,0.000906902489321959,0.2399152086000433,0.0798437942978262,0.679334094612809,25,30,10
19,3322,0.0009040293162266297,0.23991520860006996,0.07984375625859982,0.6793370058251038,25,30,10
19,3323,0.0009000547784301091,0.23991520860003554,0.07984375334040672,0.6793409832811281,25,30,10
19,3324,0.0009020692937794269,0.23991520860000892,0.07984363197134897,0.6793390901348632,25,30,10
19,3325,0.0009039956334694226,0.23991520860009763,0.07997316628290037,0.6792076294835333,25,30,10
19,3326,0.000903978418898658,0.23991520860008822,0.07997316699939772,0.6792076459816162,25,30,10
19,3327,0.0009069032069866095,0.23991520860005255,0.0799731634987956,0.679204724694166,25,30,10
19,3328,0.0009097728140320355,0.23991520860001483,0.07997316184587111,0.6792018567400824,25,30,10
19,3329,0.0009097076702042708,0.23991520860001408,0.07997316119178677,0.6792019225379954,25,30,10
19,3330,0.0008870292836890192,0.23991520859977544,0.08009215985036729,0.6791056022661671,25,30,10
19,3331,0.0008889923192675306,0.23991520859985474,0.08009204972523984,0.6791037493556368,25,30,10
19,3332,0.0009528011619475945,0.2399152086035493,0.0800922665929514,0.6790397236415506,25,30,10
19,3333,0.0009560290517242115,0.2399152086035784,0.08009226815394677,0.6790364941907494,25,30,10
19,3334,0.0009639968317327074,0.23991520860360327,0.08009215911453031,0.6790286354501326,25,30,10
19,3335,0.000960003291230715,0.2399152086035678,0.08009215508823742,0.679032633016963,25,30,10
19,3336,0.0005037972716408076,0.23991520860141752,0.08009187618496906,0.6794891179419719,25,30,10
19,3337,0.0005049166015784327,0.23991520860133814,0.08034346755760349,0.6792364072394796,25,30,10
19,3338,0.0005049165739841461,0.2399152086013377,0.08034346748322521,0.6792364073414525,25,30,10
19,3339,0.0005000459502099792,0.23988897275360122,0.08037457394505297,0.6792364073511353,25,30,10
19,3340,0.0004331903940256308,0.2398889727499071,0.08037435710534387,0.6793034797507228,25,30,10
19,3341,0.00043825881117383147,0.23988386348695012,0.08037439794613828,0.6793034797557368,25,30,10
19,3342,0.00043797670440539395,0.23988386348692195,0.08037439500882408,0.6793037647998474,25,30,10
19,3343,0.000671599601148167,0.23988386348704732,0.08037450191137849,0.679070035000425,25,30,10
19,3344,0.0006646280556996211,0.2398838634870037,0.08037450030160236,0.6790770081556933,25,30,10
19,3345,0.0007323211342192396,0.23980819451789984,0.08038247575936376,0.6790770085885159,25,30,10
19,3346,0.0007131300671291042,0.2398081945121821,0.08040166683813922,0.6790770085825463,25,30,10
19,3347,0.0007130772166403813,0.23980819451219085,0.08040166697410063,0.6790770612970648,25,30,10
19,3348,0.0006460011052010211,0.23980819450901922,0.08039827238756969,0.6791475319982068,25,30,10
19,3349,0.0006459148769869834,0.239777372362976,0.08042918076182673,0.6791475319982075,25,30,10
19,3350,0.0005760684183525799,0.23985519962034288,0.08042120038881478,0.6791475315724871,25,30,10
19,3351,0.0005809017315359983,0.23988185782109614,0.0803897088847091,0.679147531562656,25,30,10
19,3352,0.0005749274568592732,0.23988185782111449,0.08038971110843188,0.6791535036135916,25,30,10
19,3353,0.0005748066430036719,0.23988185782112276,0.0803897102640164,0.6791536252718545,25,30,10
19,3354,0.0005748573608129943,0.23988185782111368,0.08038971153780458,0.679153573280266,25,30,10
19,3355,0.0005748085333504787,0.23988185782112292,0.08038971232964326,0.6791536213158806,25,30,10
19,3356,0.0005748570393288849,0.23988185782110505,0.08038971210975669,0.6791535730298068,25,30,10
19,3357,0.0005769103328459845,0.23988255742167433,0.0803869592253665,0.6791535730201111,25,30,10
19,3358,0.0005700589144458767,0.2398825574216574,0.08038695699904316,0.6791604266648517,25,30,10
19,3359,0.0005713378261433786,0.23988255742156178,0.08025742423817184,0.6792886805141216,25,30,10
19,3360,0.0005642258325974326,0.23988968019043358,0.08025741346773348,0.6792886805092343,25,30,10
19,3361,0.0005590681879161724,0.23989488250754148,0.0802573688077087,0.6792886804968322,25,30,10
19,3362,0.0005712293485896885,0.23989488250971788,0.08025752230221879,0.679276365839472,25,30,10
19,3363,0.0005752755125616484,0.23989488250976174,0.08025763982324313,0.6792722021544318,25,30,10
19,3364,0.0005722799281988458,0.23989488250976998,0.08025763993600403,0.6792751976260254,25,30,10
19,3365,0.0005731394586419443,0.2398948825097926,0.08035029526639237,0.6791816827651725,25,30,10
19,3366,0.0005661104739955885,0.2398948825097394,0.08035017652420827,0.6791888304920561,25,30,10
19,3367,0.0005691226338720929,0.23992332439016809,0.08031872247914305,0.679188830496816,25,30,10
19,3368,0.0005691748223883104,0.239923324390174,0.0806939235575274,0.6788135772299095,25,30,10
19,3369,0.0005692109298774797,0.23992311719282608,0.08069409465218783,0.6788135772251078,25,30,10
19,3370,0.0005662321893743999,0.2399231171928184,0.08069409490357561,0.678816555714231,25,30,10
19,3371,0.0008033827935064008,0.23797795443345338,0.08240210674203617,0.6788165560310035,25,30,10
19,3372,0.0008124323399021255,0.23796875176176172,0.08240225971198345,0.6788165561863522,25,30,10
19,3373,0.0008154435512952913,0.237965733199581,0.08240226706273025,0.678816556186393,25,30,10
19,3374,0.0008176506105170818,0.2379635210562222,0.08240227215396813,0.6788165561792916,25,30,10
19,3375,0.0008086238036193599,0.2379723398283395,0.08240248034413121,0.6788165560239089,25,30,10
19,3376,0.0008095524581268754,0.23797233982837482,0.08277547482781836,0.6784426328856787,25,30,10
19,3377,0.000806817275796827,0.2379723398284031,0.0827754759594527,0.6784453669363463,25,30,10
19,3378,0.0008097796444955611,0.23797233982843294,0.08240027694889938,0.6788176035781711,25,30,10
19,3379,0.0008097642662255128,0.23797233982843324,0.08240027594966015,0.67881761995568,25,30,10
19,3380,0.0008088528353792432,0.2379723398284085,0.08229354163678913,0.678925265699422,25,30,10
19,3381,0.0008128995513505244,0.2379723398284532,0.08229354582597093,0.6789212147942238,25,30,10
19,3382,0.0008240543738437506,0.23797233982955818,0.08229359425293857,0.6789100115436578,25,30,10
19,3383,0.0008240944675706987,0.23796143693738245,0.08230445705145417,0.678910011543591,25,30,10
19,3384,0.0008261256869986449,0.23796143693735658,0.08230445326919616,0.6789079841064468,25,30,10
19,3385,0.0005925018593121949,0.23796143693723087,0.0823043477799531,0.6791417134235022,25,30,10
19,3386,0.0005994728677552438,0.2379614369372834,0.08230435210764023,0.6791347380873194,25,30,10
19,3387,0.0005994197956030898,0.23797233926031985,0.08229350283248854,0.6791347381115869,25,30,10
19,3388,0.0005994198035401539,0.23797233926031985,0.08229350343724842,0.6791347374988898,25,30,10
19,3389,0.0005924281085077133,0.23797233926027517,0.0822934992183223,0.6791417334128931,25,30,10
19,3390,0.0006033937021732924,0.23797233926034486,0.08202736168248358,0.6793969053549965,25,30,10
19,3391,0.0005882883587228265,0.2379723392581682,0.08202723865180253,0.6794121337313043,25,30,10
19,3392,0.0005813846354471626,0.23797233925810687,0.08202723375915559,0.679419042347288,25,30,10
19,3393,0.0005813976195455138,0.2379723393632446,0.082027220689314,0.6794190423278935,25,30,10
19,3394,0.0005841318466618408,0.23797233936321688,0.0820272202242313,0.6794163085658877,25,30,10
19,3395,0.0005760415934625579,0.23797233936212925,0.08202717054060377,0.679424448503802,25,30,10
19,3396,0.0005760428399555416,0.23625448755318787,0.083745021100674,0.6794244485061802,25,30,10
19,3397,0.0005851653047759645,0.23625448755379647,0.08374513421176898,0.6794152129296563,25,30,10
19,3398,0.0005932198979786021,0.23795646958087804,0.08203509758861634,0.6794152129325246,25,30,10
19,3399,0.0005920099052670192,0.2379262152688671,0.08206656188385728,0.6794152129420064,25,30,10
19,3400,0.0005929909069867403,0.23792621526891103,0.08206671693870897,0.6794140768853909,25,30,10
19,3401,0.0005931003402707672,0.23792610285940546,0.08206671991969128,0.6794140768806303,25,30,10
19,3402,0.0005962891081622288,0.23792610285940644,0.08206671896398135,0.6794108890684484,25,30,10
19,3403,0.0005932943048187366,0.23792610285939805,0.08206671887115366,0.6794138839646284,25,30,10
19,3404,0.0005923819693612126,0.23792610285937207,0.08206656398492632,0.6794149511863392,25,30,10
19,3405,0.0005933620532172195,0.23792456745335858,0.08206711930240546,0.6794149511910176,25,30,10
19,3406,0.0005955703673451969,0.23792289806548922,0.08206658036132772,0.6794149512058358,25,30,10
19,3407,0.0005956204003334472,0.2379228980654714,0.08206657905000343,0.6794149024841896,25,30,10
19,3408,0.0005966004300721957,0.23792289806550643,0.08206658409155258,0.6794139174128666,25,30,10
19,3409,0.000593623426312259,0.2379228980654886,0.08206658529856112,0.679416893209636,25,30,10
19,3410,0.0005905786447231278,0.23792289806549674,0.08181498779846694,0.6796715354913119,25,30,10
19,3411,0.0005796649179201952,0.237922898065426,0.08190714374025462,0.679590293276398,25,30,10
19,3412,0.0005827303368638721,0.23792289806541786,0.08190241587217136,0.6795919557255488,25,30,10
19,3413,0.0005818039116579577,0.2379228980653914,0.08190241100662905,0.6795928870163231,25,30,10
19,3414,0.0005817509711394578,0.23792289806538217,0.08190240834394856,0.6795929426195312,25,30,10
19,3415,0.0005716813045256522,0.23794078194312987,0.08189459413092395,0.6795929426214219,25,30,10
19,3416,0.0005736960197528989,0.2379393131766425,0.08189404818690521,0.6795929426167006,25,30,10
19,3417,0.0005737163692054766,0.23793931317666986,0.08189405048883586,0.6795929199652897,25,30,10
19,3418,0.0005765897301501752,0.23793931317666042,0.0818017733826585,0.6796823237105312,25,30,10
19,3419,0.0005795693095698253,0.23793931317664307,0.08180177261805463,0.6796793448957328,25,30,10
19,3420,0.00057435861733297,0.23794453379810954,0.08180176270361109,0.6796793448809468,25,30,10
19,3421,0.0005773548675400619,0.23794453379811845,0.08180176687354654,0.6796763444607954,25,30,10
19,3422,0.0005812617985266239,0.23794453379815358,0.08179949575653439,0.6796747086467859,25,30,10
19,3423,0.0005812460926677017,0.2379445337981359,0.08179957746401412,0.679674642645183,25,30,10
19,3424,0.0005781978129831069,0.23794453379811847,0.08179958039664952,0.6796776879922494,25,30,10
19,3425,0.0011565912033507284,0.237944533832966,0.08180511042216967,0.6790937645415142,25,30,10
19,3426,0.0011569258899359553,0.23794418958813157,0.0818051199852703,0.6790937645366619,25,30,10
19,3427,0.001147803059869446,0.23794418958752284,0.08180497635599832,0.6791030309966086,25,30,10
19,3428,0.0011549334795823963,0.23794418958751615,0.08180497897291517,0.6790958979599853,25,30,10
19,3429,0.0011548959113289084,0.23794418958750782,0.08180497935606561,0.6790959351450965,25,30,10
19,3430,0.0011568076784242395,0.23794418958750754,0.0817176056509669,0.6791813970831018,25,30,10
19,3431,0.0011527439833919615,0.2379441895875058,0.08171760393886819,0.6791854624902345,25,30,10
19,3432,0.0011527457223510487,0.23794418958750563,0.08171768643537745,0.6791853782547664,25,30,10
19,3433,0.0011527481671058635,0.2379441895874873,0.08180993928005525,0.679093122965351,25,30,10
19,3434,0.0011556752344725055,0.23794418958747823,0.08180993860994117,0.6790901965681075,25,30,10
19,3435,0.0012191691840962094,0.23906440258534803,0.0806262313624595,0.6790901968680967,25,30,10
19,3436,0.001227269393418904,0.23906440258593825,0.08062627265788203,0.6790820553627611,25,30,10
19,3437,0.0012302655890368192,0.23906440258592962,0.08062627252047781,0.6790790593045558,25,30,10
19,3438,0.0012281414939730106,0.23906598147271044,0.08062681772408553,0.679079059309231,25,30,10
19,3439,0.0012250926093258277,0.23906598147271044,0.08062673527019774,0.6790821906477658,25,30,10
19,3440,0.0012271578610201785,0.23906598147265234,0.08053407779619841,0.6791727828701289,25,30,10
19,3441,0.00122488119924395,0.23906598147269442,0.08053407925779404,0.6791750580702676,25,30,10
19,3442,0.0012161245521745132,0.23906598147467875,0.08062665186413068,0.6790912421090165,25,30,10
19,3443,0.0014397430581084103,0.2379460040406789,0.08152301072345672,0.6790912421777573,25,30,10
19,3444,0.0011496755653312028,0.23794541301094585,0.08181366961247966,0.6790912418112417,25,30,10
19,3445,0.005117224684490332,0.2379455524525355,0.07784768614931753,0.6790895367136581,25,30,10
19,3446,0.005118191143210212,0.23794555245258892,0.0778499678774217,0.6790862885267809,25,30,10
19,3447,0.00535150626488385,0.2379455524557531,0.07785018011393369,0.6788527611654309,25,30,10
19,3448,0.0053505633350490215,0.237947038363151,0.07784963714104377,0.6788527611607573,25,30,10
19,3449,0.005361514044567354,0.23794704108603668,0.07783154393929186,0.6788599009301053,25,30,10
19,3450,0.005360585722471375,0.23794796619919478,0.07783154715532893,0.6788599009230061,25,30,10
19,3451,0.005359568701704036,0.23794796619927527,0.07783155596612494,0.6788609091328969,25,30,10
19,3452,0.005359553637894105,0.23794797818080926,0.07783155904610158,0.6788609091351961,25,30,10
19,3453,0.0013988101275165148,0.23794783873932704,0.08179241227822542,0.6788609388549304,25,30,10
19,3454,0.0011585648868031096,0.239895698840945,0.08008479773665057,0.6788609385356004,25,30,10
19,3455,0.0011594419754136131,0.23989569884098064,0.08008480076812459,0.678860058415481,25,30,10
19,3456,0.0005780531927990483,0.2398956988061247,0.08007926662353095,0.6794469813775447,25,30,10
19,3457,0.0005809959518517286,0.23989276111265376,0.08007926155565032,0.6794469813798435,25,30,10
19,3458,0.0005779477013681844,0.23989276111265312,0.08007926077619455,0.6794500304097829,25,30,10
19,3459,0.0005749173088581063,0.23989276111265412,0.08007926744502099,0.6794530541334655,25,30,10
19,3460,0.0005779123896851306,0.23989276111266272,0.0800792675550408,0.67945005894261,25,30,10
19,3461,0.0005789283524450416,0.23989276111272628,0.08007927549325052,0.6794490350415768,25,30,10
19,3462,0.0005819320986376453,0.23988921667133498,0.0800798161883262,0.6794490350416997,25,30,10
19,3463,0.0005809161586618891,0.23988921667127158,0.08007981079455978,0.6794500563755053,25,30,10
19,3464,0.0005918653541331767,0.23988921667136767,0.08007985184449178,0.6794390661300058,25,30,10
19,3465,0.0005917406543993048,0.23988921667137628,0.0800798909395602,0.6794391517346628,25,30,10
19,3466,0.0005918838559694567,0.23988921667137816,0.08007989237006528,0.6794390071025859,25,30,10
19,3467,0.0005917946389811621,0.23988921667134983,0.08007989052123125,0.6794390981684362,25,30,10
19,3468,0.0005848907563756438,0.23988921667135987,0.07998775196096647,0.6795381406112972,25,30,10
19,3469,0.0005838943774690754,0.23988921667132346,0.07998774679726045,0.6795391421539462,25,30,10
19,3470,0.0007772664959656423,0.24044916352390763,0.07923445719929888,0.6795391127808271,25,30,10
19,3471,0.0007802786076119011,0.24044916352392545,0.07923445932438936,0.6795360985440727,25,30,10
19,3472,0.0007802594925154912,0.24044902265122084,0.07923461931444797,0.6795360985418151,25,30,10
19,3473,0.0007772973714918745,0.2404490226512128,0.07923458193058827,0.6795390980467063,25,30,10
19,3474,0.0007793484534852976,0.24044902265115994,0.07923469398310712,0.6795369349122471,25,30,10
19,3475,0.0007446319064883781,0.23989579647347511,0.07982263675027404,0.6795369348697622,25,30,10
19,3476,0.0007416721375440599,0.23989579647346623,0.07982263617211353,0.6795398952168761,25,30,10
19,3477,0.0007460236886151643,0.23989142823492535,0.0798226528545848,0.6795398952218745,25,30,10
19,3478,0.0007450579960076993,0.23989142823487292,0.07982265058705754,0.6795408631820616,25,30,10
19,3479,0.0007460404476444965,0.23989142823492515,0.07982268179517094,0.6795398495222602,25,30,10
19,3480,0.0008158475201613678,0.2398914282376038,0.07982452513270237,0.6794681991095337,25,30,10
19,3481,0.0008159852843063719,0.23989142823763118,0.07982444461121235,0.6794681418668516,25,30,10
19,3482,0.0010552236038600298,0.2398914282398212,0.07982463544177869,0.6792287127145414,25,30,10
19,3483,0.0010553286283959261,0.23989142823984777,0.07982463538599854,0.6792286077457591,25,30,10
19,3484,0.000900869479135566,0.23988471379047416,0.07998580911983429,0.6792286076105573,25,30,10
19,3485,0.0009048819024635614,0.23988471379051,0.07998580047275829,0.6792246038342692,25,30,10
19,3486,0.0008975244256923756,0.23989264158502518,0.07998523016026537,0.6792246038290183,25,30,10
19,3487,0.0009045068619632075,0.23988547181510214,0.0799854174865836,0.6792246038363525,25,30,10
19,3488,0.0009044366955607532,0.2398854718150838,0.07998541618359327,0.6792246753057636,25,30,10
19,3489,0.0009245318598423469,0.2398648891675039,0.07998590295473997,0.6792246760179148,25,30,10
19,3490,0.0009285086061596016,0.23986488916753948,0.07998590455621431,0.6792206976700872,25,30,10
19,3491,0.0009310207431837956,0.23986488383031893,0.07988705239371977,0.6793170430327784,25,30,10
19,3492,0.0009310583023643848,0.239864287784646,0.07988761088220996,0.6793170430307799,25,30,10
19,3493,0.0009340724452781355,0.23986428778464502,0.07988760807281416,0.6793140316972627,25,30,10
19,3494,0.0009350699148133146,0.23986428778468116,0.07988761065789618,0.6793130316426094,25,30,10
19,3495,0.0044201633570578,0.2398656894110608,0.07639666036787984,0.6793174868640022,25,30,10
19,3496,0.001642349318474356,0.23993448839573742,0.07911716316348646,0.6793059991223022,25,30,10
19,3497,0.0014091027655067864,0.23993448839258222,0.07911706540092722,0.6795393434409841,25,30,10
19,3498,0.0014152169944890896,0.239934488392573,0.0791170388317236,0.6795332557812148,25,30,10
19,3499,0.0014151644842006332,0.2399344883931249,0.07911704183504974,0.6795333052876249,25,30,10
19,3500,0.0014120962966961673,0.23993448839313344,0.07911704046310343,0.6795363748470672,25,30,10
19,3501,0.001412031917102754,0.23993435020261264,0.07911724303821291,0.679536374842072,25,30,10
19,3502,0.0014130218923429215,0.23993435020524478,0.07911751532786915,0.6795351125745435,25,30,10
19,3503,0.0013980956859603213,0.2399343502051209,0.07911755892815528,0.6795499951807636,25,30,10
19,3504,0.0009536937388667636,0.23986418429108472,0.079199979256495,0.6799821427135544,25,30,10
19,3505,0.0006809932776980077,0.23986414687135468,0.07990497187230844,0.6795498879786394,25,30,10
19,3506,0.0006851989240522444,0.23986414687142285,0.0799096800010421,0.6795409742034835,25,30,10
19,3507,0.0006905404279602417,0.23988427806436768,0.07998052271482553,0.6794446587928475,25,30,10
19,3508,0.0006705144996503129,0.23990479876759635,0.07998002865176079,0.6794446580809934,25,30,10
19,3509,0.0006727650754625997,0.23993400703865825,0.07994856979241122,0.6794446580934683,25,30,10
19,3510,0.0006887809632425882,0.23993400704179707,0.07994857578857509,0.6794286362063855,25,30,10
19,3511,0.0006219692334066423,0.2399340070391266,0.07994835484466031,0.6794956688828063,25,30,10
19,3512,0.0006209713764463218,0.23993400703908155,0.07994835262839514,0.6794966689560767,25,30,10
19,3513,0.0006204292228016866,0.23993400703889756,0.07994889483126826,0.6794966689070328,25,30,10
19,3514,0.0006163131569248538,0.23993400703886247,0.07994889137667419,0.6795007884275386,25,30,10
19,3515,0.0006161921256117851,0.23993400703883655,0.0799488911379458,0.6795009096976063,25,30,10
19,3516,0.0006182585070482979,0.2399340070387829,0.07994660887904387,0.6795011255751252,25,30,10
19,3517,0.0019367784601990068,0.2368828168269124,0.08167927910968183,0.6795011256032035,25,30,10
19,3518,0.001943629915362221,0.23688281682692947,0.08167928132011362,0.6794942719375918,25,30,10
19,3519,0.0019436333190917593,0.23688281682692972,0.08167936381624098,0.6794941860377348,25,30,10
19,3520,0.001943617013146754,0.23688300248338265,0.08167919446585335,0.6794941860376152,25,30,10
19,3521,0.0019465949074760963,0.23685801252523028,0.08170120652972213,0.6794941860375695,25,30,10
19,3522,0.0019435990635972736,0.23685801252522168,0.08170125974819514,0.6794971286629842,25,30,10
19,3523,0.0019476455190061018,0.23687581612240202,0.08167940969076244,0.6794971286678276,25,30,10
19,3524,0.0021898679042347074,0.2368758161255404,0.08167963374065935,0.6792546822295635,25,30,10
19,3525,0.0021898676279467357,0.23687581612554026,0.0816797495592828,0.6792545666872283,25,30,10
19,3526,0.0021899533955798455,0.23687581612557626,0.08168203042795501,0.6792522000508867,25,30,10
19,3527,0.0021829815042662347,0.23687581612554198,0.0816820274162511,0.6792591749539386,25,30,10
19,3528,0.002169960267374481,0.23687581612243075,0.08168194099883064,0.6792722826113621,25,30,10
19,3529,0.002170028923329277,0.23687581612246691,0.08168202654055254,0.6792721284136494,25,30,10
19,3530,0.0021670120523843432,0.23687581612193098,0.08168672495634968,0.6792704468693335,25,30,10
19,3531,0.0021749110571359937,0.23686778490500524,0.08168685690457775,0.6792704471332796,25,30,10
19,3532,0.002181830311793647,0.23686085801205892,0.08168686453790759,0.6792704471382379,25,30,10
19,3533,0.002190353460195932,0.23686088502480132,0.08167818614862644,0.6792705753663743,25,30,10
19,3534,0.002190410822826846,0.2368608850247743,0.08167810010478227,0.6792706040476145,25,30,10
19,3535,0.0019501816252611617,0.23686088501995162,0.08167763488896455,0.6795112984658204,25,30,10
19,3536,0.001947202265139009,0.23686442055678647,0.08167707871259106,0.6795112984654813,25,30,10
19,3537,0.0019443152291400948,0.23686442055686802,0.08167708024102505,0.679514183972965,25,30,10
19,3538,0.0006189535267964377,0.2393129333095395,0.08055392921896568,0.679514183944698,25,30,10
19,3539,0.0006162396011726635,0.2393129333095326,0.08055385238655868,0.6795169747027355,25,30,10
19,3540,0.0006163073186553988,0.23931286980249528,0.0805538481759905,0.6795169747028583,25,30,10
19,3541,0.0006093349704339389,0.23932038743870865,0.08055330288795412,0.6795169747029018,25,30,10
19,3542,0.0006122959975925366,0.23932038743873651,0.08055318773356916,0.6795141288301002,25,30,10
19,3543,0.0006162715987019067,0.23932038743877157,0.08055156843108152,0.6795117725314435,25,30,10
19,3544,0.0006350420430575863,0.23932038743934775,0.08054943997663858,0.6794951305409542,25,30,10
19,3545,0.0006280704844411251,0.23932038743930428,0.08054943681335168,0.6795021052629011,25,30,10
19,3546,0.0006160651020900566,0.23933252879746936,0.08054930112339699,0.6795021049770418,25,30,10
19,3547,0.0006191136676046151,0.2393325287974251,0.08054918351335529,0.6794991740216136,25,30,10
19,3548,0.0006221625697666923,0.2393325287974251,0.08054918356245815,0.6794961250703487,25,30,10
19,3549,0.0006221616415794096,0.23933252879742473,0.08054918355563429,0.6794961260053601,25,30,10
19,3550,0.0006220696989014713,0.23933252879736142,0.08054918286011004,0.6794962186436255,25,30,10
19,3551,0.0006249381439861107,0.23933252879736028,0.08054918224932248,0.6794933508093295,25,30,10
19,3552,0.0006030496459540935,0.23933252879674846,0.0805490313651818,0.679515390192114,25,30,10
19,3553,0.0006058829251136384,0.23933252879674707,0.08054902813496628,0.6795125601431714,25,30,10
19,3554,0.0006088798605791873,0.23933252879675568,0.08054902894726162,0.679509562395402,25,30,10
19,3555,0.0006058134857768914,0.23933252879676445,0.08054903010522776,0.6795126276122292,25,30,10
19,3556,0.0005946889600512143,0.23933252879666142,0.0805443189526711,0.6795284632906149,25,30,10
19,3557,0.0005946846419807491,0.2393325287966338,0.08054659857101525,0.6795261879903687,25,30,10
19,3558,0.0005896170335080445,0.23933252879604386,0.08054655357463146,0.6795313005958152,25,30,10
19,3559,0.0006015723202031731,0.23933252879713296,0.08054193411745128,0.6795239647652112,25,30,10
19,3560,0.0006015194061443945,0.23933258933288773,0.08054192650051889,0.6795239647604476,25,30,10
19,3561,0.000608474403694634,0.23933258933293108,0.0805419285603021,0.679517007703071,25,30,10
19,3562,0.000611521265699327,0.23933258933293136,0.08054187309670645,0.6795140163046614,25,30,10
19,3563,0.0006133783964929093,0.23933017646820004,0.08054242882120675,0.6795140163140989,25,30,10
19,3564,0.0006133242897457369,0.239330176468208,0.08054242937201414,0.6795140698700307,25,30,10
19,3565,0.0006132034198908867,0.23933017646821622,0.08054251144771123,0.6795141086641803,25,30,10
19,3566,0.0006101558113730525,0.2393301764681797,0.08054250923497737,0.6795171584854685,25,30,10
19,3567,0.0006116646797789905,0.23933014945560147,0.08054115559075599,0.6795170302738626,25,30,10
19,3568,0.0006185063960046676,0.23990136416271018,0.07996309916481488,0.6795170302764716,25,30,10
19,3569,0.0006005237039096438,0.2398812320794808,0.07523449139808576,0.6842837528185253,25,30,10
19,3570,0.0006004869258129405,0.23988123207949877,0.07523449214689575,0.6842837888477942,25,30,10
19,3571,0.0006064057641935486,0.23988123828442734,0.07989902382534049,0.6796133321260399,25,30,10
19,3572,0.0006064778250707411,0.23988123828446414,0.0798990261007937,0.6796132577896725,25,30,10
19,3573,0.0006064420559789808,0.239881238284456,0.0798990245032516,0.6796132951563145,25,30,10
19,3574,0.0006044319485404631,0.23988123828451777,0.07989902999235685,0.679615299774586,25,30,10
19,3575,0.0006044308009330787,0.23988123915935958,0.07989903026044176,0.6796152997792667,25,30,10
19,3576,0.0006034122224079608,0.2398812391594217,0.07989903550820439,0.6796163131099665,25,30,10
19,3577,0.00059943756008876,0.2386469288038444,0.08113732052871489,0.6796163131073493,25,30,10
19,3578,0.000592518649465635,0.23864692880383717,0.08113731780843125,0.6796232347382634,25,30,10
19,3579,0.000593590430390897,0.23864692880377572,0.08113739425932996,0.6796220865065008,25,30,10
19,3580,0.0005939400837725073,0.23864692880380492,0.08113893639326361,0.6796201947191566,25,30,10
19,3581,0.0005909413966641877,0.23864692880380414,0.08113885403472418,0.6796232757648052,25,30,10
19,3582,0.0005885747563022315,0.23864692880380098,0.08113723026068279,0.6796272661792117,25,30,10
19,3583,0.0005885036288343897,0.2386469288037637,0.08113722795923449,0.6796273396081651,25,30,10
19,3584,0.0006562691189755522,0.23864692880696137,0.08113910942568733,0.6795576926483734,25,30,10
19,3585,0.0006604464865670574,0.23864692880704233,0.0811392050761158,0.6795534196302724,25,30,10
19,3586,0.00066037886239942,0.23864692880703342,0.08113917322467054,0.6795535191058945,25,30,10
19,3587,0.0006562544601391237,0.23864692880696062,0.0811391601664387,0.6795576565664594,25,30,10
19,3588,0.0004141972427004681,0.23864692880381808,0.08114556478559344,0.6797933091678857,25,30,10
19,3589,0.0004151270543297726,0.23864692880385324,0.08114556776071252,0.679792376381102,25,30,10
19,3590,0.00041512725868967927,0.23864691992631618,0.0811455764341441,0.6797923763808481,25,30,10
19,3591,0.0004918052674994298,0.23855594565180882,0.08115986412868322,0.6797923849520067,25,30,10
19,3592,0.0004987073053584,0.23855594565185229,0.08115978471080465,0.6797855623319827,25,30,10
19,3593,0.0004977455128231034,0.238556909068796,0.08115978309098412,0.6797855623273951,25,30,10
19,3594,0.0004986091106218115,0.2385483149698941,0.08116751359221355,0.6797855623272688,25,30,10
19,3595,0.000495665785948569,0.23854831496989362,0.08116751137742932,0.6797885078667268,25,30,10
19,3596,0.0004975154012966524,0.23854831496987194,0.08116087736799091,0.6797932922608387,25,30,10
19,3597,0.0004974799902408215,0.2385483149698638,0.08116087917576237,0.6797933258641312,25,30,10
19,3598,0.0004975166381042884,0.23854831496987258,0.0811608788164176,0.6797932895756037,25,30,10
19,3599,0.0004945732895434376,0.2385483149698727,0.08116087831912536,0.6797962334214567,25,30,10
19,3600,0.000496617548669736,0.23854831496984746,0.08116315479160105,0.67979191268988,25,30,10
19,3601,0.0004897142700722967,0.23854831496981288,0.08116315182201415,0.679798818938099,25,30,10
19,3602,0.0004219126980248747,0.23854831496660645,0.08129075887594885,0.6797390134594182,25,30,10
19,3603,0.00042485633453180643,0.23854831496660658,0.08129075747195276,0.6797360712269073,25,30,10
19,3604,0.0004248402463328583,0.23854831496659817,0.08594794664868086,0.6750788981383863,25,30,10
19,3605,0.00042484059029427196,0.2379702271602986,0.08652603411343975,0.6750788981359653,25,30,10
19,3606,0.0004278731131841449,0.23795945114844005,0.0865337776025324,0.6750788981358415,25,30,10
19,3607,0.0007908997291797774,0.23795945115578687,0.08616683392328055,0.6750828151917535,25,30,10
19,3608,0.0007918965561041686,0.23795805639564022,0.08616723184199392,0.6750828152062621,25,30,10
19,3609,0.0007850274042726675,0.23795807716929115,0.08627037647939063,0.6749865189470415,25,30,10
19,3610,0.0007850280249163485,0.23795807716929107,0.08627037802454379,0.674986516781245,25,30,10
19,3611,0.0007880070463902888,0.23795807716927317,0.08627200168262447,0.6749819141017086,25,30,10
19,3612,0.0007949788581733645,0.23795807716931702,0.08627212065769305,0.6749748233148131,25,30,10
19,3613,0.0007949761777623507,0.2379580771692992,0.08627212084950064,0.6749748258034347,25,30,10
19,3614,0.0004221392156509219,0.23795807717881037,0.08664878891007051,0.6749709946954654,25,30,10
19,3615,0.00042513450903640756,0.23795807717880174,0.08664870831590564,0.6749680799962539,25,30,10
19,3616,0.03750062557289304,0.23795807718787837,0.0495733017367743,0.6749679955024551,25,30,10
19,3617,0.037737963819699814,0.23795807719138828,0.049578979847335745,0.6747249791415768,25,30,10
19,3618,0.03774188645891677,0.23795807719143192,0.049578982368954916,0.6747210539806971,25,30,10
19,3619,0.03774188591198565,0.23795807719143205,0.04944949697704433,0.6748505399195386,25,30,10
19,3620,0.03773984042224395,0.23795807719144835,0.049447220438004376,0.6748548619483042,25,30,10
19,3621,0.03773982825452562,0.2379580771914486,0.04944723238595785,0.6748548621680684,25,30,10
19,3622,0.037737763201212075,0.23795807719151926,0.049445615065112095,0.674858544542157,25,30,10
19,3623,0.037740829571414045,0.23795807719151124,0.049445616937980094,0.6748554762990948,25,30,10
19,3624,0.037739897189800316,0.23753062587022897,0.049874000645571126,0.6748554762943999,25,30,10
19,3625,0.0379703792594091,0.2375306258703187,0.049874008861512796,0.6746249860087596,25,30,10
19,3626,0.03774382049616307,0.23753062587027243,0.049873888664744195,0.6748516649688204,25,30,10
19,3627,0.0377437675417623,0.2375306258702987,0.04987615383660682,0.6748494527513325,25,30,10
19,3628,0.03774674940202547,0.23753062587032597,0.0498761532509652,0.6748464714766835,25,30,10
19,3629,0.03774703173702304,0.23753062587034568,0.04987615731975919,0.6748461850728721,25,30,10
19,3630,0.037744305620351304,0.23752602344128287,0.049883485862729664,0.6748461850756361,25,30,10
19,3631,0.037741308392354414,0.23876675778047396,0.04864574875387264,0.6748461850732985,25,30,10
19,3632,0.03773836443227703,0.2387667577804733,0.04864574865804811,0.6748491291292009,25,30,10
19,3633,0.037735331548033255,0.23876675778047363,0.0486523536309669,0.6748455570405256,25,30,10
19,3634,0.03773535135912002,0.23876673080191346,0.0486523608002464,0.6748455570387211,25,30,10
19,3635,0.037731444263414564,0.23938057425816608,0.048042424444377015,0.6748455570340433,25,30,10
19,3636,0.03765469834568627,0.2394716179807179,0.0480281352082876,0.6748455484653083,25,30,10
19,3637,0.03765176976609526,0.2394745454390542,0.04802813632720369,0.674845548467647,25,30,10
19,3638,0.03765170573201884,0.23947454543903787,0.04802816539959806,0.6748455834293449,25,30,10
19,3639,0.03765268207223618,0.23947454543907995,0.0480281386816774,0.6748446338070062,25,30,10
19,3640,0.037659602637449524,0.23990335141700267,0.047592412133850515,0.6748446338116968,25,30,10
19,3641,0.0376616714557008,0.23990335141696803,0.047592409083742494,0.6748425680435881,25,30,10
19,3642,0.03766368399456632,0.2399033514169241,0.04759240338088457,0.6748405612076246,25,30,10
19,3643,0.03766681240698458,0.23990335150815337,0.047587883395504266,0.6748419526893575,25,30,10
19,3644,0.03790308920833105,0.23990335151030817,0.04758807033382098,0.6746054889475396,25,30,10
19,3645,0.037903150674527236,0.23990335151030212,0.04758811314120808,0.6746053846739624,25,30,10
19,3646,0.03790020636587251,0.23990335151030132,0.042930923312174976,0.6792655188116511,25,30,10
19,3647,0.03766184598062643,0.23990335150816386,0.04292847239377141,0.6795063301174382,25,30,10
19,3648,0.03765804731530184,0.23990335151029746,0.04292861568894304,0.6795099854854577,25,30,10
19,3649,0.0376459705703751,0.23990335150919076,0.04292853376823113,0.6795221441522041,25,30,10
19,3650,0.03764602031989503,0.23990335150916317,0.042928531076320754,0.6795220970946221,25,30,10
19,3651,0.03765212219497166,0.23818021484068536,0.0446455658614984,0.6795220971028466,25,30,10
19,3652,0.037651090998525066,0.23818219690442816,0.04464461500398682,0.6795220970930616,25,30,10
19,3653,0.0376547897633839,0.23818219690445347,0.04464469669680202,0.679518316635362,25,30,10
19,3654,0.03765479132102247,0.23818219690445425,0.044644696808538366,0.6795183149659861,25,30,10
19,3655,0.04038692688571983,0.23818219778759342,0.04191255433449108,0.6795183209921969,25,30,10
19,3656,0.04038692780803996,0.23818219778759356,0.04191263682093191,0.6795182375834358,25,30,10
19,3657,0.04038889036022319,0.23818219778768124,0.04190615456213515,0.6795227572899617,25,30,10
19,3658,0.040388946664887015,0.23818214730932147,0.041906148735828215,0.6795227572899644,25,30,10
19,3659,0.04038863992372433,0.23819752837082891,0.04189107441820776,0.6795227572872399,25,30,10
19,3660,0.0403846803601164,0.23819752837081182,0.041891071971434275,0.6795267192976384,25,30,10
19,3661,0.04038669548003778,0.2381975283707857,0.04189106751211262,0.6795247086370648,25,30,10
19,3662,0.040389675267226234,0.2381734149890164,0.04191220110439363,0.6795247086393645,25,30,10
19,3663,0.04039176010498441,0.23817341498899058,0.04191228177662396,0.679522543129402,25,30,10
19,3664,0.040391778919254745,0.23817341498901784,0.04191228523180528,0.6795225208599232,25,30,10
19,3665,0.04039279390455816,0.23817341498908026,0.04191229026502576,0.6795215008413367,25,30,10
19,3666,0.04039088410421336,0.23817341498901018,0.041912196798200595,0.6795235041085768,25,30,10
19,3667,0.0403948431661053,0.23817341498906278,0.04191447962095171,0.6795172622238812,25,30,10
19,3668,0.040381819847723446,0.23990386443366013,0.04019705350767959,0.6795172622109376,25,30,10
19,3669,0.040388726818934365,0.23865879409043653,0.04143521687977558,0.6795172622108535,25,30,10
19,3670,0.0403886602998587,0.23861962589209684,0.041474451278161524,0.6795172625298828,25,30,10
19,3671,0.04038173825205437,0.23986472193750977,0.0402362772852728,0.679517262525163,25,30,10
19,3672,0.04037483484840668,0.23986472193744907,0.04023399387241129,0.6795264493417328,25,30,10
19,3673,0.040374792294540385,0.23990400321627747,0.04019475546172177,0.6795264490274603,25,30,10
19,3674,0.04038663325972273,0.2399040032149034,0.040189191039054106,0.6795201724863194,25,30,10
19,3675,0.04013745497848672,0.2399040032127399,0.0401890794726099,0.6797694623361632,25,30,10
19,3676,0.040137522734671756,0.23990392757350032,0.04018908735086217,0.6797694623409655,25,30,10
19,3677,0.04013550845609799,0.23990392757405293,0.04018909097008479,0.6797714729997639,25,30,10
19,3678,0.04025796327450409,0.239903927576213,0.04018931846133075,0.6796487906879517,25,30,10
19,3679,0.04025496057839966,0.23990392757621928,0.04018927571059425,0.6796518361347865,25,30,10
19,3680,0.040252891733963445,0.23990392757625437,0.04018927937098515,0.6796539013187968,25,30,10
19,3681,0.040307885338821334,0.23990392757635384,0.040189286621744674,0.67959890046308,25,30,10
19,3682,0.04030788044822683,0.23990392757634363,0.04018925927117533,0.6795989327042541,25,30,10
19,3683,0.04031194451776373,0.23990392757640616,0.04018926524725799,0.6795948626585718,25,30,10
19,3684,0.04030900107055577,0.23990687100718955,0.04018926526368095,0.6795948626585735,25,30,10
19,3685,0.04031095421536544,0.23987341378295107,0.040220769338101425,0.6795948626635818,25,30,10
19,3686,0.040312024022412116,0.23987341378288018,0.040220791677917395,0.6795937705167898,25,30,10
19,3687,0.040308030118055796,0.23987341378281826,0.0402207862097209,0.6795977698894046,25,30,10
19,3688,0.040307982326856055,0.23987345616011285,0.04022079161392746,0.6795977698991033,25,30,10
19,3689,0.04031609183026858,0.23988633433186785,0.04019980392418528,0.6795977699136777,25,30,10
19,3690,0.04044153948474639,0.2398863343340827,0.04020006450220144,0.6794720616789691,25,30,10
19,3691,0.040446493322652134,0.2399123187105479,0.04016912628560001,0.6794720616811997,25,30,10
19,3692,0.04044958310519806,0.23991231871164623,0.04016917994831222,0.6794689182348432,25,30,10
19,3693,0.04044970471706172,0.23991274507043187,0.04016863197281832,0.6794689182396877,25,30,10
19,3694,0.040330179287379114,0.23991274506826255,0.040168375389879926,0.6795887002544779,25,30,10
19,3695,0.0403301577941383,0.23991257919285836,0.04016856277302356,0.6795887002399793,25,30,10
19,3696,0.04046756095077196,0.23991257855143927,0.040031118272574655,0.6795887422252137,25,30,10
19,3697,0.04046850669310793,0.2399110835935087,0.040031667483364036,0.6795887422300182,25,30,10
19,3698,0.04047056058880112,0.23990957869081048,0.04003111849504408,0.679588742225343,25,30,10
19,3699,0.040474362928329996,0.23990957868866855,0.040030974437709865,0.6795850839452902,25,30,10
19,3700,0.04047641003078881,0.23990957868863433,0.04003097149459329,0.6795830397859821,25,30,10
19,3701,0.04046955572528522,0.23991698926318655,0.040030415232783716,0.6795830397787431,25,30,10
19,3702,0.04047249691105721,0.2399169892631864,0.0400304166262988,0.6795800971994562,25,30,10
19,3703,0.04047537821956972,0.23819611053173056,0.041748414051587364,0.679580097197111,25,30,10
19,3704,0.040477291126176686,0.23819415851357786,0.04174845316768053,0.6795800971925635,25,30,10
19,3705,0.013971309792083832,0.2381942291479858,0.0671263908821149,0.6807080701778144,25,30,10
19,3706,0.013967399116628367,0.2381942291479689,0.06712866667683805,0.6807097050585635,25,30,10
19,3707,0.013956415466544978,0.23759547097973935,0.06773840851201987,0.6807097050416948,25,30,10
19,3708,0.013957396452855299,0.23759547097978312,0.06773841019376806,0.6807087223735928,25,30,10
19,3709,0.013959744223516661,0.23759547097975037,0.067738408742641,0.6807063760540912,25,30,10
19,3710,0.013960804403894909,0.2375954709797508,0.06773841994581419,0.6807053046705391,25,30,10
19,3711,0.013961767092745318,0.237594554872813,0.06773837336186248,0.6807053046725783,25,30,10
19,3712,0.013961821678798449,0.2382043826904693,0.06712849095070701,0.6807053046800243,25,30,10
19,3713,0.013906879680298287,0.23820438269035243,0.06712848290021936,0.680760254729129,25,30,10
19,3714,0.013909806743132747,0.23820438269034303,0.06712848218935843,0.6807573283771652,25,30,10
19,3715,0.013906758820434382,0.23820438269094726,0.06725425987065443,0.680634598617964,25,30,10
19,3716,0.0012613206199861987,0.23820431208792187,0.08102778748323398,0.679506579808858,25,30,10
19,3717,0.0012681159368461042,0.23819751994396565,0.08102778431306099,0.6795065798061273,25,30,10
19,3718,0.0012681174646521198,0.2381975199439918,0.08102550949744644,0.6795088530939098,25,30,10
19,3719,0.0012651956668580666,0.23820029704552792,0.08102565419586971,0.6795088530917446,25,30,10
19,3720,0.0005838357746957294,0.23820029674642476,0.08170701803707893,0.6795088494418019,25,30,10
19,3721,0.0005898263165274089,0.23820029674642476,0.08170701947929235,0.6795028574577564,25,30,10
19,3722,0.0005935442749668036,0.23820029674801851,0.08170702313539115,0.6794991358416245,25,30,10
19,3723,0.0005965395551406378,0.2382002967480099,0.0817070230085899,0.6794961406882599,25,30,10
19,3724,0.0006002603324541068,0.2382006522051251,0.08170433828741785,0.6794947491750014,25,30,10
19,3725,0.0006023257325071586,0.23819858503364322,0.08170434006854484,0.6794947491653034,25,30,10
19,3726,0.0005963354118571542,0.2381985850336434,0.08170428484759155,0.6795007947069069,25,30,10
19,3727,0.000592358966209737,0.23819858503360838,0.08170428046474004,0.6795047755354409,25,30,10
19,3728,0.0005882687959194293,0.23819858503357152,0.08170426507477015,0.6795088810957379,25,30,10
19,3729,0.0005882654295305656,0.23819858503357125,0.08170426500716003,0.6795088845297376,25,30,10
19,3730,0.0005923110776869521,0.23819858503361582,0.08170197648871902,0.6795071273999779,25,30,10
19,3731,0.0005893858571983678,0.23819858503363384,0.08170197780935382,0.6795100512998136,25,30,10
19,3732,0.0005863724482625488,0.23819858503359848,0.08170197317223188,0.6795130693459066,25,30,10
19,3733,0.0005802326115983116,0.2381985850324649,0.08170188951825672,0.6795192928376794,25,30,10
19,3734,0.0062365121650982125,0.2381985850629954,0.07604560164379212,0.6795193011281156,25,30,10
19,3735,0.0061120275257773304,0.23819858506083447,0.076045342657223,0.6796440447561661,25,30,10
19,3736,0.006112026879189238,0.2381985850608343,0.07604534268689585,0.679644045373081,25,30,10
19,3737,0.006112060714574541,0.23819858506083524,0.07604762376203465,0.679641730462556,25,30,10
19,3738,0.0063454726273645175,0.2381985850609162,0.0760477479135135,0.6794081943982061,25,30,10
19,3739,0.006342371427475771,0.23819858506091618,0.0760477509737789,0.6794112925378296,25,30,10
19,3740,0.006342370523738667,0.23819858506091618,0.07604766848242986,0.6794113759329156,25,30,10
19,3741,0.00634142386374497,0.23819858506033662,0.07604766149030633,0.679412329585613,25,30,10
19,3742,0.006341426016201286,0.23819858506033675,0.07604928694245587,0.6794107019810072,25,30,10
19,3743,0.006335435159772015,0.23820456889536273,0.07604929396377255,0.6794107019810938,25,30,10
19,3744,0.006343348983519692,0.2381965096892223,0.07604943933188806,0.6794107019953702,25,30,10
19,3745,0.00634242036057401,0.2381965096891874,0.07604943562317175,0.6794116343270672,25,30,10
19,3746,0.006576695093639279,0.23819650969137618,0.07604962514104384,0.6791771700739412,25,30,10
19,3747,0.006696023350286042,0.23819615414556214,0.07588252405801171,0.6792252984461414,25,30,10
19,3748,0.00669511168230143,0.2381859880873303,0.07589360177975851,0.6792252984506111,25,30,10
19,3749,0.006692080012769825,0.23818846546974862,0.07589415606678959,0.679225298450693,25,30,10
19,3750,0.006695042760001269,0.23818846546975694,0.07589187517150216,0.6792246165987408,25,30,10
19,3751,0.006691190293238684,0.238188465469145,0.07576598061727945,0.6793543636203381,25,30,10
19,3752,0.006693620124062415,0.21943747091866356,0.09451454526744472,0.6793543636898289,25,30,10
19,3753,0.006689622322615421,0.21943747091706778,0.09451453942956446,0.6793583673307517,25,30,10
19,3754,0.006690584143669047,0.2194374709170845,0.0945145409942595,0.6793574039449861,25,30,10
19,3755,0.006681882380412518,0.21944589546026738,0.09451481794711299,0.679357404212206,25,30,10
19,3756,0.007137984879168239,0.21944589546242657,0.09451511837796416,0.6789010012804398,25,30,10
19,3757,0.007137518092246572,0.23819546765839392,0.0757660130239938,0.6789010012253661,25,30,10
19,3758,0.007141493338907175,0.23819546765842847,0.07576601597957669,0.6788970230230882,25,30,10
19,3759,0.007144453198665991,0.23819546765843783,0.07576601664125476,0.6788940625016419,25,30,10
19,3760,0.007144574787212656,0.2381954676584295,0.07576450747991494,0.6788954500744435,25,30,10
19,3761,0.007148499622953948,0.2381954676584644,0.07576451044584415,0.678891522272738,25,30,10
19,3762,0.00714152784415747,0.2381954676584376,0.07576451004464788,0.6788984944527574,25,30,10
19,3763,0.004689698563112666,0.23819546762795188,0.07821634761558127,0.6788984861933548,25,30,10
19,3764,0.0044594239677792245,0.23819546762786306,0.07821622589398233,0.6791288825103758,25,30,10
19,3765,0.004693707362584224,0.23967878220100336,0.07649862735766313,0.6791288830787496,25,30,10
19,3766,0.004693743436880869,0.23967878220101255,0.07650522836931294,0.679122245992794,25,30,10
19,3767,0.004458469288371675,0.23967878219890348,0.0765050855758283,0.6793576629368968,25,30,10
19,3768,0.0044623980160206555,0.23967878219897426,0.07650512301907754,0.6793536967659279,25,30,10
19,3769,0.00446325209541285,0.2396779542239332,0.07650509719631123,0.6793536964843433,25,30,10
19,3770,0.004463182251599101,0.23967795422390673,0.07650509373046256,0.6793537697940323,25,30,10
19,3771,0.004461202906305222,0.23967795422381838,0.07650504837556225,0.6793557944943147,25,30,10
19,3772,0.004462271463844323,0.23967795422390847,0.07650505645979122,0.6793547178524567,25,30,10
19,3773,0.004469781797232173,0.239659843412578,0.07651565692861766,0.6793547178615728,25,30,10
19,3774,0.004472727001995343,0.239659843412578,0.07651565699017249,0.6793517725952549,25,30,10
19,3775,0.004473760786567188,0.23965984341251645,0.0765157341130332,0.6793506616878839,25,30,10
19,3776,0.004469726735613562,0.23965984341246313,0.0765156149433405,0.6793548149085835,25,30,10
19,3777,0.004239578158481137,0.23985885186894135,0.07654675562990551,0.6793548143426728,25,30,10
19,3778,0.003785654612848922,0.2398588518668821,0.07654646182522598,0.6798090316950439,25,30,10
19,3779,0.0037794981738143315,0.23989599606694972,0.0765154740619248,0.6798090316973121,25,30,10
19,3780,0.003783496567371048,0.2398959960669598,0.07651712287880062,0.6798033844868691,25,30,10
19,3781,0.00377953589336336,0.23989599606694256,0.07651712065754693,0.6798073473821473,25,30,10
19,3782,0.003782742056463192,0.23989599606694395,0.07651051774042522,0.6798107441361679,25,30,10
19,3783,0.003783759131372279,0.23986352551914153,0.07654197122776746,0.6798107441217192,25,30,10
19,3784,0.003779567464841657,0.2398635255190856,0.0765419668537519,0.6798149401623214,25,30,10
19,3785,0.003780472332064203,0.23986275549740493,0.07654183200366446,0.6798149401668665,25,30,10
19,3786,0.0036611448385319044,0.23986275549477187,0.07189197994959973,0.6845841197170968,25,30,10
19,3787,0.003661285399183549,0.2398627554947913,0.07189209272413137,0.684583866381894,25,30,10
19,3788,0.0036582875532240803,0.23986275549479275,0.07189869925597778,0.6845802576960057,25,30,10
19,3789,0.0036604444735525827,0.23982140143519756,0.07193789579660229,0.684580258294648,25,30,10
19,3790,0.0036603189490607437,0.23982140143518724,0.0719377856568429,0.6845804939589095,25,30,10
19,3791,0.000371212163596883,0.23982140146837028,0.07522688344295128,0.6845805029250839,25,30,10
19,3792,0.00036832761526368776,0.2398214014684012,0.07522842566942192,0.6845818452469158,25,30,10
19,3793,0.0003607430289965291,0.23982140143667852,0.07523601927873699,0.6845818362555908,25,30,10
19,3794,0.00036072693261026323,0.2398214014366694,0.07523601880455917,0.6845818528261637,25,30,10
19,3795,0.00036395467641876593,0.23982925933379956,0.07522493316786855,0.6845818528219151,25,30,10
19,3796,0.0003640427747621183,0.23982925933376406,0.07522493151661361,0.6845817663748622,25,30,10
19,3797,0.0003630268508080664,0.23982925933368274,0.07522492359366828,0.6845827902218429,25,30,10
19,3798,0.00036607479017624034,0.23982925933370086,0.07522492429199444,0.6845797415841305,25,30,10
19,3799,0.000370174886058067,0.23982925933423607,0.07522331770385995,0.684577248075848,25,30,10
19,3800,0.0003671617591831571,0.23987147877172127,0.07518411199167896,0.6845772474774182,25,30,10
19,3801,0.0003741359543838849,0.23987147877173906,0.07518419520194629,0.6845701900719321,25,30,10
19,3802,0.00037415209950007153,0.2398714787718196,0.0751840876804289,0.6845702814482527,25,30,10
19,3803,0.0003660159730173635,0.23987147877123935,0.07518404448132937,0.6845784607744152,25,30,10
19,3804,0.00036596494207944796,0.23987147877123793,0.07517743795395805,0.684585118332726,25,30,10
19,3805,0.0003623086152864023,0.2398861291063076,0.07516644394770054,0.6845851183307065,25,30,10
19,3806,0.0003592987947611252,0.23988612910633644,0.07516644459631797,0.6845881275025854,25,30,10
19,3807,0.0003593079004638587,0.23987838587797491,0.07517417872139136,0.6845881275001707,25,30,10
19,3808,0.0003523512288028458,0.23987838587796645,0.07517409422635483,0.6845951686668768,25,30,10
19,3809,0.0003552771561824148,0.23987838587795707,0.07517413346572238,0.6845922035001389,25,30,10
19,3810,0.0003549763858882219,0.2398781360906707,0.0751746840259905,0.6845922034974515,25,30,10
19,3811,0.0003520467182360324,0.23987813609062944,0.0751747191027181,0.6845950980884175,25,30,10
19,3812,0.00034910246949491116,0.23988162843883376,0.07517417100563631,0.6845950980860361,25,30,10
19,3813,0.00034708887018622506,0.23988162843887767,0.0751741746675289,0.6845971080234082,25,30,10
19,3814,0.00035019070522041766,0.2398816284388779,0.07517417469157904,0.6845940061643238,25,30,10
19,3815,0.0003565178930827087,0.2398816284388538,0.07517417758016148,0.684587676087903,25,30,10
19,3816,0.0003594603190464634,0.23988162843885366,0.07517417753216846,0.6845847337099322,25,30,10
19,3817,0.00035732305912343916,0.23988162843888794,0.07517418352021947,0.6845868649817699,25,30,10
19,3818,0.0003542745047873562,0.23988162843887006,0.07517418177760363,0.6845899152787396,25,30,10
19,3819,0.00035427389183469144,0.23988182942072236,0.07517398140636758,0.6845899152810757,25,30,10
19,3820,0.0003533464933181623,0.2398831284236563,0.07517360980679633,0.6845899152762294,25,30,10
19,3821,0.0003534542909424297,0.2398831284236388,0.07517365306171622,0.6845897642237029,25,30,10
19,3822,0.0003504591766145772,0.23991759603681231,0.07514218056291867,0.6845897642236544,25,30,10
19,3823,0.0008413883499576758,0.23991760365586046,0.07651373402412573,0.6827272739700563,25,30,10
19,3824,0.0008444349633315753,0.239914547545398,0.07651374352121698,0.6827272739700535,25,30,10
19,3825,0.000845415968222962,0.2399145475454419,0.07651374713267836,0.6827262893536568,25,30,10
19,3826,0.000847483831486923,0.23991454754539823,0.07651374399647932,0.6827242246266354,25,30,10
19,3827,0.0008504375329767839,0.23990384887946647,0.07652148895927609,0.6827242246282804,25,30,10
19,3828,0.012351732779540095,0.23990384900813752,0.06501911991416885,0.6827252982981545,25,30,10
19,3829,0.0123518381195169,0.23990384900815484,0.06501912163088899,0.6827251912414403,25,30,10
19,3830,0.012352784600844323,0.2399038490081888,0.06501912351150986,0.6827242428794584,25,30,10
19,3831,0.012352819346117377,0.23990362721703418,0.06501931055726487,0.6827242428795844,25,30,10
19,3832,0.01281107103977303,0.23990362721915062,0.06501962266601755,0.6822656790750595,25,30,10
19,3833,0.012810211461768225,0.23990362721921424,0.06501962449435648,0.6822665368246615,25,30,10
19,3834,0.012808144187544597,0.2399036272192585,0.06501962766184527,0.6822686009313521,25,30,10
19,3835,0.012313272324913463,0.2399036196001555,0.0684692948447219,0.6793138132302099,25,30,10
19,3836,0.012313185496335899,0.23990361960013842,0.06846929432905119,0.6793139005744753,25,30,10
19,3837,0.012314113174266257,0.2399024863462865,0.06846949990004596,0.6793139005794022,25,30,10
19,3838,0.012310249982021144,0.2399140765664902,0.06846177287672879,0.6793139005747603,25,30,10
19,3839,0.012321128721807333,0.23990336539117854,0.06846160530282007,0.6793139005841943,25,30,10
19,3840,0.012379058281888374,0.23990336539126558,0.06846166363141189,0.6792559126954345,25,30,10
19,3841,0.012386047251919854,0.23990336539133988,0.0747083999128158,0.6730021874439251,25,30,10
19,3842,0.0010193959752306274,0.23990336585302047,0.08607612441127538,0.6730011137604706,25,30,10
19,3843,0.0010194648271995336,0.23990336585302996,0.08607612647608821,0.6730010428436798,25,30,10
19,3844,0.0010121554782219543,0.2399033658529927,0.08607611970401229,0.6730083589647701,25,30,10
19,3845,0.0010190066544138812,0.23990336585291103,0.08607611703757585,0.6730015104550965,25,30,10
19,3846,0.0010259626814143848,0.23990336585299066,0.0860761237387719,0.6729945477268204,25,30,10
19,3847,0.0010270933486159815,0.23990223520152248,0.08607612372273074,0.6729945477271285,25,30,10
19,3848,0.0010340084941396555,0.2399022352015093,0.0860745022190258,0.6729892540853232,25,30,10
19,3849,0.0010308911030064733,0.23987389766349929,0.08610595714808131,0.6729892540854105,25,30,10
19,3850,0.001027894038079231,0.23987389766349987,0.0861059558151037,0.6729922524833148,25,30,10
19,3851,0.0010208672611129639,0.239873897663465,0.08610595237404096,0.6729992827013787,25,30,10
19,3852,0.0010176607761292762,0.23987389766346323,0.08610595084965808,0.6730024907107475,25,30,10
19,3853,0.0010186407133204454,0.2399043866516396,0.0860744819197411,0.6730024907152969,25,30,10
19,3854,0.0010116527041007198,0.23990438665156513,0.07982778559361797,0.6792561750507167,25,30,10
19,3855,0.0010137190705721453,0.23990438665152106,0.0798277819282451,0.6792541123496619,25,30,10
19,3856,0.0010059414294292808,0.23991204999860738,0.07982789623173749,0.679254112340226,25,30,10
19,3857,0.00100888288393872,0.23991204999860705,0.0798278562574935,0.679251210859961,25,30,10
19,3858,0.0010108097846868928,0.2399101170805244,0.07982786226756028,0.6792512108672285,25,30,10
19,3859,0.001007656112011889,0.2399132179035455,0.07982791511729444,0.6792512108671482,25,30,10
19,3860,0.001007548348692387,0.23991321790356346,0.07982783242012813,0.6792514013276161,25,30,10
19,3861,0.0010016085110523198,0.23991321790352,0.07982782980012443,0.6792573437853036,25,30,10
19,3862,0.0010093836397472792,0.23991321790359849,0.07982783342375112,0.6792495650329038,25,30,10
19,3863,0.004194318301673049,0.23991540331977132,0.07664069753454929,0.6792495808440073,25,30,10
19,3864,0.004194370895849992,0.2399154033197885,0.0766406977621999,0.6792495280221625,25,30,10
19,3865,0.00442666876170015,0.23991540332193392,0.07664088143531674,0.6790170464810502,25,30,10
19,3866,0.004423726044919852,0.23991540332193387,0.0766408834484752,0.6790199871846718,25,30,10
19,3867,0.004420649466937946,0.23992622559201532,0.076633137762868,0.6790199871781795,25,30,10
19,3868,0.004491382314846995,0.23992622559423069,0.07663332774416695,0.6789490643467562,25,30,10
19,3869,0.00449148854165041,0.239926225594258,0.08723805753679978,0.6683442283272919,25,30,10
19,3870,0.004492559654030536,0.23989340107404672,0.087269810944248,0.6683442283276745,25,30,10
19,3871,0.00495464917901685,0.2398934010767364,0.08680445656570711,0.6683474931785373,25,30,10
19,3872,0.004953860760063354,0.23989418408560406,0.0868044619732424,0.6683474931810883,25,30,10
19,3873,0.004952932499457605,0.23989418408557805,0.08680445908094656,0.6683484243340162,25,30,10
19,3874,0.005022804230736492,0.23981656805098464,0.08681220308437268,0.6683484246339044,25,30,10
19,3875,0.005022910786660888,0.2398165680509668,0.08681220282235287,0.6683483183400176,25,30,10
19,3876,0.005024995276463643,0.23981432678139852,0.08681235960454287,0.6683483183375928,25,30,10
19,3877,0.0050249805254578665,0.23981432678177736,0.08693756859758237,0.6682231240951804,25,30,10
19,3878,0.004788757577241909,0.23981432677959716,0.08693746586391722,0.6684594497792419,25,30,10
19,3879,0.004791702781377286,0.23981432677959716,0.08693746586111807,0.6684565045779057,25,30,10
19,3880,0.004927408850662389,0.23981432681438844,0.08693864590312513,0.6683196184318221,25,30,10
19,3881,0.004791651393728589,0.2398143267795889,0.08693757963198373,0.6684564421946969,25,30,10
19,3882,0.004788585374177494,0.2398143267795978,0.08693757872446278,0.6684595091217599,25,30,10
19,3883,0.0047915830887770615,0.23981432677958903,0.08693757860223914,0.6684565115293928,25,30,10
19,3884,0.004798503216545024,0.2398143267796153,0.08693758196306241,0.6684495880407753,25,30,10
19,3885,0.0047943415014738535,0.23981849604014105,0.08693757441787303,0.6684495880405098,25,30,10
19,3886,0.00503054698068657,0.23958249231956483,0.0869373719559179,0.6684495887438284,25,30,10
19,3887,0.004569296557792738,0.23958249231688458,0.08740191719459153,0.6684462939307287,25,30,10
19,3888,0.0045685429433812465,0.23958249231860318,0.0872767458162543,0.6685722189217587,25,30,10
19,3889,0.004568541112996171,0.23958249231860332,0.08728334974144984,0.668565616826948,25,30,10
19,3890,0.0045694870291715945,0.2395824923186461,0.08728335136964464,0.6685646692825354,25,30,10
19,3891,0.00456743603722182,0.23961590604028157,0.08725198864514533,0.6685646692773491,25,30,10
19,3892,0.041094962675051125,0.23961372016125423,0.0507266621531719,0.6685646550105236,25,30,10
19,3893,0.041095085692318574,0.23961303476740792,0.05072722452970093,0.6685646550105737,25,30,10
19,3894,0.041098203394047246,0.23961303476740806,0.0507271091530429,0.6685616526855026,25,30,10
19,3895,0.041106459049470974,0.23961303476748066,0.0507271717104141,0.6685533344726351,25,30,10
19,3896,0.04109422633696746,0.23961303476738113,0.05072710643652322,0.6685656324591289,25,30,10
19,3897,0.04126644565118724,0.23961303476753526,0.050727344378552905,0.6683931752027255,25,30,10
19,3898,0.041030172536173005,0.23861136660882704,0.05196528635801698,0.6683931744969837,25,30,10
19,3899,0.041030242581922644,0.2386113666088364,0.051965287034303385,0.6683931037749379,25,30,10
19,3900,0.04103416686079985,0.238611366608898,0.051965208952751724,0.6683892575775506,25,30,10
19,3901,0.040979152627765504,0.23861136660877175,0.051965108451627044,0.6684443723118353,25,30,10
19,3902,0.040991954891711514,0.2386113666067724,0.051965081040125545,0.6684315974613901,25,30,10
19,3903,0.04099202968404213,0.23861136660835794,0.05196519830973378,0.6684314053978656,25,30,10
19,3904,0.04115310151645587,0.2386113666084292,0.05196541540342467,0.6682701164716892,25,30,10
19,3905,0.04116500982450048,0.2386113666085621,0.051965424234014714,0.6682581993329216,25,30,10
19,3906,0.04115096380125929,0.23861136660849994,0.05196550124021047,0.6682721683500293,25,30,10
19,3907,0.04115298067657596,0.2386088000893568,0.051966050884029634,0.6682721683500367,25,30,10
19,3908,0.04138726487871274,0.2386088000894274,0.05196615240767546,0.6680377826241837,25,30,10
19,3909,0.04145700719090395,0.23860880009208923,0.05196637594168529,0.6679678167753207,25,30,10
19,3910,0.04145718425227263,0.23860886185506605,0.051966137122019515,0.6679678167706409,25,30,10
19,3911,0.04146118615793116,0.23860886185505803,0.041361408051391706,0.6785685439356185,25,30,10
19,3912,0.041391431240824936,0.23860886185238772,0.041361183881238925,0.6786385230255477,25,30,10
19,3913,0.041391291701048376,0.2386090002889534,0.04136118499171814,0.6786385230182799,25,30,10
19,3914,0.04121932341707951,0.23860900028882073,0.04136100451102306,0.6788106717830766,25,30,10
19,3915,0.04121518076509565,0.23860900028880105,0.041361002099232484,0.6788148168468707,25,30,10
19,3916,0.040760495515461216,0.23860900028669677,0.04136071688004438,0.6792697873177975,25,30,10
19,3917,0.04074851479720335,0.23860900028659052,0.04136070655825737,0.6792817783579488,25,30,10
19,3918,0.04074853085874989,0.23860900028659088,0.04136074703967137,0.6792817218149879,25,30,10
19,3919,0.040750492831522794,0.23860663970903973,0.04136114563003938,0.6792817218293983,25,30,10
19,3920,0.040986920832149026,0.23860663970906848,0.041361210693385775,0.6790452287653972,25,30,10
19,3921,0.04074859105031447,0.23860663970895402,0.041361105500031706,0.6792836637407,25,30,10
19,3922,0.04075650761309493,0.23860663970902438,0.04136119402023798,0.679275658657643,25,30,10
19,3923,0.040756629462205415,0.23860663970901602,0.04136119574849565,0.6792755350802828,25,30,10
19,3924,0.04075864441265857,0.23860663970912302,0.04136116354251842,0.6792735523357,25,30,10
19,3925,0.040760571767072415,0.23860376968261593,0.041362106202494725,0.6792735523478171,25,30,10
19,3926,0.04076046407764905,0.23860376968258695,0.041362105056954965,0.6792736611828089,25,30,10
19,3927,0.04076347390218316,0.2386037696825957,0.04136210571804159,0.6792706506971794,25,30,10
19,3928,0.04069383145026492,0.23868115457164504,0.04135436358045976,0.6792706503976297,25,30,10
19,3929,0.04069788046605072,0.2386811545716806,0.04135439621864604,0.6792665687436221,25,30,10
19,3930,0.04069590091464081,0.23868115457158173,0.041354388047568344,0.6792685564662085,25,30,10
19,3931,0.0411550198035952,0.23868115457376846,0.0413547172061804,0.6788091084164555,25,30,10
19,3932,0.04115610731595906,0.2386804655037517,0.04135431876859339,0.6788091084116954,25,30,10
19,3933,0.041147136634030926,0.23868046550377858,0.041354239811356865,0.6788181580508333,25,30,10
19,3934,0.041150152865813194,0.23868046550636574,0.04135424644982657,0.6788151351779942,25,30,10
19,3935,0.041150242315684205,0.23744208987184137,0.042592532643788365,0.6788151351686856,25,30,10
19,3936,0.04115022409386878,0.23744208987182336,0.04259253180530122,0.6788151542290065,25,30,10
19,3937,0.040912935619638456,0.23744208987180587,0.04271757797732116,0.6789273965312341,25,30,10
19,3938,0.0404538324598594,0.2374420898696193,0.042717251355001686,0.6793868263155194,25,30,10
19,3939,0.04045375956005869,0.23744208986703208,0.04271724471300456,0.6793869058599045,25,30,10
19,3940,0.04044671451390948,0.23744208986698767,0.042717211941905656,0.6793939836771972,25,30,10
19,3941,0.04051353071276854,0.23744208986922147,0.04272399475789762,0.6793203846601122,25,30,10
19,3942,0.04051354880709594,0.237442089869231,0.042723953536515744,0.6793204077871573,25,30,10
19,3943,0.04051594985078849,0.2386668939865818,0.04149674836524311,0.6793204077973866,25,30,10
19,3944,0.040515041014101166,0.23866689398767096,0.041496782995297694,0.6793212820029295,25,30,10
19,3945,0.040515949001444104,0.2386668939865819,0.04150144996450555,0.6793157070474679,25,30,10
19,3946,0.04051597127477179,0.23866689398661006,0.04150144942508074,0.6793156853135366,25,30,10
19,3947,0.04057577262405473,0.23866689398668747,0.04150161395622162,0.6792557194330354,25,30,10
19,3948,0.040515986612749515,0.23866689398659016,0.04150144756893895,0.6793156718317206,25,30,10
19,3949,0.04063422652632855,0.23866689385751105,0.04138320932938089,0.6793156702867787,25,30,10
19,3950,0.040635227522290894,0.2386668938574222,0.04138319987982848,0.6793146787404577,25,30,10
19,3951,0.040655532620346886,0.23866689385791362,0.04125370220834304,0.6794238713133973,25,30,10
19,3952,0.040652571030114375,0.23866689385790615,0.04124709929439434,0.6794334358175856,25,30,10
19,3953,0.040637655631510124,0.23866724942152118,0.041370821278307844,0.6793242736686617,25,30,10
19,3954,0.04063373130860022,0.23866724942145956,0.04137081591083444,0.6793282033591062,25,30,10
19,3955,0.04046258122350774,0.23866724942122605,0.04137060011687194,0.6794995692383948,25,30,10
19,3956,0.04045965375916172,0.23866724942124373,0.04137060041846543,0.6795024964011296,25,30,10
19,3957,0.04045960676961704,0.23866724942125267,0.04137057330078689,0.679502570508344,25,30,10
19,3958,0.04045962593178487,0.23866724942126083,0.041370572372503016,0.6795025522744518,25,30,10
19,3959,0.040456631870385236,0.23866724942126974,0.04137527448373592,0.6795008442246098,25,30,10
19,3960,0.040452084555200815,0.23866724942122283,0.041375241038027255,0.6795054249855497,25,30,10
19,3961,0.04045022760546131,0.2386697381446052,0.04137460927157597,0.6795054249783581,25,30,10
19,3962,0.040453258946763035,0.23866973814482442,0.04137935037639595,0.6794976525320168,25,30,10
19,3963,0.04045626787439658,0.23866973814589343,0.041508877703028385,0.679365116276682,25,30,10
19,3964,0.04045658762257851,0.23866973815028303,0.04150855734945993,0.6793651168776786,25,30,10
19,3965,0.040459449538064386,0.23866651590810478,0.04150891766908422,0.679365116884747,25,30,10
19,3966,0.04045721024009632,0.23866616034404622,0.03895615122083755,0.6819204781950203,25,30,10
19,3967,0.040457267063834436,0.2386661603440385,0.03895615049639661,0.6819204220957309,25,30,10
19,3968,0.04046112133047272,0.23866616034388957,0.03895141426225898,0.6819213040633793,25,30,10
19,3969,0.040457338994935386,0.23866616034381946,0.0389514098357323,0.6819250908255134,25,30,10
19,3970,0.04045514508183671,0.2386690339751934,0.038950730112784486,0.6819250908301859,25,30,10
19,3971,0.040452082109800315,0.23866903397520187,0.03894602884447425,0.6819328550705243,25,30,10
19,3972,0.04044908360721606,0.23866903397521105,0.0389526347225658,0.6819292476950076,25,30,10
19,3973,0.04044595421164657,0.2386690339741245,0.03882310657630088,0.6820619052379284,25,30,10
19,3974,0.04044596561131119,0.2386690339741334,0.038823106100601086,0.6820618943139545,25,30,10
19,3975,0.04044394746707972,0.2399093349795016,0.03758482323712344,0.6820618943162952,25,30,10
19,3976,0.03870357804500906,0.23990933768579428,0.039325012101349324,0.6820620721678471,25,30,10
19,3977,0.03893999365553906,0.23990933768948186,0.039325225436456966,0.681825443218522,25,30,10
19,3978,0.03893699859923798,0.2399093376894733,0.03932522577804179,0.6818284379332469,25,30,10
19,3979,0.038937014310963206,0.2399093376894733,0.0393252314557823,0.6818284165437812,25,30,10
19,3980,0.03893920392298904,0.23989659367306015,0.039335785864775576,0.6818284165391753,25,30,10
19,3981,0.0018425947141774046,0.23989692132270402,0.07643220140885618,0.6818282825542634,25,30,10
19,3982,0.0018455381091860396,0.23989692132270415,0.07643220185040939,0.6818253387177013,25,30,10
19,3983,0.0018455519417285204,0.23989692132271367,0.07643382425844485,0.6818237024771138,25,30,10
19,3984,0.001848494079449489,0.2398942968376916,0.07643350661063227,0.6818237024722273,25,30,10
19,3985,0.0018553434671557652,0.23989429683765334,0.07630831089241312,0.6819420488027785,25,30,10
19,3986,0.0018606238182477272,0.23989430234305129,0.07401508254858037,0.6842299912901219,25,30,10
19,3987,0.0018604849383381328,0.23989430234302314,0.07400847684323197,0.684236735875408,25,30,10
19,3988,0.001857428787898475,0.23989791132760252,0.0740079240164137,0.6842367358680864,25,30,10
19,3989,0.0007186137101459808,0.2570905088541195,0.05795418587251497,0.6842366915632208,25,30,10
19,3990,0.0007185776452530152,0.2570905088541109,0.0579541852490185,0.6842367282516187,25,30,10
19,3991,0.0007176491729569363,0.2570914414175806,0.05795418116026505,0.684236728249198,25,30,10
19,3992,0.0004812498815575309,0.2570914414138937,0.05795396834709278,0.6844733403574567,25,30,10
19,3993,0.0007087284196502108,0.2568528307808737,0.057965100417931514,0.6844733403815453,25,30,10
19,3994,0.0007086585265123673,0.2568528307808738,0.05796509786866619,0.6844734128239484,25,30,10
19,3995,0.0007075890127725798,0.2568528307809526,0.05796510406971885,0.6844744761365565,25,30,10
19,3996,0.0007155572541962144,0.25685283078103216,0.05796511279551195,0.68446649916926,25,30,10
19,3997,0.0007186063390043632,0.25685283078101384,0.05796519486566615,0.6844633680143158,25,30,10
19,3998,0.0007255292433952774,0.2568455169485628,0.05796558579134556,0.6844633680166966,25,30,10
19,3999,0.0007255278913684349,0.2568455169485648,0.058231844323316205,0.6841971108367507,25,30,10
19,4000,0.0007255266678427975,0.25684551694856456,0.05822714375909941,0.6842018126244932,25,30,10
19,4001,0.000725633051312798,0.256845516948589,0.05805315437687893,0.6843756956232192,25,30,10
19,4002,0.0007256854473924675,0.25684551694859753,0.05805327036174592,0.6843755272422638,25,30,10
19,4003,0.0005011525388893413,0.2570811700759225,0.05804215015735802,0.6843755272278298,25,30,10
19,4004,0.0005050733556118993,0.2570811700759567,0.058044406986163574,0.6843693495822676,25,30,10
19,4005,0.0005090331521742827,0.2570548152735315,0.05806680199709082,0.6843693495772031,25,30,10
19,4006,0.0004978970938506567,0.27985067657618085,0.0352820769156676,0.6843693494143005,25,30,10
19,4007,0.0004909926851816143,0.27985067657616436,0.03527982082833056,0.684378509910323,25,30,10
19,4008,0.00042419308920718586,0.2798506765739569,0.035273039436048086,0.6844520909007876,25,30,10
19,4009,0.000420213466746556,0.27985465889470895,0.035273036742478676,0.6844520908960657,25,30,10
19,4010,0.000423349557983289,0.27985465889472705,0.035271417677587305,0.6844505738697022,25,30,10
19,4011,0.0004262226157710918,0.2798517891721537,0.035271414342456675,0.6844505738696185,25,30,10
19,4012,0.00042622132091215764,0.2798517891721536,0.03527141429133379,0.6844505752156002,25,30,10
19,4013,0.00042615432078354517,0.27985469565872073,0.03526857480504663,0.6844505752154472,25,30,10
19,4014,0.0004232110884799287,0.27985469565872056,0.03526857479640684,0.6844535184563907,25,30,10
19,4015,0.0004272186588714088,0.2798546956587954,0.03526849850848809,0.6844495871738434,25,30,10
19,4016,0.00042432819594098877,0.27985469565880455,0.03526849910975333,0.6844524770354995,25,30,10
19,4017,0.0004282364078883748,0.27985039066917755,0.03526889588271432,0.6844524770402184,25,30,10
19,4018,0.0004311281062962885,0.2798503906691796,0.035176718110530344,0.6845417631139923,25,30,10
19,4019,0.0004344492040771755,0.279850390669192,0.03517834139595426,0.6845368187307754,25,30,10
19,4020,0.00043429534874584905,0.2798503906691608,0.03517833781760494,0.6845369761644872,25,30,10
19,4021,0.0004312823308305399,0.27985039066913237,0.03517824490981112,0.6845400820902248,25,30,10
19,4022,0.00043128223102333795,0.2798503906691161,0.03555124786548212,0.6841670792343773,25,30,10
19,4023,0.0004382739611422297,0.2798503906691609,0.0358174631997814,0.6838938721699145,25,30,10
19,4024,0.00043725658787990466,0.2798503906692216,0.035817472192395325,0.6838948805505021,25,30,10
19,4025,0.000444110236139149,0.2798503906692749,0.03581747417650055,0.6838880249180842,25,30,10
19,4026,0.0004450745803206461,0.2798503906693184,0.0358174716518437,0.6838870630985163,25,30,10
19,4027,0.00044828945997980743,0.2798157185911288,0.03584892885005419,0.6838870630988361,25,30,10
19,4028,0.00044839482023244947,0.27981571859116533,0.04209661302941063,0.6776392735591901,25,30,10
19,4029,0.0004485164358495219,0.2798157185911835,0.04209661339357699,0.6776391515793888,25,30,10
19,4030,0.0004484111256148159,0.27981571859116594,0.04209665308257155,0.6776392172006466,25,30,10
19,4031,0.00044927013212895647,0.27981571859117393,0.04209665837953783,0.677638352897158,25,30,10
19,4032,0.00045028717852420394,0.279815718591113,0.042096648884122116,0.6776373453462395,25,30,10
19,4033,0.000450068264304386,0.2798249606338212,0.04208762575574428,0.6776373453461291,25,30,10
19,4034,0.0004541150648222012,0.279821298666609,0.04208724091041106,0.6776373453581565,25,30,10
19,4035,0.00045716484742125467,0.2798212986666092,0.04208724089816274,0.6776342955878053,25,30,10
19,4036,0.00045397700360669117,0.279821298666573,0.04208735719494367,0.6776373671348753,25,30,10
19,4037,0.0003811191896616429,0.2798212986628074,0.042087170063264054,0.6777104120842656,25,30,10
19,4038,0.00038111794411854456,0.27982129866280053,0.042087211820750904,0.6777103715723287,25,30,10
19,4039,0.00037414253059026215,0.2798212986627653,0.04182099778020807,0.6779835610264352,25,30,10
19,4040,0.0003762093185203531,0.2798212986627476,0.0418208798889345,0.6779816121297964,25,30,10
19,4041,0.00037608423115672993,0.2798291598646244,0.041813143774424605,0.6779816121297931,25,30,10
19,4042,0.0003760852927532955,0.2798291598646521,0.04181322314802377,0.6779815316945697,25,30,10
19,4043,0.0003762783870172186,0.2798291598646889,0.04181322526125727,0.6779813364870354,25,30,10
19,4044,0.0003753510313049454,0.279829159864655,0.04181322388194606,0.677982265222093,25,30,10
19,4045,0.0003783288928603939,0.2798291598646633,0.04181310349104987,0.6779794077514254,25,30,10
19,4046,0.0003803945284195976,0.2798291598646377,0.04181772118119112,0.6779727244257504,25,30,10
19,4047,0.00039144109333191546,0.27982915986472706,0.04181777157881527,0.6779616274631245,25,30,10
19,4048,0.0003845184959374639,0.2798291598646561,0.04181776974863188,0.6779685518907734,25,30,10
19,4049,0.00037766696095533085,0.2798269460278587,0.041826835125085185,0.6779685518861,25,30,10
19,4050,0.0003886188116399865,0.2798269460279291,0.041826842738094366,0.6779575924223358,25,30,10
19,4051,0.0003887414974357527,0.27982694602795416,0.04145384045714248,0.6783304720174667,25,30,10
19,4052,0.0003856911272699326,0.27982694602795366,0.04146044481064948,0.6783269180341258,25,30,10
19,4053,0.0003836250702211801,0.2798269460279607,0.041458023046351176,0.678331405855466,25,30,10
19,4054,0.00038658385362614885,0.2798269460279702,0.041458022221884716,0.678328447896518,25,30,10
19,4055,0.00038651244469810786,0.2798579374278922,0.04142710222859566,0.6783284478988131,25,30,10
19,4056,0.0003866345384884407,0.27985837074649356,0.04142654681621021,0.6783284478988062,25,30,10
19,4057,0.0003865656701121002,0.2798583707464842,0.04142654471090519,0.678328518872497,25,30,10
19,4058,0.0003934869955038863,0.2798583707465101,0.04142666199319797,0.6783214802647864,25,30,10
19,4059,0.00038152057160358943,0.2798583652429861,0.04628193841442368,0.6734781757709867,25,30,10
19,4060,0.0003744949730542812,0.27986539936898314,0.0462819298989209,0.6734781757590416,25,30,10
19,4061,0.0003759099528492567,0.27987505799323764,0.04627085630076713,0.6734781757531458,25,30,10
19,4062,0.0003759090656849053,0.279875057993237,0.04627085746053376,0.6734781754805442,25,30,10
19,4063,0.00037498167424850293,0.27987505799320245,0.046268691460925916,0.673481268871623,25,30,10
19,4064,0.0003721060195612822,0.2799003731785517,0.04624625192558536,0.6734812688763006,25,30,10
19,4065,0.0003641368122223289,0.2799003731784731,0.04625284712273348,0.6734826428865703,25,30,10
19,4066,0.00036701148603415323,0.2798975028076699,0.046252842824614414,0.6734826428816808,25,30,10
19,4067,0.00036315859778605436,0.27989750280762665,0.04625284025444115,0.6734864983401452,25,30,10
19,4068,0.00036328001761798276,0.27989750280761777,0.04624623673511554,0.6734929804396478,25,30,10
19,4069,0.00036827882752428693,0.2798919351820007,0.04624680540281236,0.6734929805876617,25,30,10
19,4070,0.00036021256273872834,0.27989193518192024,0.04625115613754863,0.6734966961177911,25,30,10
19,4071,0.0003640655201769677,0.27989193518196404,0.046251187215828174,0.6734928120820295,25,30,10
19,4072,0.00036406675844997635,0.2798919351819646,0.04625118725894726,0.6734928108006369,25,30,10
19,4073,0.0003611924004805949,0.2798919351819743,0.04625118793506033,0.6734956844824836,25,30,10
19,4074,0.0003595929922499683,0.27989193518255734,0.04625135060008935,0.673497121225102,25,30,10
19,4075,0.00036253727047662885,0.279891935182557,0.04625131720633556,0.6734942103406293,25,30,10
19,4076,0.0003573596565838627,0.2798919351825013,0.04624977229669622,0.6735009328642169,25,30,10
19,4077,0.0003570976254039487,0.2798919351824466,0.046249767347940944,0.6735011998442072,25,30,10
19,4078,0.0003570292758591375,0.27989193518241984,0.04624968291183146,0.6735013526298882,25,30,10
19,4079,0.0003541019301724612,0.27988713101477186,0.04625741442040367,0.6735013526346505,25,30,10
19,4080,0.00035424056130894255,0.27985551916728657,0.046288887636627966,0.673501352634775,25,30,10
19,4081,0.0003572368128216315,0.2798380045263144,0.04630340602842658,0.6735013526324358,25,30,10
19,4082,0.00035026558770909043,0.27983800452627094,0.04630340294904185,0.6735083269369767,25,30,10
19,4083,0.0008521721891288913,0.2798380045248346,0.04580152595066564,0.6735082973353699,25,30,10
19,4084,0.0008428727286125677,0.27983800452419927,0.045803678518982094,0.673515444228205,25,30,10
19,4085,0.0008498307030403697,0.24023061259170686,0.08540411247241153,0.6735154442328419,25,30,10
19,4086,0.0008496729508206031,0.240230612591662,0.07915631231802644,0.679763402139492,25,30,10
19,4087,0.0008526339551137986,0.24023061259167836,0.07915627197078073,0.6797604814824284,25,30,10
19,4088,0.0008526195827436271,0.24023797197055327,0.07914892696907457,0.6797604814776297,25,30,10
19,4089,0.0008556158937680551,0.2402379719705624,0.07914232416401536,0.679764087971655,25,30,10
19,4090,0.0008626072077946064,0.24023797197063346,0.07914893302993926,0.6797504877916337,25,30,10
19,4091,0.0008624710222520773,0.24026918802827193,0.079117853157881,0.679750487791596,25,30,10
19,4092,0.0008614023282986677,0.23904699767657384,0.08034111219145969,0.6797504878036649,25,30,10
19,4093,0.00037525015101370234,0.2390469976793064,0.07613281066969693,0.6844449414999849,25,30,10
19,4094,0.00037824930046997674,0.239046997679315,0.07613281078563067,0.684441942234586,25,30,10
19,4095,0.00037434227246997307,0.23904699767928853,0.07613277996212822,0.6844458800861147,25,30,10
19,4096,0.0010556084574020951,0.23904699768144394,0.07613316220502203,0.6837642316561334,25,30,10
19,4097,0.0010475068627028305,0.23905567064561342,0.07613259098356238,0.683764231508123,25,30,10
19,4098,0.0003632358845714763,0.23905567064346767,0.07613224516744425,0.6844488483045182,25,30,10
19,4099,0.0003592611333214255,0.23905948578670627,0.07613240478020822,0.6844488482997643,25,30,10
19,4100,0.00035526589424086756,0.23905948578661762,0.07612579711259991,0.6844594512065417,25,30,10
19,4101,0.0003523388254891855,0.23905948578662697,0.07612579638843088,0.6844623789994532,25,30,10
19,4102,0.00034941664167274225,0.23905948578669878,0.07612580264335854,0.68446529492827,25,30,10
19,4103,0.00034941524790095454,0.23905974466168906,0.07612554515971776,0.6844652949306923,25,30,10
19,4104,0.0003494676047111095,0.2390597446616976,0.07612554673353031,0.6844652410000611,25,30,10
19,4105,0.00034746563320115935,0.2390597446617243,0.07612563261608617,0.6844671570889885,25,30,10
19,4106,0.0003504248454070893,0.23905651789089938,0.0761259001769608,0.684467157086733,25,30,10
19,4107,0.0003503720199904201,0.23905651789091653,0.0761259009912978,0.6844672090977955,25,30,10
19,4108,0.00035037315185127517,0.2390563540709377,0.07612606367711326,0.6844672091000981,25,30,10
19,4109,0.00035832584710004267,0.2390563540709983,0.07612607043090432,0.6844592496509974,25,30,10
19,4110,0.00035832559567471625,0.23867497127625292,0.07650745347459978,0.6844592496534737,25,30,10
19,4111,0.000355399634461801,0.23867828950044676,0.07650706121162217,0.6844592496534705,25,30,10
19,4112,0.0003584313316704461,0.23867526592004576,0.07650705309494048,0.6844592496533444,25,30,10
19,4113,0.0003514761176524631,0.23868222067244407,0.0765070535610247,0.6844592496488798,25,30,10
19,4114,0.000354524375139242,0.23867917276142214,0.07650705320971889,0.6844592496537207,25,30,10
19,4115,0.0003525272079053452,0.23867917276145734,0.0765070564532287,0.6844612435774095,25,30,10
19,4116,0.0003495468690378584,0.23867917276144848,0.07650261601484314,0.6844686643546716,25,30,10
19,4117,0.00042032054456551856,0.23860820246115783,0.07650281234450435,0.6844686646497733,25,30,10
19,4118,0.00041434537662659915,0.23860819400992309,0.07650876622607625,0.6844686943873752,25,30,10
19,4119,0.0004173335333011372,0.23860819400989589,0.07650872896595097,0.6844657434908532,25,30,10
19,4120,0.0004202942753732482,0.23860819400990504,0.07650872966305707,0.6844627820516652,25,30,10
19,4121,0.0004246383548089147,0.23860819400995165,0.07650861899723439,0.684458548638006,25,30,10
19,4122,0.00042768719825380297,0.23860515245112338,0.07650861170079408,0.6844585486498296,25,30,10
19,4123,0.00043064754058142434,0.23860515245116876,0.0765133245341087,0.6844508754741417,25,30,10
19,4124,0.000432767470748901,0.23860515245113356,0.07651323949530095,0.6844488405828176,25,30,10
19,4125,0.0004318021720774927,0.23860515245109035,0.07651327974438386,0.6844497656324492,25,30,10
19,4126,0.00043394192860379084,0.23860532924302905,0.07651099294054349,0.6844497358878248,25,30,10
19,4127,0.0004347313568236407,0.23860532924304556,0.07651099459127204,0.6844489448088598,25,30,10
19,4128,0.0004317885149885606,0.23857735980944939,0.07654190686903813,0.6844489448065257,25,30,10
19,4129,0.00043173628788504106,0.23857735980945766,0.07654190698196178,0.6844489969206972,25,30,10
19,4130,0.0004234695686345271,0.2385773598093769,0.07654189972943047,0.6844572708925594,25,30,10
19,4131,0.0004205242153673027,0.23858086410696575,0.07654134078264718,0.6844572708950203,25,30,10
19,4132,0.0004205103151747811,0.23858086410696647,0.07654133955430355,0.6844572860235558,25,30,10
19,4133,0.0004205792128143096,0.23858086410698423,0.07654134082594491,0.6844572158542569,25,30,10
19,4134,0.0004354830695127517,0.2385896792331773,0.07651762182625149,0.6844572158710581,25,30,10
19,4135,0.0004326814954966759,0.23858967923316807,0.07651990160797376,0.6844577376633617,25,30,10
19,4136,0.0004326987488852219,0.23858967923317753,0.07652001766304709,0.6844576043548903,25,30,10
19,4137,0.00043271512755835534,0.23858967923318672,0.07652001834606127,0.684457587293194,25,30,10
19,4138,0.0006738381909152175,0.23858967923536661,0.07652020723903318,0.6842162753346854,25,30,10
19,4139,0.0006827298080198569,0.23858967923643906,0.07651800017685655,0.6842095907786843,25,30,10
19,4140,0.000690830496340834,0.23858967923653854,0.07651800641032049,0.6842014838567998,25,30,10
19,4141,0.0006908811217867101,0.23858967923650223,0.07651329422959645,0.6842061454121139,25,30,10
19,4142,0.0004498642250596809,0.23858967923486638,0.07651310634299614,0.684447350197077,25,30,10
19,4143,0.000440897317603742,0.23858967923380325,0.07651303420270648,0.6844563892458858,25,30,10
19,4144,0.00044075902734645197,0.23858950256094527,0.07651334914892714,0.6844563892627806,25,30,10
19,4145,0.00044461684509764475,0.23858950256098013,0.07651335122762949,0.6844525293662922,25,30,10
19,4146,0.00045060748265563844,0.23858950256098013,0.07651335123774633,0.684446538718617,25,30,10
19,4147,0.00037983684419626296,0.238660074364338,0.07651355037279345,0.6844465384186715,25,30,10
19,4148,0.0003827115438847806,0.23866007436432862,0.07651355017146665,0.6844436639203192,25,30,10
19,4149,0.0003857082894726487,0.2386600743643287,0.07651122765661153,0.684442989689587,25,30,10
19,4150,0.0003856943880540893,0.23866007436431963,0.07651111252005377,0.6844431187275726,25,30,10
19,4151,0.0003895083893725978,0.23866007436381861,0.07651111367146207,0.6844393035753465,25,30,10
19,4152,0.00037862943896617066,0.23866007436376663,0.0765111074673567,0.6844501887299106,25,30,10
19,4153,0.0003725087157497347,0.23866007436375533,0.07651110693262934,0.6844563099878657,25,30,10
19,4154,0.00037243989022365837,0.23866007436374595,0.07651110625784063,0.6844563794881897,25,30,10
19,4155,0.0003724386607201514,0.23866007436374562,0.07651102516896051,0.6844564618065736,25,30,10
19,4156,0.0003704436282002225,0.23866007436371992,0.07651105604882132,0.6844584259592585,25,30,10
19,4157,0.0003718699459943202,0.23866007436482092,0.07651110195907757,0.6844569537301074,25,30,10
19,4158,0.00037584940491845016,0.2386600743648389,0.0765111027126339,0.6844529735176091,25,30,10
19,4159,0.0003759170539906883,0.23866007436484815,0.07651110193799285,0.6844529066431687,25,30,10
19,4160,0.0003828562758204891,0.23866007436489117,0.07651114392841249,0.6844459254308763,25,30,10
19,4161,0.00038083907903464624,0.2386600743649262,0.07651114487214196,0.6844479416838977,25,30,10
19,4162,0.00037392109066136404,0.23866007436489134,0.0765111433039281,0.6844548612405197,25,30,10
19,4163,0.0003739931740308644,0.23866007436489248,0.07651114216297689,0.6844547902981003,25,30,10
19,4164,0.00037092837153501166,0.2386627478977706,0.07651153343029073,0.684454790300404,25,30,10
19,4165,0.0003778469014677134,0.23865621740126483,0.07651114539449128,0.6844547903027767,25,30,10
19,4166,0.0003759045132888756,0.2386562174011849,0.07651113866456055,0.6844567394209661,25,30,10
19,4167,0.0003738384159441843,0.23865621740121995,0.07651114373132009,0.6844588004515163,25,30,10
19,4168,0.00037087805193788113,0.2386562174012109,0.07651774745734911,0.6844551570895028,25,30,10
19,4169,0.00037201933401644343,0.23989339791498476,0.07527942567352344,0.6844551570774753,25,30,10
19,4170,0.0003711066022304989,0.2398933979150187,0.07528599970201971,0.6844494957807313,25,30,10
19,4171,0.0003701942803712369,0.2398933979149932,0.07528599534315125,0.6844504124614846,25,30,10
19,4172,0.00036745912660694167,0.2398933979150215,0.07528599942040562,0.684453143537966,25,30,10
19,4173,0.0003675268709455595,0.2398933979150307,0.07528600004790677,0.6844530751661172,25,30,10
19,4174,0.00035919571871850385,0.239893397913913,0.07528595241879503,0.6844614539485737,25,30,10
19,4175,0.0003612097969787249,0.23989339791387784,0.0752859494711306,0.6844594428180131,25,30,10
19,4176,0.0012504664107698986,0.23779286293415552,0.07649722753291079,0.6844594431221638,25,30,10
19,4177,0.0012515728356846231,0.2377928629341753,0.07649065167074848,0.6844649125593917,25,30,10
19,4178,0.001251501297503032,0.23777092447377982,0.07651266166686174,0.6844649125618555,25,30,10
19,4179,0.0012515175481243727,0.23777092447378909,0.07651266094813733,0.6844648970299494,25,30,10
19,4180,0.0012446650236681367,0.23777092447378095,0.07651265888950615,0.684471751613045,25,30,10
19,4181,0.0012379552850753483,0.23652733744034327,0.07776295534337761,0.6844717519312041,25,30,10
19,4182,0.001234048328519969,0.2365273374403173,0.07776299299279947,0.6844756212383635,25,30,10
19,4183,0.0012371167284503522,0.23652733744031337,0.07784865085024885,0.6843868949809875,25,30,10
19,4184,0.001235974586438095,0.2365273374402853,0.07784862481531574,0.6843880631579609,25,30,10
19,4185,0.0012439349516577877,0.23776923498209762,0.07659876708304292,0.6843880629832018,25,30,10
19,4186,0.001243935760591198,0.23776923498209804,0.07659880672355009,0.6843880225337605,25,30,10
19,4187,0.001258882769941394,0.2377692349821089,0.07659881319282932,0.6843730690551203,25,30,10
19,4188,0.0012558874417848333,0.2377692349821001,0.07659881298072144,0.6843760645953934,25,30,10
19,4189,0.00148820600320699,0.2377692349842632,0.07659891667945354,0.6841436423330762,25,30,10
19,4190,0.001488138430668065,0.23776923498424585,0.07659899789368946,0.6841436286913968,25,30,10
19,4191,0.0015616406070998407,0.23776923498642571,0.07659930052527444,0.6840698238812002,25,30,10
19,4192,0.0015655475862575879,0.23776923498645167,0.07659926287942866,0.6840659545478626,25,30,10
19,4193,0.0015685980122145291,0.23776923498643399,0.07659926556412837,0.6840629014372236,25,30,10
19,4194,0.0015756254151455013,0.23776923498646013,0.07659926898261876,0.6840558706157761,25,30,10
19,4195,0.00157562418731328,0.2377692349864601,0.07659926648298807,0.684055874343239,25,30,10
19,4196,0.0015865742849069885,0.23776923498653033,0.07659926998297867,0.6840449207455847,25,30,10
19,4197,0.0015865409239877808,0.23776923498651187,0.07659935112087625,0.6840448729686247,25,30,10
19,4198,0.0015715237101558849,0.2377692349864917,0.07659934393324697,0.6840598973701059,25,30,10
19,4199,0.001570274243747029,0.237770339923516,0.07659948859391133,0.6840598972388261,25,30,10
19,4200,0.0015771256849519196,0.23777033992353305,0.07659949077732532,0.68405304361419,25,30,10
19,4201,0.0015742016625904611,0.23777033992359553,0.07659949488166555,0.6840559635321489,25,30,10
19,4202,0.001337958322842113,0.2377703399219612,0.07659930839996544,0.6842923933552315,25,30,10
19,4203,0.0015099642209612154,0.23758770307309898,0.07660993906117519,0.6842923936447649,25,30,10
19,4204,0.0015070380565503502,0.23761221773788063,0.07658835056326956,0.6842923936422998,25,30,10
19,4205,0.0006207433012730833,0.23970978023936151,0.07537708312364023,0.6842923933357252,25,30,10
19,4206,0.0006167668232891912,0.2397097802393265,0.07537708012901088,0.6842963728083737,25,30,10
19,4207,0.0006018588737040198,0.23973242749749052,0.07536934083494966,0.6842963727938559,25,30,10
19,4208,0.0006027872247359857,0.23973148677739217,0.07536935320163557,0.6842963727962363,25,30,10
19,4209,0.0006029477732753952,0.23973132070023945,0.0753693587396008,0.6842963727868834,25,30,10
19,4210,0.0005998435161412878,0.2397344231174032,0.07536936057957225,0.6842963727868824,25,30,10
19,4211,0.0006028234802049445,0.23973145337651047,0.07536935035640328,0.6842963727868804,25,30,10
19,4212,0.0006028403180420073,0.2397314533765109,0.07536935397287861,0.6842963523325676,25,30,10
19,4213,0.0006072114761491415,0.24029593745767058,0.07480049845885149,0.6842963526073281,25,30,10
19,4214,0.0006081779953927137,0.24029593745771494,0.07480049806143685,0.6842953864854547,25,30,10
19,4215,0.0005982106986677049,0.24029593745774214,0.0748004990530518,0.684305352790538,25,30,10
19,4216,0.0005952300328095736,0.23858093984340337,0.07651847733316551,0.6843053527906213,25,30,10
19,4217,0.0005920560288526273,0.23858412194357753,0.0765184692373322,0.6843053527902373,25,30,10
19,4218,0.0005941897712750427,0.23857114604669782,0.07652931139625038,0.6843053527857762,25,30,10
19,4219,0.0008348044603350485,0.23800699867172775,0.07676079155396874,0.6843974053139686,25,30,10
19,4220,0.0008518086969880958,0.23800699867240663,0.0767608438838816,0.6843803487467237,25,30,10
19,4221,0.0008490435302938925,0.2380069986724439,0.07676312627602742,0.6843808315212345,25,30,10
19,4222,0.0006730770027863163,0.2381937887787428,0.0767523030035667,0.6843808312149039,25,30,10
19,4223,0.0006724342540513699,0.23819378877870773,0.07675233054035221,0.6843814464268884,25,30,10
19,4224,0.0006733981786295445,0.2381932062149952,0.07675194916027063,0.6843814464461043,25,30,10
19,4225,0.0006733625746549662,0.23819320621444048,0.0767519471105687,0.684381484100336,25,30,10
19,4226,0.0005996501303522671,0.2381932062122342,0.07675168393417515,0.6844554597232382,25,30,10
19,4227,0.0006165305523679955,0.23819287557547952,0.07673141833451316,0.6844591755376392,25,30,10
19,4228,0.0006163692864595057,0.23819287557545124,0.07672913663957068,0.6844616184985185,25,30,10
19,4229,0.0006143553613358949,0.23819488627023644,0.07672913986510023,0.6844616185033271,25,30,10
19,4230,0.0006072769109881312,0.23819488627018326,0.07672914062676117,0.6844686961920671,25,30,10
19,4231,0.0006081316431150609,0.23819488627020796,0.07672910354518715,0.6844678785414896,25,30,10
19,4232,0.00061123540343674,0.238194886270242,0.0767291112822386,0.6844647670440824,25,30,10
19,4233,0.000611236308650526,0.23819488627025087,0.0767291119167187,0.6844647655043797,25,30,10
19,4234,0.0008426211241511509,0.23819488651650655,0.08118840457043046,0.6797740877889104,25,30,10
19,4235,0.000839431722849987,0.2381948865164751,0.08109614277153467,0.6798695389891385,25,30,10
19,4236,0.0008384662518726555,0.23819585304301383,0.08109614172078014,0.6798695389843317,25,30,10
19,4237,0.0028204988337587004,0.23819587981842122,0.06530503692611124,0.6936785844217088,25,30,10
19,4238,0.002820619851340203,0.23819587981846518,0.0653050371820263,0.6936784631481685,25,30,10
19,4239,0.002823546596725859,0.2381958798184563,0.06530503650615106,0.6936755370786668,25,30,10
19,4240,0.0028904490210302876,0.2381958798206198,0.06530526271683722,0.6936084084415127,25,30,10
19,4241,0.0028933026514731015,0.23819587982054788,0.06530525591413365,0.6936055616138458,25,30,10
19,4242,0.002902823700845488,0.23646895761621697,0.0670226570751173,0.6936055616078203,25,30,10
19,4243,0.0028923216874799113,0.23819687606894,0.06530524064661088,0.6936055615969693,25,30,10
19,4244,0.0028913776882317564,0.23819687606885157,0.06530523662599089,0.6936065096169256,25,30,10
19,4245,0.002888344846849393,0.238196876068852,0.06530523861337792,0.6936095404709204,25,30,10
19,4246,0.0028911231384969194,0.2381968760688428,0.06530520886278603,0.6936067919298741,25,30,10
19,4247,0.0028912480517575873,0.23819687606883466,0.06530520997405978,0.6936066659053478,25,30,10
19,4248,0.0028941400286964314,0.2381968760688434,0.06530521059787597,0.693603773304584,25,30,10
19,4249,0.0028940862709614756,0.23819687606882523,0.06530525103241318,0.6936037866278001,25,30,10
19,4250,0.0028941375629649158,0.2381968760688335,0.06530516867662244,0.693603817691579,25,30,10
19,4251,0.002895119601595291,0.2381953232790609,0.0653057394229113,0.6936038176964325,25,30,10
19,4252,0.0029020588837258103,0.23819532327909532,0.06530573722759844,0.6935968806095805,25,30,10
19,4253,0.0029020063684639203,0.23819532327908732,0.06530578971138343,0.6935968806410652,25,30,10
19,4254,0.0028390629767577487,0.2381953232769586,0.06530556791781689,0.6936600458284665,25,30,10
19,4255,0.002849029789160148,0.23818590956560662,0.0653050148121017,0.6936600458331312,25,30,10
19,4256,0.0028520626286304912,0.23818590956560634,0.06530501287192049,0.6936570149338425,25,30,10
19,4257,0.002853026588915688,0.23818590956564073,0.06530497710752887,0.6936560867379142,25,30,10
19,4258,0.0028529192651021063,0.23818590956559604,0.06530504151967481,0.6936561296496268,25,30,10
19,4259,0.0025911023338186195,0.23818590965201622,0.06566262646038133,0.6935603615537839,25,30,10
19,4260,0.0012542720809215994,0.23818588269709778,0.08081228815558976,0.6797475570663915,25,30,10
19,4261,0.0019298490683532102,0.23818587642036934,0.08013671744644764,0.6797475570648304,25,30,10
19,4262,0.0019297329572626925,0.23817444758569678,0.08014826239250192,0.679747557064539,25,30,10
19,4263,0.0019222355591058465,0.2381819612671377,0.08014824611831184,0.6797475570554448,25,30,10
19,4264,0.0019224443258759416,0.23818196126713892,0.08014824824330531,0.6797473461636799,25,30,10
19,4265,0.03131654512556174,0.23818196796559662,0.05075415748139024,0.6797473294274526,25,30,10
19,4266,0.03132261808415964,0.23818196796565258,0.05075416703640312,0.6797412469137858,25,30,10
19,4267,0.03132965739030853,0.23818196796570462,0.05075411672414637,0.6797342579198415,25,30,10
19,4268,0.03133263689175699,0.23817935752034353,0.05075374766779098,0.6797342579201096,25,30,10
19,4269,0.03133256971883443,0.23817935752034403,0.05075377774947829,0.6797342950113439,25,30,10
19,4270,0.03133050173875834,0.2381793575203786,0.05075366693385047,0.6797364738070134,25,30,10
19,4271,0.03132460380569347,0.23817935752029704,0.050753659542703305,0.679742379131307,25,30,10
19,4272,0.030746938421014103,0.23819968344274997,0.05130929776166535,0.6797440803745716,25,30,10
19,4273,0.0307600264137393,0.23819968344333234,0.051309391912501966,0.6797308982304274,25,30,10
19,4274,0.030762112884412208,0.23819968344331577,0.05130938814716408,0.6797288155251089,25,30,10
19,4275,0.030664190642105946,0.23817953396595995,0.051428320113673716,0.6797279552782614,25,30,10
19,4276,0.030662171997281034,0.23820382314403388,0.05140604957567388,0.6797279552830123,25,30,10
19,4277,0.03066210148552546,0.23820382314399793,0.05140604691332497,0.6797280284571526,25,30,10
19,4278,0.0311142484884105,0.23820382314610497,0.05140632414012027,0.6792756042253647,25,30,10
19,4279,0.03111041291070729,0.23820382314609842,0.0514063231514156,0.6792794407917792,25,30,10
19,4280,0.031110270553102823,0.23820382314607866,0.05140632124636516,0.6792795850544538,25,30,10
19,4281,0.031107993893890868,0.2382038231461208,0.05140632223836235,0.679281860721626,25,30,10
19,4282,0.031108904162439926,0.23820382314610197,0.05140640376017344,0.6792808689312849,25,30,10
19,4283,0.03110592513545426,0.23817496137893687,0.05143824455665981,0.6792808689289506,25,30,10
19,4284,0.031102891743610563,0.2381469747099941,0.051469264617673,0.6792808689287239,25,30,10
19,4285,0.03110241940115136,0.23814744816315905,0.05146926350509534,0.6792808689305956,25,30,10
19,4286,0.031092434424396607,0.2381474481625966,0.05146917085743227,0.6792909465555759,25,30,10
19,4287,0.031094449515415706,0.23814556231729353,0.05146904161647678,0.6792909465508155,25,30,10
19,4288,0.031097498685019494,0.23815157428950964,0.05145998047469877,0.6792909465507735,25,30,10
19,4289,0.031094552824940714,0.23815157428957368,0.05145998516369664,0.6792938877217902,25,30,10
19,4290,0.031095509404666117,0.23815139796083817,0.05146004615261044,0.679293046481887,25,30,10
19,4291,0.03116534069116158,0.23767789784886292,0.051863714680518924,0.6792930467794585,25,30,10
19,4292,0.03116943221186356,0.23767789784889215,0.05186373176289563,0.6792889381763503,25,30,10
19,4293,0.0009185942877483196,0.23767791967254406,0.08211441358046223,0.6792890724592404,25,30,10
19,4294,0.0009215376522689952,0.2376749716586365,0.08211441822976573,0.6792890724593229,25,30,10
19,4295,0.0009215376544008412,0.23767496963689905,0.08211442024945476,0.6792890724592395,25,30,10
19,4296,0.000919454621683813,0.23766798549083146,0.0821234874232457,0.6792890724642332,25,30,10
19,4297,0.0009222844133926488,0.23766798549082846,0.08212347319549584,0.6792862569002771,25,30,10
19,4298,0.0009213727360108724,0.2376679854908036,0.08212347090584746,0.6792871708673326,25,30,10
19,4299,0.00046244898615668806,0.23766798548864446,0.0821231885455655,0.6797463769796278,25,30,10
19,4300,0.0004625042672984222,0.2376679854886362,0.08212318846186982,0.6797463217821901,25,30,10
19,4301,0.0021414520709824012,0.23766795698743817,0.06649684802339544,0.6936937429181839,25,30,10
19,4302,0.0020746192774984034,0.20942044137171512,0.09481119673017234,0.693693742620609,25,30,10
19,4303,0.0020755653936766795,0.21113747792147627,0.093093214059598,0.6936937426252442,25,30,10
19,4304,0.002115321757174332,0.21113747792089474,0.0930932550753535,0.6936539452465728,25,30,10
19,4305,0.0021173894074542677,0.21113540757583166,0.09309325777489816,0.6936539452418111,25,30,10
19,4306,0.0021153974505798345,0.2111293289738244,0.09310132832890725,0.6936539452466839,25,30,10
19,4307,0.0025745102768183477,0.2111293289759193,0.0931015912410412,0.6931945695062166,25,30,10
19,4308,0.0025804844580028536,0.21110901992104164,0.0931159261148707,0.6931945695060802,25,30,10
19,4309,0.002576558953727952,0.2111090199210075,0.09311592268391944,0.6931984984413411,25,30,10
19,4310,0.002519851645471357,0.2111090199208927,0.09311583050965914,0.6932552979239728,25,30,10
19,4311,0.002516926113747161,0.2111090199209567,0.09311583463958133,0.6932582193257106,25,30,10
19,4312,0.0025199189545671162,0.21110901992089282,0.0931158594639329,0.6932552016606031,25,30,10
19,4313,0.002060844816503235,0.21110901991874387,0.0931221968605718,0.6937079384041769,25,30,10
19,4314,0.0020648218637631154,0.21110504224120213,0.09312219748847346,0.6937079384065571,25,30,10
19,4315,0.0020657325779332007,0.21110504224121854,0.09312219964351312,0.6937070255373305,25,30,10
19,4316,0.0022989804351332406,0.2108715753266363,0.09312241826966294,0.6937070259685627,25,30,10
19,4317,0.0022988751986683163,0.21087157532660836,0.0932116055206379,0.6936179439540808,25,30,10
19,4318,0.0022959098713511805,0.21087157532663486,0.09321161591052884,0.6936208988914814,25,30,10
19,4319,0.002294945906056923,0.21087157532660072,0.09321161343179668,0.6936218653355429,25,30,10
19,4320,0.0007947603834331572,0.21087157524656297,0.10516064206422236,0.6831730223057789,25,30,10
19,4321,0.0007936217172249628,0.21087157524664196,0.1051606213417143,0.6831741816944161,25,30,10
19,4322,0.0007965316128577801,0.21087157524662417,0.10516066252677185,0.6831712306137436,25,30,10
19,4323,0.0007954955111123416,0.23962177503624474,0.07641149882695303,0.6831712306256895,25,30,10
19,4324,0.0007935880621179796,0.23962177503618348,0.07641149176405056,0.6831731451376476,25,30,10
19,4325,0.0007866164915281204,0.23793317585581047,0.07810706251960622,0.6831731451330549,25,30,10
19,4326,0.0007858959523663677,0.23793317585579474,0.07810697844666248,0.6831739497451761,25,30,10
19,4327,0.0007858959222038484,0.23793317585579532,0.07810701255197709,0.6831739156700235,25,30,10
19,4328,0.0007858763630188663,0.23793317585578605,0.0781070115025171,0.6831739362786777,25,30,10
19,4329,0.000788766573012891,0.23793317585580312,0.07810040909618497,0.6831776484749988,25,30,10
19,4330,0.0007917793938522563,0.2379331758558128,0.07810040980493084,0.6831746349454039,25,30,10
19,4331,0.0007947714002912393,0.2379331758558043,0.07810041362100129,0.6831716391229027,25,30,10
19,4332,0.0007925825881522998,0.2379331758558569,0.0781004129201492,0.6831738286358412,25,30,10
19,4333,0.0007992935889707174,0.23793317585586427,0.07810041389188906,0.6831671166632755,25,30,10
19,4334,0.0008003111366563778,0.2379328526246587,0.07809971958501748,0.6831671166536668,25,30,10
19,4335,0.000800357784530557,0.23965078498882064,0.07638174057312465,0.6831671166535236,25,30,10
19,4336,0.0007983417835895583,0.23965224573263527,0.076382295827869,0.6831671166559056,25,30,10
19,4337,0.0010287548106860936,0.2396522457326715,0.07638246423725488,0.6829365352193869,25,30,10
19,4338,0.001036604437977252,0.23965224573274188,0.07638246732265468,0.6829286825066256,25,30,10
19,4339,0.0010356244457638563,0.23968470056600646,0.07635099248655403,0.6829286825016748,25,30,10
19,4340,0.001028704046405099,0.23969162379259953,0.07635098966169893,0.6829286824992957,25,30,10
19,4341,0.0012619800719109882,0.23969162998857574,0.07611770743728981,0.6829286825022236,25,30,10
19,4342,0.0010287516284885247,0.23992494997175562,0.076117616323705,0.6829286820760503,25,30,10
19,4343,0.0010365964323101305,0.23992494997183436,0.07611762177017661,0.6829208318256785,25,30,10
19,4344,0.0010326053140944425,0.23992494997178998,0.07611761810424872,0.6829248266098665,25,30,10
19,4345,0.0010327457001241063,0.23992467261020495,0.07611775507967625,0.6829248266099941,25,30,10
19,4346,0.0008254547316871976,0.2399246725994094,0.07973061856545477,0.6795192541034492,25,30,10
19,4347,0.0008144703739829258,0.23992467259934713,0.07973069456375328,0.6795301624629169,25,30,10
19,4348,0.0008074451001016759,0.2399246725992944,0.0797306923990564,0.6795371899015477,25,30,10
19,4349,0.0008094774556792208,0.23992305981811948,0.07973027282933205,0.6795371898968693,25,30,10
19,4350,0.0005755269437606351,0.24100450333460546,0.07888278011531642,0.6795371896063177,25,30,10
19,4351,0.0005726367450077323,0.24100733712585437,0.07888283651801063,0.6795371896111273,25,30,10
19,4352,0.0005754549752259247,0.24100470193706433,0.07888265348407071,0.679537189603639,25,30,10
19,4353,0.0005754548308787775,0.24100470193706433,0.07888257098389703,0.6795372722481601,25,30,10
19,4354,0.0005724737552326674,0.23992325834997671,0.0799669956472889,0.6795372722475023,25,30,10
19,4355,0.0005734545543905591,0.239923258350039,0.07996694698137513,0.6795363401141955,25,30,10
19,4356,0.0017457243422846014,0.23992325817564455,0.07879467706685282,0.6795363404152183,25,30,10
19,4357,0.0017457428448451077,0.2399232581756633,0.07879467789894185,0.6795363210805497,25,30,10
19,4358,0.0017450279734375729,0.23992354840697325,0.07879510198132249,0.6795363216382665,25,30,10
19,4359,0.0017381239055584943,0.23992354840695695,0.07906135922264783,0.6792769684648364,25,30,10
19,4360,0.0017371947226562775,0.23992354840693964,0.07906135628843498,0.6792779005819689,25,30,10
19,4361,0.0017372307291473466,0.23992354840694805,0.07906143638756415,0.6792777844763401,25,30,10
19,4362,0.0017402958976563947,0.23992354840693944,0.07906143675884494,0.6792747189365588,25,30,10
19,4363,0.001740971321140191,0.23992354840691996,0.07431456805915417,0.6840209122127868,25,30,10
19,4364,0.001737973859147754,0.23992354840692862,0.0742253800195588,0.6841130977143659,25,30,10
19,4365,0.001735906780180111,0.23992354840694552,0.07422538325479933,0.6841151615580761,25,30,10
19,4366,0.0017330494853230016,0.23992354840697264,0.07422541317299867,0.6841179889347063,25,30,10
19,4367,0.0017281574728435967,0.23992354840894672,0.07906960893971814,0.6792786851784923,25,30,10
19,4368,0.001743064080801765,0.23990862311296138,0.07906962761554644,0.6792786851906911,25,30,10
19,4369,0.001740120477361165,0.239911576734433,0.07906961759755383,0.6792786851906526,25,30,10
19,4370,0.0017399983328952563,0.23991157673444158,0.0790697325391071,0.6792786923935568,25,30,10
19,4371,0.001725073178450341,0.23992651006872193,0.0790697243736803,0.6792786923791481,25,30,10
19,4372,0.0017220393678149778,0.23992651006867732,0.07906972060659402,0.6792817299569145,25,30,10
19,4373,0.0017197598802484062,0.2398977529152008,0.07910075780768809,0.6792817293968636,25,30,10
19,4374,0.0017226319629334665,0.2398944707145171,0.07910116791858725,0.6792817294039633,25,30,10
19,4375,0.001722670784726459,0.23989447071459058,0.07910117621286497,0.6792816822878188,25,30,10
19,4376,0.0017236499235860083,0.2398855438221542,0.07910912395661807,0.6792816822976416,25,30,10
19,4377,0.0017236845970844941,0.23988549783669216,0.07910913526361246,0.6792816823026107,25,30,10
19,4378,0.0017237369643906984,0.239885027405807,0.07910955331758567,0.6792816823122163,25,30,10
19,4379,0.0017237200058329157,0.23988502740579737,0.07884329327154731,0.6795479593168221,25,30,10
19,4380,0.0017237565137046286,0.23988512010724913,0.07884316406230708,0.6795479593167388,25,30,10
19,4381,0.0017257712352924573,0.23989023611120028,0.07883603334402638,0.6795479593094805,25,30,10
19,4382,0.0018492011381591735,0.23976696623549787,0.07883587302707912,0.6795479595992636,25,30,10
19,4383,0.001849080838556866,0.23976696623550645,0.07884057282879181,0.6795433800971452,25,30,10
19,4384,0.0018490645278848381,0.23976696623550656,0.0788405697651465,0.6795433994714621,25,30,10
19,4385,0.0018452303349302283,0.2397669662355452,0.07884057510299335,0.679547228326531,25,30,10
19,4386,0.0018452475456053388,0.23976696623556287,0.07884069157575514,0.6795470946430764,25,30,10
19,4387,0.0018490632438863221,0.2397669662355505,0.07884068719080065,0.6795432833297623,25,30,10
19,4388,0.0018490412815377886,0.23976696623547739,0.07884538095227406,0.6795386115307105,25,30,10
19,4389,0.0018519673904244685,0.23976696623545934,0.0788452637951699,0.679535802578946,25,30,10
19,4390,0.0018489013268230567,0.23976696623546842,0.07884056185118546,0.6795435705865228,25,30,10
19,4391,0.0018489549813935139,0.23976696623547689,0.07884056203499848,0.6795435167481308,25,30,10
19,4392,0.0018460125875927199,0.23976696623547675,0.07884056347214244,0.6795464577047879,25,30,10
19,4393,0.001608748148298293,0.23976696623541396,0.0788403956987353,0.6797838899175522,25,30,10
19,4394,0.0016018287740839658,0.2397669662353716,0.07884039146659994,0.6797908135239442,25,30,10
19,4395,0.0015988852437323745,0.23977045655861431,0.07883984468084837,0.6797908135168049,25,30,10
19,4396,0.001600847820315433,0.23977045655855217,0.0788399267233216,0.6797887688978109,25,30,10
19,4397,0.001597850569816922,0.2397704565585428,0.07883981114470559,0.6797918817269348,25,30,10
19,4398,0.0015977997642307553,0.23977045655852414,0.07883981100941441,0.6797919326678309,25,30,10
19,4399,0.001597815550675354,0.23977044374800774,0.07883980803318827,0.6797919326681285,25,30,10
19,4400,0.0018822853942914042,0.23977058107009447,0.07851748220127075,0.6798296513343436,25,30,10
19,4401,0.0018853019722862854,0.23977058107010407,0.07851740018792865,0.6798267167696808,25,30,10
19,4402,0.0018922584280099053,0.2397705810701481,0.07851740228563535,0.6798197582162068,25,30,10
19,4403,0.0018942444070043111,0.23977058107071852,0.07851744719285894,0.6798177273294184,25,30,10
19,4404,0.0018943133356828603,0.23977058107073632,0.08476526967726654,0.6735698359163154,25,30,10
19,4405,0.001895189831818125,0.2397697078503544,0.0847652663967085,0.67356983592112,25,30,10
19,4406,0.0018951777939331196,0.2397697203645282,0.08476526592050028,0.6735698359210393,25,30,10
19,4407,0.0018951254514736613,0.23976972036451066,0.07851744401733735,0.6798177101666785,25,30,10
19,4408,0.0019020276938059558,0.23976972036451877,0.0785175621191081,0.6798106898225674,25,30,10
19,4409,0.0019021678421351717,0.23976972036455504,0.07851748894579809,0.679810622847512,25,30,10
19,4410,0.0019051130508596138,0.2397697203645547,0.07851748961412718,0.6798076769704583,25,30,10
19,4411,0.0019052357074707841,0.23976972036454505,0.07851737386854003,0.6798076700594438,25,30,10
19,4412,0.0019788792465894795,0.2397697203667345,0.0785175598382462,0.6797338405484297,25,30,10
19,4413,0.001985730578075408,0.23976972036674238,0.0785175364403269,0.679727012614855,25,30,10
19,4414,0.001982785682619524,0.23976972036674238,0.0785128347967096,0.6797346591539284,25,30,10
19,4415,0.0019857287449305504,0.23976972036674224,0.07851283475461704,0.67973171613371,25,30,10
19,4416,0.001988794122668421,0.23976972036673375,0.07851283557851257,0.6797286499320847,25,30,10
19,4417,0.0019868371126479365,0.23976972036674474,0.07851285258494813,0.6797305899356587,25,30,10
19,4418,0.0019131949872155018,0.23976972036455535,0.07851269284849334,0.6798043917997352,25,30,10
19,4419,0.0019080792673151997,0.23976972036456412,0.07851265392307234,0.6798095464450477,25,30,10
19,4420,0.001910954960524594,0.23976972036455613,0.0785126240675846,0.6798067006073341,25,30,10
19,4421,0.001911972323473607,0.23976972036450309,0.07851273448065473,0.6798055728313679,25,30,10
19,4422,0.0019149493754820276,0.23976972036452138,0.07851273727706748,0.6798025929829286,25,30,10
19,4423,0.0019170693081092755,0.23976972036448657,0.07851273373132828,0.6798004765960752,25,30,10
19,4424,0.0019200487029428371,0.23976972036449484,0.07851273279196523,0.6797974981405962,25,30,10
19,4425,0.00191698244209924,0.23976972036450317,0.07851284775452728,0.6798004494388694,25,30,10
19,4426,0.00191993006872675,0.23976677312845263,0.07851284737108637,0.6798004494317332,25,30,10
19,4427,0.001919809615036899,0.23976677312846092,0.0785128469700595,0.6798005702864417,25,30,10
19,4428,0.000926201847114179,0.2397866344267527,0.07952431211706888,0.6797628516090639,25,30,10
19,4429,0.0008027544441298818,0.2399103450293122,0.07952404921212022,0.6797628513144375,25,30,10
19,4430,0.0008057655905865854,0.23991034502933828,0.07952405263001824,0.6797598367500567,25,30,10
19,4431,0.0008057649008187575,0.23991034502933842,0.07952393679043093,0.6797599532794116,25,30,10
19,4432,0.0008061251536417385,0.2399103450287792,0.07952551615136419,0.6797580136662147,25,30,10
19,4433,0.0013248718101425137,0.23991034509318626,0.07953283529765058,0.6792319477990203,25,30,10
19,4434,0.0013250101947891598,0.23991034509319628,0.07953283573471953,0.679231808977295,25,30,10
19,4435,0.0013289304569914131,0.2399058727071553,0.07953338785401462,0.6792318089818385,25,30,10
19,4436,0.0013261259685727845,0.23990948658202782,0.07953257847004173,0.6792318089793575,25,30,10
19,4437,0.0013281002979519012,0.239909486582026,0.07953700467485901,0.6792254084451629,25,30,10
19,4438,0.001330117556245366,0.23990948658200031,0.07953700328310384,0.6792233925786499,25,30,10
19,4439,0.001329311332486874,0.2399102947925352,0.07953700129390505,0.6792233925810717,25,30,10
19,4440,0.0013269486050759502,0.23991029479252315,0.07953537698781785,0.679227379614582,25,30,10
19,4441,0.0013240035433426396,0.23991029479252357,0.07953545885730362,0.6792302428068292,25,30,10
19,4442,0.0013170946612878782,0.23991761262179573,0.07953504991478806,0.6792302428021274,25,30,10
19,4443,0.0013209558611496333,0.23991796747018912,0.07943456585726826,0.6793265108113937,25,30,10
19,4444,0.0013847101245281737,0.2399179674738833,0.07943478171986718,0.6792625406817223,25,30,10
19,4445,0.0016180228521221742,0.23968392983806805,0.07943550632487979,0.6792625409849309,25,30,10
19,4446,0.0010953009961202982,0.2396839297736255,0.07943288574086668,0.6797878834893882,25,30,10
19,4447,0.0008589542097548212,0.23992100906489935,0.07943215353934159,0.6797878831860049,25,30,10
19,4448,0.0008590221507912232,0.23995240855524158,0.07940068610308026,0.6797878831908873,25,30,10
19,4449,0.0008620215308292392,0.2399270097588545,0.07942308551946875,0.6797878831908476,25,30,10
19,4450,0.0008600576909782364,0.23995130053455932,0.07940075856915078,0.6797878832053118,25,30,10
19,4451,0.000857114948522257,0.23995130053456037,0.07940238107891337,0.6797892034380041,25,30,10
19,4452,0.0008571656199417251,0.23995130053455072,0.07940242085877719,0.6797891129867305,25,30,10
19,4453,0.0008532296907891688,0.23995094579360265,0.07950300923981742,0.6796928152757914,25,30,10
19,4454,0.000853265777258608,0.23995094579362913,0.0795030381629177,0.6796927502661951,25,30,10
19,4455,0.0008562961132860297,0.23994736467213354,0.07950358894825996,0.679692750266321,25,30,10
19,4456,0.0008563711672008048,0.23994736467214522,0.07950359296677627,0.6796926711938782,25,30,10
19,4457,0.0008563702941555235,0.23994736467214572,0.0795034778198089,0.6796927872138905,25,30,10
19,4458,0.0007925443187323983,0.2399473646684883,0.07950326513913596,0.6797568258736439,25,30,10
19,4459,0.0010289058862970103,0.23994736467066857,0.07950345036908134,0.6795202790739536,25,30,10
19,4460,0.001022020768600592,0.23994736467066996,0.07950347153729108,0.6795271430234382,25,30,10
19,4461,0.001022089175031834,0.23994736467067823,0.0795018497340805,0.6795286964202089,25,30,10
19,4462,0.0010230175537570703,0.23994736467070343,0.07950177048922186,0.6795278472863169,25,30,10
19,4463,0.001028140971403132,0.23994736467073463,0.0794966171906662,0.679527877167195,25,30,10
19,4464,0.000791917346232903,0.23994736466857294,0.07949643332567013,0.679764284659523,25,30,10
19,4465,0.0008021398271280295,0.23993692598333582,0.07949664950532834,0.6797642846842067,25,30,10
19,4466,0.0008021988804129632,0.23993700318168812,0.07949651325362335,0.6797642846842743,25,30,10
19,4467,0.0008101664240320759,0.2399370031817588,0.07949181767399643,0.6797610127202115,25,30,10
19,4468,0.0008144478231379001,0.23993700318177844,0.07949183475841952,0.6797567142366632,25,30,10
19,4469,0.0008165849713108034,0.23993700318174416,0.07949183179348186,0.6797545800534622,25,30,10
19,4470,0.0008233999726944555,0.23993700318174235,0.07949180755141311,0.6797477892941493,25,30,10
19,4471,0.0008232773782845437,0.23993700318173297,0.07949184539290945,0.6797478740470722,25,30,10
19,4472,0.0008230857861258803,0.23993664410648446,0.07949239606762765,0.6797478740397613,25,30,10
19,4473,0.0008260289668942775,0.23993664410648477,0.07949235608877131,0.6797449708378491,25,30,10
19,4474,0.0008260311238995992,0.23993664410648483,0.07949235465555496,0.6797449701140601,25,30,10
19,4475,0.000833861424259591,0.23993665023309751,0.0794845479934299,0.6797449403492124,25,30,10
19,4476,0.0008534088556891589,0.24027014539719505,0.07910360420471464,0.6797728415424004,25,30,10
19,4477,0.0008504832272359469,0.24027014539719477,0.07910522708902101,0.6797741442865477,25,30,10
19,4478,0.0008573861404586675,0.24026310443168172,0.07910536513901484,0.6797741442888436,25,30,10
19,4479,0.0008464733947868816,0.24026310443161086,0.07910535909913957,0.6797850630744615,25,30,10
19,4480,0.0013064761308167194,0.2402631044337609,0.07910563495448157,0.6793247844809399,25,30,10
19,4481,0.000846000612610339,0.24024309985532943,0.07958611534376464,0.679324784188297,25,30,10
19,4482,0.0008539799826958997,0.24024309985539155,0.07958167958484737,0.6793212405770668,25,30,10
19,4483,0.0008470782771606527,0.23964027034210514,0.08019141080358011,0.6793212405771516,25,30,10
19,4484,0.0008397866785670037,0.2396472312448877,0.08019174152887759,0.6793212405476653,25,30,10
19,4485,0.0008398571889574339,0.23964723124485177,0.08019173786705622,0.6793211736991326,25,30,10
19,4486,0.000839856844840178,0.23964723124486112,0.08019011766298771,0.6793227942473089,25,30,10
19,4487,0.0008398396760183177,0.24025672446081445,0.07958064162308577,0.6793227942400829,25,30,10
19,4488,0.0008358619624438467,0.24025672446078833,0.07958063837084028,0.6793267752059288,25,30,10
19,4489,0.0008349714324418514,0.24025672446189683,0.07958067696351581,0.6793276271421468,25,30,10
19,4490,0.0008320058801604369,0.24025672446188853,0.07958067988919436,0.6793305897687577,25,30,10
19,4491,0.0008338978659215287,0.2402324991621567,0.07960301321771528,0.679330589754207,25,30,10
19,4492,0.000830936277075918,0.24023249916214898,0.07960301455773322,0.6793335500030424,25,30,10
19,4493,0.0008317565958485697,0.24023249916103956,0.07960297538362292,0.6793327688594896,25,30,10
19,4494,0.0008346321512427242,0.24023249916103062,0.07960297469844722,0.67932989398928,25,30,10
19,4495,0.0008237644999367123,0.24023249916096906,0.07960305045793652,0.6793406858811586,25,30,10
19,4496,0.0008277428636496844,0.24023286062654559,0.07959871062638607,0.6793406858834201,25,30,10
19,4497,0.0008346620977546113,0.2402328606265806,0.07959874215948048,0.6793337351161859,25,30,10
19,4498,0.0008348422950889813,0.2402017666053806,0.07962965598075594,0.6793337351187765,25,30,10
19,4499,0.0008278728872734044,0.24020176660534218,0.07975911151068683,0.6792112489966996,25,30,10
19,4500,0.0008360032165461494,0.24020176660643106,0.07976080076432263,0.679201429412702,25,30,10
19,4501,0.0008360910860752084,0.24020176660644876,0.07976091597980389,0.6792012263276738,25,30,10
19,4502,0.0008398841567773763,0.24022930121853933,0.07972958829497197,0.679201226329713,25,30,10
19,4503,0.0008398347075976711,0.2402293012185484,0.0797296709724878,0.6792011931013677,25,30,10
19,4504,0.0008624419983616438,0.239895799928331,0.08006843660011041,0.6791733214731941,25,30,10
19,4505,0.0008624923913798968,0.2398957999283229,0.08006835401324834,0.679173353667046,25,30,10
19,4506,0.0008552315586784888,0.23989579992829438,0.0800683392431984,0.6791806292698257,25,30,10
19,4507,0.0008520769607670174,0.23989579992827445,0.0800683387768585,0.6791837843340969,25,30,10
19,4508,0.0008549501085536636,0.23989579992826512,0.08006834009621056,0.6791809098669678,25,30,10
19,4509,0.0008549519685572642,0.2398957999282651,0.08006834151671212,0.6791809065864628,25,30,10
19,4510,0.0009100903699573978,0.23981870037774944,0.08009030265113246,0.6791809066011585,25,30,10
19,4511,0.0009110377992589039,0.23981870037779288,0.08009030273179424,0.6791799590911523,25,30,10
19,4512,0.0009110724376871112,0.2398187003777666,0.08009029928665663,0.679179927897888,25,30,10
19,4513,0.0009081117960670076,0.23981870037773997,0.08009018283434656,0.6791830049918448,25,30,10
19,4514,0.0009081117791635182,0.23981870037773986,0.08009018078325149,0.6791830070598437,25,30,10
19,4515,0.0004450971367971833,0.23981870037554592,0.08008987326594273,0.6796463292217123,25,30,10
19,4516,0.00044516362832054056,0.2398187003755588,0.07996038831100645,0.6797757476851145,25,30,10
19,4517,0.0003870638453637168,0.2386609318417082,0.08117625664250286,0.6797757476704231,25,30,10
19,4518,0.00038914947758347037,0.23866093184226994,0.0811763245359958,0.6797735941441492,25,30,10
19,4519,0.000389150426063452,0.23866093184226947,0.08117632455174953,0.6797735931799158,25,30,10
19,4520,0.0003861018745738812,0.23866093184226933,0.08117632611353401,0.6797766401696209,25,30,10
19,4521,0.00035091907903892714,0.23866093791432408,0.08111629887541227,0.6798718441312244,25,30,10
19,4522,0.00034493584799580356,0.2386609258305805,0.08112229417700932,0.6798718441444117,25,30,10
19,4523,0.00034593200335934266,0.2386609258306074,0.08112229656264491,0.6798708456033854,25,30,10
19,4524,0.00034884096570377297,0.23866092583058973,0.08112240913322535,0.6798678240704787,25,30,10
19,4525,0.00034591300293986086,0.23866092583059925,0.08112240981175022,0.6798707513547082,25,30,10
19,4526,0.00034989069026822496,0.23866092583062443,0.08112229820420193,0.6798668852749029,25,30,10
19,4527,0.00034976858103514917,0.238683459199726,0.08109988694437568,0.679866885274861,25,30,10
19,4528,0.0003461251273188546,0.23868345919969347,0.08109988611415689,0.6798705295588288,25,30,10
19,4529,0.00034908560398163436,0.2386834591998084,0.08110000812705133,0.6798674470691565,25,30,10
19,4530,0.00035310227661649213,0.23868345919987072,0.08110349768040108,0.6798599408431096,25,30,10
19,4531,0.00035524174672342106,0.23868345920038056,0.08110349745520723,0.6798578015976869,25,30,10
19,4532,0.000356169059362461,0.2386834592004062,0.08110350106513417,0.6798568706750956,25,30,10
19,4533,0.0003559575806957571,0.23868345920040443,0.08119576055916018,0.6797648226597381,25,30,10
19,4534,0.00035601053834782577,0.2386835651149401,0.08119560168684874,0.6797648226598625,25,30,10
19,4535,0.0003539614031662405,0.23868356511501157,0.08119560686976655,0.6797668666120543,25,30,10
19,4536,0.00034694477927129134,0.23868356511399544,0.08119407448407973,0.6797754156226524,25,30,10
19,4537,0.0003500644481197443,0.23868356511397837,0.08119415582077764,0.6797722146171232,25,30,10
19,4538,0.00034792397027828966,0.23868356511345915,0.0811941558950426,0.679774355021219,25,30,10
19,4539,0.0003478545637185918,0.23868363803937517,0.08119415237581086,0.6797743550210942,25,30,10
19,4540,0.00034661820964543386,0.23868363803931072,0.08119399657233528,0.6797757471787074,25,30,10
19,4541,0.0003436959292640427,0.23868363803931186,0.08119399544598363,0.6797786705854394,25,30,10
19,4542,0.00034395663148441546,0.23868298403625662,0.08119438874660924,0.6797786705856487,25,30,10
19,4543,0.00034395953389791337,0.23868298403631014,0.08119439269717826,0.6797786637326126,25,30,10
19,4544,0.00044246832242179207,0.2386929916991421,0.0811811099149881,0.6796834300634472,25,30,10
19,4545,0.00044842142994788384,0.2386873541477625,0.08118079421088961,0.6796834302113994,25,30,10
19,4546,0.00044956081045836226,0.2386873541476837,0.08118078854952165,0.6796822964923357,25,30,10
19,4547,0.0004464439128696278,0.2386873541476835,0.08118078803214777,0.6796854139072984,25,30,10
19,4548,0.000453364311119002,0.23868735414770992,0.08118079092019831,0.6796784906209723,25,30,10
19,4549,0.0004465156681853244,0.23868735414772874,0.08118078988965509,0.6796853402944304,25,30,10
19,4550,0.0004494609310627389,0.23866161026624805,0.08120358850579898,0.6796853402968897,25,30,10
19,4551,0.0004494618522214794,0.23866161026624785,0.08120358689836,0.6796853409831699,25,30,10
19,4552,0.00044939220336083887,0.2386616102662379,0.08120347025116205,0.6796855272792389,25,30,10
19,4553,0.00044960323567388245,0.2386616102662842,0.08120348483381518,0.6796853016642266,25,30,10
19,4554,0.00044348025206512024,0.2386616102656404,0.08119992330085178,0.6796949861814422,25,30,10
19,4555,0.0004404822877425523,0.23868740387772566,0.0811771276555093,0.679694986179022,25,30,10
19,4556,0.0004464725368768823,0.23868740387769852,0.081177125671573,0.679688997913851,25,30,10
19,4557,0.00044939929646977344,0.23868740387768883,0.08117716517558585,0.6796860316502551,25,30,10
19,4558,0.0006836209627814256,0.23868740387779577,0.08117718419373243,0.67945179096569,25,30,10
19,4559,0.000679712425708076,0.23868740387775214,0.08117717862556266,0.6794557050709767,25,30,10
19,4560,0.0006818709577652861,0.23872609665382288,0.08113632732564456,0.6794557050627672,25,30,10
19,4561,0.000675881342657584,0.23873166777120777,0.08113674582336118,0.6794557050627738,25,30,10
19,4562,0.0006798023476930441,0.2387316677712688,0.08113675299109772,0.6794517768899407,25,30,10
19,4563,0.000681819009194104,0.23873166777124286,0.08113683258916629,0.6794496806303967,25,30,10
19,4564,0.0006847787004352282,0.23872909150147759,0.08113644916284363,0.6794496806352435,25,30,10
19,4565,0.0006838707456385609,0.23872909150138316,0.08113635924669299,0.6794506785062854,25,30,10
19,4566,0.0006809957242872699,0.23872909150140972,0.08113627871846114,0.6794536340558419,25,30,10
19,4567,0.0006810133256709274,0.2387290836373762,0.08113626898578602,0.679453634051167,25,30,10
19,4568,0.000683941481982197,0.23872908363734358,0.08113626713292016,0.6794507077477541,25,30,10
19,4569,0.0006838891196394596,0.2399669661614826,0.0798984369712109,0.6794507077476674,25,30,10
19,4570,0.0006868851535540036,0.23996397983696238,0.07989842726181716,0.6794507077476668,25,30,10
19,4571,0.0006888845242652242,0.23996397983689963,0.0798984242746945,0.6794487113641405,25,30,10
19,4572,0.0005674303597450233,0.23995396890362652,0.07747415576842089,0.6820044449682087,25,30,10
19,4573,0.0005685554240196251,0.23934313194395376,0.07808386780295534,0.6820044448290716,25,30,10
19,4574,0.000558306368896319,0.2399631651362686,0.0774740836746606,0.6820044448201749,25,30,10
19,4575,0.0005603359443937753,0.23935179641204096,0.07808342281353167,0.6820044448300336,25,30,10
19,4576,0.0014724092065285287,0.23931292637671123,0.07721021848021781,0.682004445936544,25,30,10
19,4577,0.0014876670985597494,0.23929732553687327,0.07721055298978964,0.6820044543747789,25,30,10
19,4578,0.0021953498249252606,0.23929732554364552,0.07721338048792238,0.6812939441435084,25,30,10
19,4579,0.002199271287971277,0.23929732554368624,0.0772133833661124,0.6812900198022315,25,30,10
19,4580,0.0012888173930102817,0.23929750992648377,0.07812365330556807,0.6812900193749398,25,30,10
19,4581,0.0005841297487935556,0.2392975099197201,0.07812082644089123,0.6819975338905969,25,30,10
19,4582,0.0005811857444023459,0.23929750991971996,0.07812082597002334,0.6820004783658562,25,30,10
19,4583,0.000601281319777752,0.23927739544267543,0.07812084484745982,0.6820004783900886,25,30,10
19,4584,0.0005973040550592154,0.23927739544262283,0.07812083774672765,0.6820044627555916,25,30,10
19,4585,0.0005800304101093761,0.2392946166185548,0.0781208986493127,0.6820044543220246,25,30,10
19,4586,0.0006147256086109511,0.239310112145838,0.07807070804425488,0.6820044542012975,25,30,10
19,4587,0.0006150066192918259,0.23931011214584935,0.07807066752305343,0.6820042137118065,25,30,10
19,4588,0.0006173201578843819,0.23930818386642344,0.07807028226847307,0.6820042137072204,25,30,10
19,4589,0.0006104178797458272,0.23930818386639757,0.07807028064310483,0.6820111176107528,25,30,10
19,4590,0.0006104702295440896,0.23930818386640637,0.07807028059015507,0.6820110653138955,25,30,10
19,4591,0.0006091708330735241,0.23930818386647482,0.07807024539461425,0.6820123999058384,25,30,10
19,4592,0.0006121818062067139,0.2393081838664839,0.07807024602331909,0.6820093883039917,25,30,10
19,4593,0.0005757659999059605,0.239292331726313,0.07812251453794397,0.6820093877358384,25,30,10
19,4594,0.0005786354875777803,0.23929233172626774,0.07812251124843557,0.6820065215377202,25,30,10
19,4595,0.0005816854339341896,0.23928943009220496,0.07812236292637707,0.6820065215474846,25,30,10
19,4596,0.000578618928580081,0.23929290171994672,0.07812195781379729,0.6820065215376769,25,30,10
19,4597,0.0005756210515785725,0.2392929017199382,0.0781219556307976,0.6820095215976868,25,30,10
19,4598,0.000576638728835127,0.2392929017198587,0.07812198823247404,0.6820084713188332,25,30,10
19,4599,0.0005835830064391969,0.2392929017198854,0.07812199064534979,0.6820015246283266,25,30,10
19,4600,0.0005916998839345263,0.23929290172146572,0.07812202817198317,0.6819933702226174,25,30,10
19,4601,0.0005998086975084233,0.23868543376618345,0.07872138716543176,0.6819933703708783,25,30,10
19,4602,0.0005999290958084432,0.23868543376620122,0.07872138795950315,0.6819932491784891,25,30,10
19,4603,0.0005997199759290421,0.23866324690124227,0.07874378394459348,0.6819932491782369,25,30,10
19,4604,0.0005976553364968007,0.23751591242394743,0.07989318306095512,0.6819932491786024,25,30,10
19,4605,0.0005985845994069213,0.23751591242398248,0.07989318604054088,0.6819923169360713,25,30,10
19,4606,0.0006005262719598511,0.23868577683012934,0.07872137996224873,0.6819923169356636,25,30,10
19,4607,0.0005985115579231606,0.23868577683016512,0.0787213443069159,0.6819943673049973,25,30,10
19,4608,0.0005955682579482967,0.2386857768301654,0.07872134425296613,0.6819973106589217,25,30,10
19,4609,0.0005955502066478177,0.2386857992896122,0.07872133983993286,0.6819973106638082,25,30,10
19,4610,0.0005914800135673464,0.23868579928956746,0.07872133606292767,0.6820013846339389,25,30,10
19,4611,0.0006612732023233246,0.23868579929324402,0.07872158978983122,0.6819313377146027,25,30,10
19,4612,0.0006633046175513086,0.2386857992932182,0.07872158746865178,0.6819293086205798,25,30,10
19,4613,0.0006663204025092812,0.2386857992932544,0.07872159212889138,0.6819262881753461,25,30,10
19,4614,0.000669249196283954,0.23868579929323797,0.07872159177037134,0.6819233597401079,25,30,10
19,4615,0.000656492462405619,0.2380887846717406,0.07933136313873089,0.6819233597271235,25,30,10
19,4616,0.0006535479419631372,0.23808878467174033,0.07933132579488995,0.6819263415914072,25,30,10
19,4617,0.0006575779706938775,0.2380887846717582,0.07933132777414074,0.6819223095834077,25,30,10
19,4618,0.000657700091133796,0.23808878467175024,0.079332950568769,0.6819205646683474,25,30,10
19,4619,0.0006548086309658492,0.2387015619398959,0.07872306477052944,0.6819205646586093,25,30,10
19,4620,0.0006526894790753434,0.2387015619399487,0.07863080690585658,0.6820149416751193,25,30,10
19,4621,0.0008880710782010248,0.23870156194257258,0.07863102651101399,0.6817793404682122,25,30,10
19,4622,0.0011223468285820478,0.23870156194476133,0.07863132997554273,0.6815447612511134,25,30,10
19,4623,0.0011223634101326437,0.23870152553777135,0.07863134980093894,0.6815447612511568,25,30,10
19,4624,0.0008890345831374974,0.2387015255351129,0.07863112803615648,0.6817783118455928,25,30,10
19,4625,0.0008860722262590617,0.23926611283488605,0.078069503080094,0.681778311858762,25,30,10
19,4626,0.0008789918080557618,0.2392661128348664,0.07806950064553027,0.6817853947115486,25,30,10
19,4627,0.0008799186666671372,0.23926611283485477,0.07806952102214701,0.6817844474763323,25,30,10
19,4628,0.0008737528690584085,0.23987201266792776,0.07746978711326244,0.6817844473497524,25,30,10
19,4629,0.0008737698815218772,0.23987201266793692,0.07746978782693942,0.6817844296236028,25,30,10
19,4630,0.0008717380806026212,0.23987201266795385,0.07746979051996342,0.6817864587314811,25,30,10
19,4631,0.0008708092364728534,0.2398720126679277,0.07746978708296293,0.6817873910126374,25,30,10
19,4632,0.0010372760139734523,0.2398720126664409,0.07746972117427445,0.6816209901453124,25,30,10
19,4633,0.001034138904615518,0.23987201266638689,0.07746971570911362,0.6816241327198849,25,30,10
19,4634,0.0010381171168080587,0.23986802315036432,0.07746972700813841,0.6816241327246894,25,30,10
19,4635,0.001034192058615475,0.23987195505986236,0.07746972016163721,0.6816241327198853,25,30,10
19,4636,0.0015012564169670011,0.23939695763443583,0.07747765279034372,0.6816241331582537,25,30,10
19,4637,0.0015022558326553929,0.23939596020897763,0.07747765081949433,0.6816241331388727,25,30,10
19,4638,0.0014992247796940317,0.23939596020900544,0.07747602952540684,0.6816287854858936,25,30,10
19,4639,0.0014992768479706359,0.2393959602090138,0.07747603029122378,0.6816287326517916,25,30,10
19,4640,0.0010322479075370863,0.23987094167850725,0.07746807819806689,0.6816287322158885,25,30,10
19,4641,0.0010211362644978606,0.2398709416769186,0.07746804259494337,0.6816398794636396,25,30,10
19,4642,0.0012603955102259482,0.23987093876942506,0.07968874684559714,0.6791799188747519,25,30,10
19,4643,0.0014968089499619087,0.23987093877462787,0.07968901590361345,0.6789432363717965,25,30,10
19,4644,0.0015047780551024203,0.23987093877469884,0.07968896648255012,0.6789353166876484,25,30,10
19,4645,0.0015077233486010238,0.23986704894413688,0.07968991101724159,0.6789353166900203,25,30,10
19,4646,0.0012712900782100517,0.23986704893893343,0.07968964368698335,0.6791720172958731,25,30,10
19,4647,0.0010988040894641966,0.23986704904737177,0.07995790177515835,0.6790762450880057,25,30,10
19,4648,0.0010989049549120283,0.2398670490473899,0.07995801667724767,0.6790760293204504,25,30,10
19,4649,0.0010998328727363775,0.23986704904741646,0.07995801888746533,0.679075099192382,25,30,10
19,4650,0.0010998846004236249,0.23986704904742498,0.07995801899630588,0.6790750473558452,25,30,10
19,4651,0.0011668279660421227,0.23986704904964196,0.0799582982630503,0.6790078247212654,25,30,10
19,4652,0.0011780811719854622,0.2398670490497329,0.07995830503173204,0.6789965647465493,25,30,10
19,4653,0.0011770646470593994,0.2398670490497864,0.07995831292651684,0.6789975733766371,25,30,10
19,4654,0.001179977226040512,0.2398670490497678,0.07995835022677514,0.6789946234974161,25,30,10
19,4655,0.0011838157371750848,0.2398670490498016,0.07995823726297104,0.6789908979500521,25,30,10
19,4656,0.0011838163096268533,0.23986704904980197,0.07996488211771974,0.6789842525228512,25,30,10
19,4657,0.001187729884376023,0.23986704905027129,0.07996494204688212,0.6789802790184706,25,30,10
19,4658,0.00119067323279268,0.23986704905027129,0.07996494075008496,0.6789773369668507,25,30,10
19,4659,0.0011916025107951912,0.23986611711397207,0.07996494340604271,0.6789773369691896,25,30,10
19,4660,0.0009542813331122359,0.2398661171118199,0.07996468007993883,0.6792149214751285,25,30,10
19,4661,0.0009544020914471133,0.23814909145930524,0.08168158497423436,0.6792149214750135,25,30,10
19,4662,0.0009514563573373841,0.23814909145930424,0.08168166209165763,0.6792177900917009,25,30,10
19,4663,0.0014155254496100867,0.23814909146154506,0.08168190915040785,0.6787534739384372,25,30,10
19,4664,0.0014736359014138583,0.23758450415994276,0.08218668428698271,0.6787551756516609,25,30,10
19,4665,0.0014765814030259336,0.2375845041599429,0.08218668435123615,0.6787522300857952,25,30,10
19,4666,0.0014775090133362116,0.23758450415996868,0.0821866851967883,0.6787513016299073,25,30,10
19,4667,0.0014772921715572604,0.23758450415996626,0.0821866847230725,0.6787515189454042,25,30,10
19,4668,0.001476363323310195,0.23758450415993967,0.08218668181165846,0.6787524507050918,25,30,10
19,4669,0.0014734225551548217,0.23715131187431368,0.08262281486776693,0.6787524507027645,25,30,10
19,4670,0.0014733685323621254,0.2371513118743226,0.08262277553385258,0.6787525440594626,25,30,10
19,4671,0.0014733195807657038,0.23711989308311648,0.08265424326892845,0.6787525440671895,25,30,10
19,4672,0.001473387198461369,0.23755596645670024,0.08221810227770357,0.6787525440671349,25,30,10
19,4673,0.0014065836202938142,0.23755596634417742,0.0822848770202796,0.6787525730152484,25,30,10
19,4674,0.001402801112754643,0.2375559663441168,0.08228487317353114,0.678756359369597,25,30,10
19,4675,0.001402800855568686,0.23755596634411696,0.08228487529668398,0.6787563575036297,25,30,10
19,4676,0.0013515833854022068,0.23755596649098204,0.08233776371061798,0.6787546864129952,25,30,10
19,4677,0.0013546106500711148,0.23755596649092758,0.08233772270996047,0.6787517001490384,25,30,10
19,4678,0.0013666298316892186,0.23754393543087104,0.08233773457602743,0.6787517001614094,25,30,10
19,4679,0.0013668376289487612,0.23754393543089922,0.082337737320625,0.6787514896195244,25,30,10
19,4680,0.0013558178459028313,0.23754393543081143,0.08233776978289092,0.6787624769403925,25,30,10
19,4681,0.001355766200482705,0.23754393543082034,0.08233776995293456,0.6787625284157602,25,30,10
19,4682,0.0013485650485006823,0.23816091637019973,0.08172799017670157,0.6787625284045957,25,30,10
19,4683,0.0013715846450793334,0.23816091637037926,0.08172788978008395,0.6787396092044554,25,30,10
19,4684,0.0013687302250796618,0.23985911442277263,0.08003254613548318,0.6787396092166627,25,30,10
19,4685,0.0013747933010428116,0.23985277870285615,0.08003281877459013,0.6787396092215096,25,30,10
19,4686,0.0013667677786319188,0.23984980762290264,0.08004381537951359,0.6787396092189492,25,30,10
19,4687,0.0013665398220965076,0.23987199235633422,0.0800218586220943,0.6787396091994734,25,30,10
19,4688,0.0013434663270614545,0.23987199235614587,0.08002184297060644,0.6787626983461845,25,30,10
19,4689,0.0013433794015559675,0.23987199235610945,0.08002184056869034,0.6787627876736427,25,30,10
19,4690,0.001344310579848707,0.23987199235617124,0.08002184555576317,0.6787618515082156,25,30,10
19,4691,0.0013433815710449022,0.23987199235613757,0.08002184458077723,0.6787627814920388,25,30,10
19,4692,0.0013465428539469766,0.23987199235720957,0.08001681896347,0.6787646458253718,25,30,10
19,4693,0.0013485577853287415,0.2398719923571749,0.08001681472923153,0.6787626351282632,25,30,10
19,4694,0.001115306199052362,0.23987199235454196,0.08001659956164463,0.678996101884759,25,30,10
19,4695,0.0011084597630829016,0.2398719923171589,0.08002181098612167,0.6789977369336357,25,30,10
19,4696,0.0008710497729999365,0.23987199231705117,0.08002170843128711,0.6792352494786611,25,30,10
19,4697,0.0008680538846530741,0.23987199231708636,0.08002171150157095,0.6792382422966888,25,30,10
19,4698,0.0008619913457848399,0.23988906486114991,0.08001070150142621,0.6792382422916375,25,30,10
19,4699,0.0008620605169900202,0.23988906486117667,0.08001070347854715,0.6792381711432846,25,30,10
19,4700,0.0008591000430592721,0.2398890648612223,0.0800107051158656,0.6792411299798513,25,30,10
19,4701,0.0008630765186152006,0.23988906486125725,0.08001070736645044,0.6792371512536753,25,30,10
19,4702,0.000860895935305176,0.23988906486022887,0.08000909333180654,0.6792409458726577,25,30,10
19,4703,0.0008579171470232386,0.23988906486022052,0.0800090932883273,0.6792439247044275,25,30,10
19,4704,0.0009286356683039365,0.23981815658211578,0.08000928274525806,0.6792439250043203,25,30,10
19,4705,0.0008617092123409485,0.23981815657990788,0.08000900413895044,0.6793111300687988,25,30,10
19,4706,0.0008556501185316457,0.23982447734915674,0.08000874246847932,0.6793111300638305,25,30,10
19,4707,0.0012594704100913874,0.23982447735222837,0.08462160311122398,0.6742944491264545,25,30,10
19,4708,0.0007981518154668497,0.23982447734997753,0.08462604521254011,0.6747513256220137,25,30,10
19,4709,0.0010286007348867645,0.23982447735002374,0.08462146493158976,0.6745254569834978,25,30,10
19,4710,0.0010296525138742023,0.23982447734995258,0.08462145620410289,0.674524413932069,25,30,10
19,4711,0.0010297051932309004,0.23982447734991788,0.08462151027574048,0.6745243071811096,25,30,10
19,4712,0.001029653731158588,0.23982507868054082,0.0846209604071514,0.674524307181148,25,30,10
19,4713,0.001027638638790814,0.23982507868058459,0.08462096389105893,0.6745263187895644,25,30,10
19,4714,0.001151081588021102,0.23982507868277098,0.08462121078469714,0.6744026289445095,25,30,10
19,4715,0.00114810409762931,0.239825078682798,0.08462129475910159,0.6744055224604698,25,30,10
19,4716,0.0011551457147658865,0.2398417649581059,0.08459756686707848,0.6744055224600484,25,30,10
19,4717,0.0011552022574148019,0.23984176495811674,0.0845975697963481,0.674405462988119,25,30,10
19,4718,0.0011613339985432145,0.2398417649581005,0.08459758099227202,0.674399320051083,25,30,10
19,4719,0.0011612807320603602,0.23984176495811751,0.0845975275489144,0.6743994267609064,25,30,10
19,4720,0.0009369589089418566,0.2398417649591077,0.08459744799734512,0.6746238281346041,25,30,10
19,4721,0.0009339467097132384,0.23984176495909837,0.0845974845084983,0.6746268038226888,25,30,10
19,4722,0.0009448419674226562,0.23984176495914183,0.08459740804556067,0.6746159850278736,25,30,10
19,4723,0.0009455930797042225,0.23984176495913986,0.08459740899436997,0.6746152329667845,25,30,10
19,4724,0.0009525495239278432,0.23984176495918347,0.08459741154453444,0.6746082739723525,25,30,10
19,4725,0.0009535672660575523,0.23982947310047723,0.0846086856385355,0.6746082739949277,25,30,10
19,4726,0.0009535107238302607,0.23982947310046637,0.08460868270903578,0.6746083334666656,25,30,10
19,4727,0.0009533757518764128,0.2398294209709217,0.08460886980810405,0.6746083334690958,25,30,10
19,4728,0.0009524768928050438,0.2398299390508149,0.08460925058469641,0.6746083334716814,25,30,10
19,4729,0.0009514610506280313,0.2398313589422147,0.08460884655808411,0.6746083334490709,25,30,10
19,4730,0.0009405831926274798,0.23983135894219829,0.08460884254603944,0.6746192153191326,25,30,10
19,4731,0.0009477827268199666,0.23983135894227176,0.0846088112835291,0.674612047047377,25,30,10
19,4732,0.0009468532220619769,0.23984315439230502,0.0845979453406382,0.6746120470449927,25,30,10
19,4733,0.0009417348389217973,0.23984315439242898,0.08459801025101914,0.6746171005176279,25,30,10
19,4734,0.0009417526349324843,0.23985046501815335,0.08459068183162816,0.6746171005152839,25,30,10
19,4735,0.0009427520530921985,0.23985046501798418,0.08459060155180541,0.6746161813771161,25,30,10
19,4736,0.0009387938112134849,0.23985046501796778,0.08459059989503492,0.674620141275782,25,30,10
19,4737,0.0009419824583473904,0.23985046501796878,0.08459060298579396,0.6746169495378881,25,30,10
19,4738,0.0009419474869148947,0.23985046501796792,0.08459071522374853,0.6746168722713668,25,30,10
19,4739,0.0009410702968753287,0.23985046501792415,0.08459071297130961,0.674617751713889,25,30,10
19,4740,0.0009410697471274396,0.23985007464847116,0.08459110389054832,0.674617751713851,25,30,10
19,4741,0.0005332711952268207,0.2398500746453731,0.07997821061188258,0.679638443547516,25,30,10
19,4742,0.0005333748563196659,0.23985007464541858,0.0799782154316848,0.6796383350665753,25,30,10
19,4743,0.0005313604667540753,0.2398500746454537,0.07997984229794286,0.6796387225898478,25,30,10
19,4744,0.0005343565661614229,0.2398500746454357,0.07997984116492772,0.6796357276234737,25,30,10
19,4745,0.0005334979163475861,0.23985007464540953,0.0799798395087537,0.6796365879294878,25,30,10
19,4746,0.000536443144103815,0.23985007464536406,0.07997983609998355,0.6796336461105473,25,30,10
19,4747,0.0005385807872254842,0.23985007464532085,0.07997991408459347,0.679631430482859,25,30,10
19,4748,0.0005422744156069042,0.23985007453586982,0.07997526524059446,0.6796323858079277,25,30,10
19,4749,0.0005391557652514083,0.23985007453586935,0.07997518207056833,0.67963558762831,25,30,10
19,4750,0.000539136915259754,0.2398505112605271,0.07997476420073671,0.6796355876234756,25,30,10
19,4751,0.0005422555472861238,0.23984776939171662,0.07997438744457998,0.6796355876164164,25,30,10
19,4752,0.0005391207776964142,0.23984776939172447,0.07997438453559214,0.6796387252949863,25,30,10
19,4753,0.00053917270954982,0.23984776939171584,0.07997438585880196,0.6796386720399319,25,30,10
19,4754,0.0005421851318344068,0.2398450184069995,0.0799741244163389,0.6796386720448269,25,30,10
19,4755,0.0005461092711913749,0.23984501840705208,0.07997412709056706,0.6796347452311892,25,30,10
19,4756,0.0005459524838556041,0.23984500030184053,0.07997430198332581,0.6796347452309778,25,30,10
19,4757,0.00042561317782177714,0.23984500029965353,0.07997563813420216,0.6797537483883223,25,30,10
19,4758,0.0004227217018556474,0.23984764919234786,0.07997588071752698,0.6797537483882694,25,30,10
19,4759,0.0004197383384744757,0.23981936077828184,0.08000715249748669,0.6797537483857569,25,30,10
19,4760,0.0004228558016574116,0.23981936077828217,0.08000715448757222,0.679750628932488,25,30,10
19,4761,0.00042595915820135415,0.2398475356088493,0.07997587630041637,0.6797506289325324,25,30,10
19,4762,0.0004289574358200666,0.23984753560886699,0.07997576069854122,0.679747746256771,25,30,10
19,4763,0.0004369849242837037,0.23983964054519313,0.0799756275757404,0.6797477469547819,25,30,10
19,4764,0.00036919552323417593,0.2399074926124656,0.07997556520928112,0.6797477466550176,25,30,10
19,4765,0.00037005449313823937,0.2399070020264581,0.07997519682550813,0.679747746654894,25,30,10
19,4766,0.00036593722835205774,0.23990700202641232,0.07997519241737398,0.6797518683278598,25,30,10
19,4767,0.00036593723489741173,0.23990700202641235,0.07997519241888867,0.6797518683197998,25,30,10
19,4768,0.00036297564891107,0.23990700202638748,0.0799751947357083,0.6797548275889916,25,30,10
19,4769,0.00036297566219771954,0.22149411128595198,0.09838808546285562,0.6797548275889929,25,30,10
19,4770,0.0005696159172135936,0.2214941112887305,0.10302103992588049,0.6749152328681742,25,30,10
19,4771,0.0010238289892840037,0.22149411128939728,0.10301956913048009,0.6744624905908373,25,30,10
19,4772,0.0008131592300552875,0.22149411128658372,0.09838823672585638,0.6793044927575028,25,30,10
19,4773,0.0008200463365842296,0.2214941112865655,0.09839483955265933,0.6792910028241889,25,30,10
19,4774,0.0008199249094633489,0.22149411128657423,0.09839483774323136,0.6792911260607291,25,30,10
19,4775,0.000821973605840476,0.22149411128655785,0.09839321493518774,0.6792907001724119,25,30,10
19,4776,0.000817993725583183,0.22149411128653074,0.0983866371984898,0.6793012577893943,25,30,10
19,4777,0.0008179786675124292,0.22149411128652183,0.0983866365373374,0.6793012735086263,25,30,10
19,4778,0.0008179616699713888,0.22149411128651308,0.09838501086061088,0.6793029161829027,25,30,10
19,4779,0.0008200471823622371,0.23990492175437347,0.07997211488006864,0.6793029161831942,25,30,10
19,4780,0.0008194326319211397,0.23990492175431188,0.07997532001537948,0.6793003255983868,25,30,10
19,4781,0.0008116948771762474,0.23990492175529493,0.07997531782184183,0.6793080655456863,25,30,10
19,4782,0.0008077697745201572,0.2399049217552508,0.07997531463419151,0.679311993836037,25,30,10
19,4783,0.0008079107181455027,0.23990477250408934,0.07997532293694892,0.6793119938408156,25,30,10
19,4784,0.0008079272812162286,0.23990457024946457,0.07997550863080133,0.6793119938385174,25,30,10
19,4785,0.000804786105812769,0.23990457024843803,0.079975506727826,0.6793151369179227,25,30,10
19,4786,0.0008077196119410262,0.2398793844629443,0.07999775900480906,0.6793151369203069,25,30,10
19,4787,0.0008047784643534358,0.23987938446294446,0.07999773109349095,0.6793181059792124,25,30,10
19,4788,0.0008018293907600959,0.2399043783400384,0.07997568628998483,0.6793181059792163,25,30,10
19,4789,0.0008047554422119388,0.23990437834000347,0.07997730596331028,0.679313560254474,25,30,10
19,4790,0.000807645192455681,0.23990437834000342,0.0799773072940009,0.6793106691735398,25,30,10
19,4791,0.0008005839885673563,0.23991143677461765,0.07997731006824478,0.6793106691685702,25,30,10
19,4792,0.0008005993664380417,0.23990369417061774,0.07998503729431858,0.6793106691686256,25,30,10
19,4793,0.0007975517151181239,0.23990369417061788,0.0799850393899872,0.6793137147242766,25,30,10
19,4794,0.0008014753222621979,0.2399036941706609,0.07998341928951665,0.6793114112175601,25,30,10
19,4795,0.0007953303270939301,0.23990369416958907,0.0799833749306723,0.6793176005726451,25,30,10
19,4796,0.0007924556203608788,0.23990369416959798,0.07998337555547227,0.6793204746545688,25,30,10
19,4797,0.000795365233970649,0.23990369416957044,0.07998337403536332,0.6793175665610954,25,30,10
19,4798,0.0007924393169956524,0.23990369416958887,0.07998349077284207,0.6793203757405731,25,30,10
19,4799,0.0007993453784819794,0.239893653695518,0.07998662516860734,0.6793203757573926,25,30,10
19,4800,0.0007993966719423505,0.23989365369551813,0.07999132681906454,0.6793156228134761,25,30,10
19,4801,0.0009700368840189048,0.23989365369918983,0.0799924323265315,0.6791438770902605,25,30,10
19,4802,0.0009700195780675957,0.23989365369918045,0.07999243162831475,0.6791438950944378,25,30,10
19,4803,0.0009751771094260301,0.23989365370026172,0.07999246051849447,0.6791387086718185,25,30,10
19,4804,0.0009752987409846519,0.23989365370028876,0.07999473887189339,0.6791363086868338,25,30,10
19,4805,0.0009792910113735163,0.23990051635168824,0.07998388395737827,0.6791363086795595,25,30,10
19,4806,0.0009741873262867994,0.23990051635059856,0.07998385295257796,0.6791414433705363,25,30,10
19,4807,0.0009742584831076227,0.23990051635059875,0.07998157407514749,0.6791436510911457,25,30,10
19,4808,0.000966410456175976,0.23990798409975947,0.07998195436243943,0.6791436510816247,25,30,10
19,4809,0.0009664334364998905,0.23990798409973327,0.07998206535661138,0.6791435171071554,25,30,10
19,4810,0.0009672212863100038,0.23990798409974062,0.07998206941543341,0.6791427251985159,25,30,10
19,4811,0.0009632982610274891,0.23990798409969824,0.07998206633335209,0.6791466513059222,25,30,10
19,4812,0.0009662405945066087,0.239905432253178,0.07998167584648544,0.6791466513058299,25,30,10
19,4813,0.0009662418361648028,0.23990543637726985,0.07998167048299018,0.6791466513035752,25,30,10
19,4814,0.001181074399017479,0.2399057442474217,0.075027330595121,0.6838858507584409,25,30,10
19,4815,0.0011811457768607682,0.23990574424794883,0.07502263195745906,0.6838904780177323,25,30,10
19,4816,0.0011781630608156612,0.23990118566813037,0.07503017325317797,0.6838904780178768,25,30,10
19,4817,0.0011781619108631716,0.23990118566812174,0.07503168228667433,0.6838889701343415,25,30,10
19,4818,0.0011781618670359398,0.2399011856681217,0.07503168176690705,0.6838889706979362,25,30,10
19,4819,0.0007209498795327107,0.23990118566747243,0.07503152949858041,0.6843463349544152,25,30,10
19,4820,0.0007240809954387437,0.23992109169189121,0.07500852197230853,0.684346305340363,25,30,10
19,4821,0.0007250108650867539,0.2399210916919336,0.07500852351662131,0.6843453739263597,25,30,10
19,4822,0.000725168298214486,0.23992109169195985,0.07500855421845656,0.6843451857913704,25,30,10
19,4823,0.0007231551767509924,0.23992109169202105,0.07501018431726231,0.6843455688139671,25,30,10
19,4824,0.0007267359781386807,0.23930769462110824,0.07562000057798873,0.6843455688227665,25,30,10
19,4825,0.0007247221412152995,0.23930769462114282,0.0756266077768667,0.6843409754607773,25,30,10
19,4826,0.0007246845424681482,0.23930769462113452,0.07562660864005084,0.6843410121963481,25,30,10
19,4827,0.0007276654912227539,0.23930769462114315,0.07562660778629535,0.6843380321013405,25,30,10
19,4828,0.0007246163165676935,0.23930769462114312,0.07562660631087462,0.6843410827514166,25,30,10
19,4829,0.0005538378615226763,0.23930769461744375,0.0756256131982585,0.6845128543227769,25,30,10
19,4830,0.0005538365808324592,0.23930769461743484,0.07561900883372967,0.6845194599680048,25,30,10
19,4831,0.00034115477523782715,0.239313674637381,0.07884644881094738,0.6814987217764351,25,30,10
19,4832,0.0003420987001455729,0.2393136746374076,0.0788464542690033,0.681497772393445,25,30,10
19,4833,0.0003450259701356155,0.23931367463739808,0.07884482805689488,0.6814964713355727,25,30,10
19,4834,0.0003449680774033251,0.23931367463740538,0.07884471218876571,0.6814966450964269,25,30,10
19,4835,0.00034391638777659826,0.23931367463751205,0.0788447189530897,0.6814976900216226,25,30,10
19,4836,0.00035174572733684005,0.23931367463704592,0.07884472279482714,0.6814898568407909,25,30,10
19,4837,0.0005860962573045939,0.239313674639137,0.07884490114734778,0.6812553279562114,25,30,10
19,4838,0.0005751826397502848,0.23931367463906705,0.07884492443952493,0.6812662182816586,25,30,10
19,4839,0.0005749887873926919,0.23931367463905784,0.07884489653424048,0.6812664400393096,25,30,10
19,4840,0.0008113514172645247,0.23931367464277117,0.07884507830696987,0.6810298956329952,25,30,10
19,4841,0.0008114190277393779,0.2393135518055464,0.07884513353385056,0.681029895632864,25,30,10
19,4842,0.025737500683988505,0.23931460432601775,0.0556364752582004,0.6793114197317937,25,30,10
19,4843,0.025734521002587076,0.23931460432603557,0.05563647604680989,0.6793143986245677,25,30,10
19,4844,0.025734518393819364,0.23931460432600063,0.05563484883325349,0.6793160284469263,25,30,10
19,4845,0.025802178866028962,0.2393146043291788,0.05563508360717567,0.6792481331976167,25,30,10
19,4846,0.025805228292682038,0.23931460432916096,0.055635083872242704,0.6792450835059145,25,30,10
19,4847,0.02580112396616144,0.23931875657419496,0.05563503664217791,0.6792450828174661,25,30,10
19,4848,0.025797611089843388,0.2399315361694385,0.05502576992482529,0.6792450828158932,25,30,10
19,4849,0.025798528221133012,0.2399377874289307,0.05501860152950707,0.6792450828204295,25,30,10
19,4850,0.02579572833211305,0.23993778742899954,0.05501868253934219,0.6792478016995455,25,30,10
19,4851,0.02555971385158194,0.23993778742684824,0.055018500320378756,0.6794839984011912,25,30,10
19,4852,0.025554354886057097,0.2399178816214282,0.05504376590212863,0.6794839975903878,25,30,10
19,4853,0.025787671953926318,0.2399178816245756,0.05504397879812715,0.6792504676233726,25,30,10
19,4854,0.025790618042555526,0.23991788162457672,0.05504412257493084,0.6792473777579385,25,30,10
19,4855,0.025722852260008488,0.23991788162138086,0.05504388954158048,0.6793153765770318,25,30,10
19,4856,0.02573078119574715,0.23991788162090188,0.05504395182899859,0.679307385354354,25,30,10
19,4857,0.02596348939338725,0.23968548431685555,0.05504364092068216,0.6793073853690765,25,30,10
19,4858,0.025963293907893273,0.23968548431677825,0.055043559786190056,0.67930766198914,25,30,10
19,4859,0.025966292822656965,0.23968548431676076,0.05504356051808053,0.6793046623425033,25,30,10
19,4860,0.025966171645250218,0.23968548431676992,0.05504356107878123,0.6793047829592002,25,30,10
19,4861,0.025970215372703324,0.23968548431679587,0.055043602502145704,0.6793006978083566,25,30,10
19,4862,0.026011874980663076,0.2396854872604761,0.05500109556601936,0.6793015421928429,25,30,10
19,4863,0.026013907099070838,0.2396854872604684,0.05509043994686546,0.679210165693597,25,30,10
19,4864,0.026013907142756372,0.23968548726046812,0.05509044143755876,0.6792101641592183,25,30,10
19,4865,0.025780268265626474,0.2399193742990529,0.055090193295506254,0.679210164139816,25,30,10
19,4866,0.025773279036887267,0.2399193742990262,0.05509014990418645,0.6792171967599017,25,30,10
19,4867,0.025782403622397677,0.23991937429910842,0.055090155255102566,0.6792080668233929,25,30,10
19,4868,0.025546181039067205,0.23991937429541366,0.05509002658244411,0.6794444180830764,25,30,10
19,4869,0.02554395456984218,0.23992160653966052,0.0550900208124936,0.679444418078004,25,30,10
19,4870,0.024915534162097665,0.23991427786159467,0.055725751650261335,0.6794444363260466,25,30,10
19,4871,0.024912537053205796,0.23991427786161254,0.055725791628345504,0.6794473934568362,25,30,10
19,4872,0.02491346628635056,0.2399133488674729,0.05572579138224132,0.6794473934639355,25,30,10
19,4873,0.02491548328312694,0.23991334886744692,0.055725788496641726,0.6794453793527847,25,30,10
19,4874,0.024919462469114594,0.23990951985229342,0.05572563832822957,0.6794453793503626,25,30,10
19,4875,0.024919341821204623,0.2399095198522759,0.056098597954582906,0.679072540371937,25,30,10
19,4876,0.024915416848563555,0.23991305498713017,0.05609898780193532,0.6790725403623711,25,30,10
19,4877,0.02491340083173962,0.23991305498716503,0.05609899078804606,0.6790745533930495,25,30,10
19,4878,0.024917261842021844,0.23989851397215464,0.05610967078809214,0.6790745533977309,25,30,10
19,4879,0.02491824308420933,0.23989851397219839,0.056109713937030375,0.6790735290065614,25,30,10
19,4880,0.024917314771698534,0.23989851397216427,0.0561096730169063,0.6790744982392305,25,30,10
19,4881,0.025153416608667607,0.23989851397480438,0.056109814009533965,0.6788382554069936,25,30,10
19,4882,0.025156413889472776,0.23989851397481268,0.05573689595748034,0.6792081761782337,25,30,10
19,4883,0.02516040802860199,0.2398949073573805,0.055736508430852594,0.6792081761831645,25,30,10
19,4884,0.02516737923819969,0.23989490735742383,0.05573651384160601,0.6792011995627704,25,30,10
19,4885,0.025167117078288254,0.23989490735740415,0.05573651236819144,0.6792014631961162,25,30,10
19,4886,0.025164173321678484,0.23989490735740446,0.05573639655352811,0.679204522767389,25,30,10
19,4887,0.025133680521790012,0.2398949104296239,0.055766030509869315,0.6792053785387175,25,30,10
19,4888,0.025133731172942885,0.23989491042961514,0.05576603086589985,0.6792053275315426,25,30,10
19,4889,0.025131700112046577,0.2398949104296407,0.055766032561601085,0.6792073568967117,25,30,10
19,4890,0.02515021283328249,0.23985523615970894,0.05578719410698172,0.6792073569000272,25,30,10
19,4891,0.025149265623967555,0.2398552361596662,0.055789470598154305,0.6792060276182121,25,30,10
19,4892,0.025151333533804516,0.23985523615962273,0.05578946746389564,0.6792039628426771,25,30,10
19,4893,0.025148215832925133,0.23985874737700416,0.055789073947475336,0.6792039628425948,25,30,10
19,4894,0.025139091880663402,0.23985874737692237,0.05578906666167055,0.6792130940807435,25,30,10
19,4895,0.02513624105458857,0.23985874737694984,0.05578906620847927,0.679215945359982,25,30,10
19,4896,0.025135312146046914,0.23985874737692406,0.055789060757165033,0.6792168797198636,25,30,10
19,4897,0.024891124322058988,0.23985874737425622,0.055788825643108594,0.6794613026605762,25,30,10
19,4898,0.024884222685074037,0.23985874737425722,0.05578896750215535,0.6794680624385135,25,30,10
19,4899,0.024883295046280306,0.2381416948223308,0.05750694769725551,0.679468062434134,25,30,10
19,4900,0.025117568340903507,0.23814169482454633,0.057507137362715344,0.679233599471835,25,30,10
19,4901,0.025101071969855792,0.23644900355603102,0.05921632501034744,0.6792335994637659,25,30,10
19,4902,0.025104207655385014,0.23816345715060794,0.057498735730413336,0.6792335994635939,25,30,10
19,4903,0.025104259658920682,0.23816345715062529,0.057498735903551056,0.679233547286903,25,30,10
19,4904,0.02510426149804418,0.238163457150625,0.05749877839952009,0.6792335029518108,25,30,10
19,4905,0.025102055445866446,0.23816565083789176,0.057498790755032635,0.6792335029612093,25,30,10
19,4906,0.02510804558896845,0.23816565083789107,0.05750041372098078,0.6792258898521601,25,30,10
19,4907,0.025112004740102892,0.2381656508379082,0.05741577062956295,0.679306573792426,25,30,10
19,4908,0.025114034845159897,0.23816401964243716,0.05741537172469962,0.6793065737877035,25,30,10
19,4909,0.02510502229617338,0.2392499476070836,0.0563401551356933,0.679304874961051,25,30,10
19,4910,0.024870747765962445,0.23924994760486784,0.05633988300614447,0.6795394216230265,25,30,10
19,4911,0.024870584511500534,0.23924994760484247,0.056339884647733006,0.6795395832359253,25,30,10
19,4912,0.02486772718957135,0.23924994760488752,0.05633996998157982,0.6795423552239624,25,30,10
19,4913,0.02486772122060954,0.23923841729339437,0.05635150625948857,0.6795423552265085,25,30,10
19,4914,0.02486472482528397,0.2392414175870936,0.05635150236587745,0.6795423552217459,25,30,10
19,4915,0.02486768789763332,0.2392414175871015,0.05634922146833952,0.6795416730469261,25,30,10
19,4916,0.02487066075702855,0.23924141758711,0.056351498888862775,0.679536422766999,25,30,10
19,4917,0.024870623434246862,0.23924141758710157,0.05635149978165524,0.6795364591969968,25,30,10
19,4918,0.024870678760947635,0.23920989401572093,0.05638296802390299,0.6795364591994287,25,30,10
19,4919,0.0194544288127789,0.23920991124290938,0.06179923353451799,0.6795364264097945,25,30,10
19,4920,0.019460404115815556,0.2392099112429182,0.061799231147525,0.6795304534937421,25,30,10
19,4921,0.01946037285752504,0.23920991124291016,0.06189141894452376,0.6794382969550417,25,30,10
19,4922,0.01946484031801788,0.23920991124294827,0.06189093261839742,0.679434315820637,25,30,10
19,4923,0.019927045952409447,0.23920991124757332,0.06189122913304322,0.6789718136669743,25,30,10
19,4924,0.01945795475541211,0.23920991124294108,0.061889306780812045,0.6794428272208352,25,30,10
19,4925,0.01946088188527125,0.23920991124293134,0.06189591167315623,0.6794332951986415,25,30,10
19,4926,0.01922759999539845,0.239209911240282,0.061895687500210926,0.6796668012641089,25,30,10
19,4927,0.01922160654899131,0.23923829250990228,0.06187329967950519,0.6796668012616016,25,30,10
19,4928,0.019214703658033065,0.2392382925098757,0.06186871201096534,0.6796782918211258,25,30,10
19,4929,0.019214811311912505,0.23923829250989354,0.061868827717784784,0.6796780684604089,25,30,10
19,4930,0.01921866579500957,0.23923483260539713,0.06186843313454581,0.6796780684650469,25,30,10
19,4931,0.019214812504459392,0.2392162854515236,0.06189083358364763,0.6796780684603686,25,30,10
19,4932,0.019670912087686784,0.2392162854536914,0.061891100067236755,0.6792217023913844,25,30,10
19,4933,0.019671822520817894,0.23921628545369983,0.061891101654343236,0.6792207903711385,25,30,10
19,4934,0.01966881139965195,0.23921628546748358,0.062257541318560206,0.6788573618143038,25,30,10
19,4935,0.019671668728808857,0.23921628546743853,0.062257456690355234,0.6788545891133972,25,30,10
19,4936,0.019678589336549767,0.23921628546749146,0.062257460990372576,0.6788476642055862,25,30,10
19,4937,0.019678555802006944,0.23921628546749069,0.06225745934704485,0.6788476993834577,25,30,10
19,4938,0.01968153876948927,0.2392127517443474,0.06225801010278492,0.6788476993833785,25,30,10
19,4939,0.019684534972797797,0.23924067162257992,0.06222709402362707,0.6788476993809955,25,30,10
19,4940,0.019684518654697072,0.23924067162257032,0.0622269774760007,0.678847832246732,25,30,10
19,4941,0.019684501756333225,0.2392406716225348,0.062226830822826956,0.6788479957983055,25,30,10
19,4942,0.01968563948012656,0.2392406716087443,0.06185378851809291,0.6792199003930364,25,30,10
19,4943,0.019685761426250933,0.23924067160875317,0.06185378914043594,0.6792197778245601,25,30,10
19,4944,0.020282981210840413,0.23815508705745736,0.06234215421753013,0.6792197775141732,25,30,10
19,4945,0.020282996579785363,0.23815508705746674,0.06234215585270312,0.6792197605100457,25,30,10
19,4946,0.020282872356829663,0.23815508705744853,0.062342039133304335,0.6792200014524182,25,30,10
19,4947,0.020509452310599408,0.23815508705755753,0.062342391052578695,0.678993069579265,25,30,10
19,4948,0.020509452283894513,0.23815508705755634,0.062342391534341006,0.6789930691242086,25,30,10
19,4949,0.020511606678864838,0.2381550870575485,0.06234238857507729,0.6789909176885099,25,30,10
19,4950,0.020511451476938294,0.23815508705763647,0.062342396376703996,0.6789910650887218,25,30,10
19,4951,0.0205144477584458,0.23815508705764557,0.06234239650947086,0.6789880686744384,25,30,10
19,4952,0.020507527226461396,0.23815508705759336,0.062342392268389044,0.6789949934475572,25,30,10
19,4953,0.02050744143342038,0.2381550870575659,0.0623423922116002,0.6789950792974148,25,30,10
19,4954,0.02027388869882817,0.2381550870574135,0.062342039161293966,0.6792289850824658,25,30,10
19,4955,0.02027383522607562,0.2381550870574221,0.06234203989397437,0.6792290378225292,25,30,10
19,4956,0.020262902179766795,0.2381652790731167,0.06234278093172673,0.6792290378153907,25,30,10
19,4957,0.020263026318199602,0.23816527907312607,0.062342781699073944,0.6792289129096011,25,30,10
19,4958,0.020267003479508515,0.23816527907317853,0.06234278601505368,0.6792249314322603,25,30,10
19,4959,0.01968169608256167,0.23925493712351883,0.06183843634878569,0.6792249304451348,25,30,10
19,4960,0.019733502626039155,0.2381649356646311,0.06287663099836151,0.6792249307109693,25,30,10
19,4961,0.019793792170741027,0.23816493566778887,0.06287507108580023,0.6791662010756709,25,30,10
19,4962,0.01979778421868556,0.23816493566771757,0.06287506635496262,0.6791622137586353,25,30,10
19,4963,0.01979785822445522,0.23989466345655586,0.06114526455528934,0.6791622137637005,25,30,10
19,4964,0.019792863449788055,0.23989466345656474,0.06114526672696681,0.6791672063666812,25,30,10
19,4965,0.01979387942587658,0.23989466345662652,0.061145269864311326,0.6791661872531861,25,30,10
19,4966,0.019793909439985546,0.23989466345664404,0.06114512747066628,0.6791662996327041,25,30,10
19,4967,0.03942283700336249,0.23989467671297376,0.04151612460175645,0.6791663616819082,25,30,10
19,4968,0.03942481617369971,0.23989467671295434,0.041516120474359805,0.679164386638987,25,30,10
19,4969,0.03943173631622173,0.2398946767129803,0.0415161247346162,0.6791574622361827,25,30,10
19,4970,0.03943185683581188,0.2398946767129724,0.04151612507980215,0.6791573413714138,25,30,10
19,4971,0.03897973223529595,0.2398946767108485,0.04151586344609994,0.679609727607756,25,30,10
19,4972,0.0389797316019126,0.23989467671084863,0.041515865465198684,0.6796097262220401,25,30,10
19,4973,0.03898066088602957,0.2398946767108838,0.041515867921857595,0.6796087944812291,25,30,10
19,4974,0.03898066099992695,0.2398952219542121,0.04151532256455176,0.6796087944813094,25,30,10
19,4975,0.03897673744712791,0.23989522195416874,0.04151531802974756,0.679612722568956,25,30,10
19,4976,0.03897661361516493,0.23989522195415983,0.04151531733267805,0.6796128470979975,25,30,10
19,4977,0.038983775572611436,0.23989522195421323,0.04142305172071164,0.6796979507524645,25,30,10
19,4978,0.038980720588246434,0.23989881830222143,0.04142251036439586,0.679697950745137,25,30,10
19,4979,0.03897473104534797,0.23989881830221324,0.041422510563844474,0.679703940088595,25,30,10
19,4980,0.03898095599910969,0.23989881830218873,0.04142252326777322,0.679697702430929,25,30,10
19,4981,0.03898088923268945,0.2398988183021709,0.04142256294871236,0.6796977295164279,25,30,10
19,4982,0.03898181843421656,0.23989881830220564,0.0414225659514774,0.6796967973121013,25,30,10
19,4983,0.03898395593006661,0.23989881830226029,0.04142256722954108,0.6796946585381329,25,30,10
19,4984,0.03898109936801871,0.23989881830229665,0.041422570878846245,0.6796975114508393,25,30,10
19,4985,0.03898016980014621,0.23989881830226115,0.041422568480339574,0.679698443417254,25,30,10
19,4986,0.038978031977974295,0.23992298566885975,0.0414005389288097,0.6796984434243569,25,30,10
19,4987,0.040431401012425434,0.23992294346934342,0.03994727377977822,0.6796983817384529,25,30,10
19,4988,0.04043353742437708,0.23992294346929996,0.039947269718380585,0.6796962493879423,25,30,10
19,4989,0.040433661947302524,0.23992294346929133,0.03994735208282086,0.6796960425005852,25,30,10
19,4990,0.040426510672963586,0.23992294346928045,0.03994733435076778,0.679703211506988,25,30,10
19,4991,0.0035022166529453166,0.23993620034818808,0.07677301976702766,0.6797885632318389,25,30,10
19,4992,0.0035021097627953622,0.23993620034826055,0.07677293645928651,0.6797887534296575,25,30,10
19,4993,0.0035019883420510916,0.23993620034826918,0.07677305193081815,0.6797887593788616,25,30,10
19,4994,0.00356675710535004,0.2399362003513669,0.07677328280922265,0.6797237597340604,25,30,10
19,4995,0.0035668094636803665,0.2399362003514075,0.07677772457858117,0.6797192656063307,25,30,10
19,4996,0.0035697012984406357,0.23949797327342587,0.07721305982434262,0.6797192656037906,25,30,10
19,4997,0.0035676145699515592,0.23949797327338015,0.07721301936797202,0.6797213927886964,25,30,10
19,4998,0.003569614818731524,0.23949797327357242,0.07730535303516332,0.6796270588725328,25,30,10
19,4999,0.003570824063444857,0.23949797327350292,0.0773053495323666,0.6796258531306856,25,30,10
19,5000,0.0035798605962839196,0.23949797327357672,0.07730543909094295,0.6796167270391963,25,30,10
19,5001,0.0035746537552132475,0.23949797327359326,0.07730544034359661,0.6796219326275967,25,30,10
19,5002,0.0035746571380817303,0.2394979732735936,0.07730543924450829,0.6796219303438161,25,30,10
19,5003,0.0035717096667239445,0.23950147535498625,0.07730488463447348,0.6796219303438157,25,30,10
19,5004,0.003574666352813743,0.23950147535499547,0.07730488530842337,0.6796189729837668,25,30,10
19,5005,0.00357442045624782,0.23950147535495883,0.07730488469249709,0.6796192194962956,25,30,10
19,5006,0.0006553873337094496,0.23948822467995756,0.08032252033766137,0.6795338676486713,25,30,10
19,5007,0.0006463517149280567,0.2394882246798838,0.08032243210684145,0.6795429914983463,25,30,10
19,5008,0.000644424549872762,0.23948822467982187,0.08032242611214578,0.6795449246581592,25,30,10
19,5009,0.0006442324022979243,0.23948822467983008,0.08032242364394879,0.679545119273923,25,30,10
19,5010,0.000643159922535365,0.23948929710760347,0.08032242368650194,0.6795451192833588,25,30,10
19,5011,0.0006462096669355724,0.2394860656174918,0.08032260542268617,0.679545119292886,25,30,10
19,5012,0.0006451920246729703,0.23948606561755323,0.08032249615463732,0.6795462462031356,25,30,10
19,5013,0.0006681646918324163,0.23948606561974584,0.0803226577513443,0.6795231119370773,25,30,10
19,5014,0.003227021988132778,0.23948605955199173,0.07767580560529033,0.6796111128545853,25,30,10
19,5015,0.003171330769573891,0.23948605378597454,0.07773150287512255,0.6796111125693313,25,30,10
19,5016,0.0032918217088193998,0.2394860537881175,0.07773180739910708,0.679490317103958,25,30,10
19,5017,0.0032240922822063937,0.23948605378495558,0.07773157541385109,0.679558278518989,25,30,10
19,5018,0.0032210963391310237,0.23948605378496401,0.07773157552226614,0.679561274353641,25,30,10
19,5019,0.0032222532986361636,0.23948525934906265,0.07773121300546507,0.6795612743468379,25,30,10
19,5020,0.0032272280317167824,0.23947255549399898,0.07773894212290253,0.6795612743513836,25,30,10
19,5021,0.0032292595509025835,0.239470533446842,0.07773893265559483,0.6795612743466619,25,30,10
19,5022,0.0032333263702812006,0.23947053344661554,0.07764662071162984,0.6796495194714746,25,30,10
19,5023,0.0032334511835731576,0.23947053344660724,0.07764662206827695,0.6796493933015435,25,30,10
19,5024,0.003237445160329563,0.23947053344664254,0.07764662539805271,0.6796453959949755,25,30,10
19,5025,0.0032405171926302716,0.23947053344663494,0.077646757570793,0.6796421917899421,25,30,10
19,5026,0.003217528236666246,0.2394705334444328,0.07764659382494622,0.6796653444939551,25,30,10
19,5027,0.0032144201691648496,0.2394705334444321,0.07764646206942075,0.6796685843169827,25,30,10
19,5028,0.0032144057522160633,0.23947053344443303,0.07764645853904016,0.6796686022643109,25,30,10
19,5029,0.003214475938564219,0.23947053344444286,0.07764646126644129,0.6796685293505516,25,30,10
19,5030,0.003207485447939592,0.23947053344441613,0.07764645733696501,0.6796755237706793,25,30,10
19,5031,0.0032104643166099554,0.23946715626668058,0.07764685564118133,0.6796755237755279,25,30,10
19,5032,0.003210431115805932,0.23946715626664036,0.07764241241707662,0.6796800002004767,25,30,10
19,5033,0.0032113593595775674,0.23946715626666648,0.07764251139353574,0.6796789729802198,25,30,10
19,5034,0.003213566259725407,0.2394671562666328,0.0776424134019053,0.679676864071736,25,30,10
19,5035,0.003210588000381532,0.23946715626661427,0.07764241202430643,0.6796798437086974,25,30,10
19,5036,0.00321041258318407,0.23946715626663115,0.07764241179306425,0.6796800193571202,25,30,10
19,5037,0.00320345582716071,0.2394671562665973,0.07764240843346647,0.6796869794727752,25,30,10
19,5038,0.003203524104394484,0.23946715626659743,0.07764249808495345,0.6796868215440541,25,30,10
19,5039,0.0032004583506393225,0.23946715626660556,0.07764249772702007,0.6796898876557349,25,30,10
19,5040,0.0032004576466105766,0.23946715626659834,0.07764249969055256,0.6796898863962383,25,30,10
19,5041,0.0032054552865808895,0.2394621504364974,0.07764250788548101,0.6796898863914405,25,30,10
19,5042,0.0032084329455146798,0.23946215043651567,0.07764251124727775,0.6796869053706915,25,30,10
19,5043,0.0005303776347568653,0.2394621502871156,0.08040680906259019,0.6796006630155372,25,30,10
19,5044,0.0005304478371064273,0.23946215028712514,0.08040680977877156,0.6796005920969964,25,30,10
19,5045,0.0005375111190091648,0.23946215028717716,0.08040682242816478,0.6795935161656486,25,30,10
19,5046,0.0005384532595916726,0.23946215028722048,0.08040682600405746,0.6795925704491297,25,30,10
19,5047,0.0006080166474914006,0.23946214985706457,0.0803372615905934,0.6795925719048512,25,30,10
19,5048,0.0006079996549250389,0.23946204113897665,0.08033738729890721,0.6795925719071918,25,30,10
19,5049,0.0006121445427000196,0.23946204113901476,0.08034400502020198,0.6795818092980841,25,30,10
19,5050,0.0006121117919520301,0.23946204113899633,0.0803440023436241,0.6795818447254283,25,30,10
19,5051,0.0004926195206092636,0.2394620411368892,0.08034381609670337,0.679701523245799,25,30,10
19,5052,0.0004886932320859216,0.21365150093013568,0.10615828259477306,0.6797015232430031,25,30,10
19,5053,0.0004886936531776248,0.2136515009301427,0.1061583964496894,0.679701408966988,25,30,10
19,5054,0.0004886231348937943,0.2136515009301332,0.10615839579157628,0.6797014801433943,25,30,10
19,5055,0.00048571472568854766,0.21365479961619813,0.10615800551952438,0.6797014801385864,25,30,10
19,5056,0.0004827376998935248,0.2136547996160919,0.10615788052553514,0.679704582158477,25,30,10
19,5057,0.000482672145693053,0.21242443135434524,0.10738831433108642,0.6797045821688731,25,30,10
19,5058,0.0004855462244023054,0.21242156529692552,0.10738830630962966,0.6797045821690404,25,30,10
19,5059,0.0004855282774542017,0.21242156529691594,0.10738830700478966,0.6797045994208382,25,30,10
19,5060,0.0004896241143954313,0.19524739449318004,0.12455838196588695,0.679704599426535,25,30,10
19,5061,0.0004895893399694822,0.19524739449318873,0.12456057131376298,0.6797024448530764,25,30,10
19,5062,0.000490465243210884,0.19524739449322362,0.12456057427038339,0.6797015659931799,25,30,10
19,5063,0.0004905246140016452,0.19524739449333084,0.12456058287754558,0.6797014980151195,25,30,10
19,5064,0.00048752763354742386,0.19568592793417028,0.12412504641729998,0.6797014980149803,25,30,10
19,5065,0.0005117437302644811,0.19568592793892406,0.12412984039221603,0.6796724879385933,25,30,10
19,5066,0.0005097289261356257,0.19568807537376703,0.12412970775916411,0.679672487940931,25,30,10
19,5067,0.0005135370652661207,0.19568807537379065,0.12412309638398378,0.6796752911769572,25,30,10
19,5068,0.0005125386440174979,0.19568807537373778,0.12412309263749004,0.6796762933447523,25,30,10
19,5069,0.0005085930639365045,0.19568807537368488,0.12412308289809201,0.6796802486642842,25,30,10
19,5070,0.0005155119564668368,0.19568807537371913,0.12412080645531455,0.6796756062144973,25,30,10
19,5071,0.0005076839537314666,0.19568807537365815,0.12412080237594933,0.6796834382966588,25,30,10
19,5072,0.0005037781777826078,0.1956880753736331,0.1241208000878848,0.6796873463606973,25,30,10
19,5073,0.0005067225036623176,0.1956880753736331,0.12412068422524088,0.6796845178974619,25,30,10
19,5074,0.0005067385708565877,0.19568805569591166,0.12412068783593734,0.6796845178972926,25,30,10
19,5075,0.0005066142293024442,0.1956880556959195,0.12412072586815899,0.6796846042066176,25,30,10
19,5076,0.0005097724823935227,0.1956880556970005,0.12412077585581122,0.6796813959647935,25,30,10
19,5077,0.0005180187992937527,0.22149427968788793,0.09830630554963472,0.6796813959631823,25,30,10
19,5078,0.00045720902907355425,0.22149427968471824,0.09830607530783579,0.6797424359783715,25,30,10
19,5079,0.00045415244310494584,0.22149427968460228,0.09830606589824706,0.6797455019740447,25,30,10
19,5080,0.00045805794378411444,0.22149056547996848,0.09830587460709488,0.6797455019691517,25,30,10
19,5081,0.0004519558808604358,0.2214905654799843,0.0983059334564761,0.679751545182678,25,30,10
19,5082,0.00045593589611484897,0.2214905654800112,0.0983059363911557,0.6797475622327173,25,30,10
19,5083,0.0004589490260959603,0.2214905654800204,0.09830593706048031,0.6797445484334024,25,30,10
19,5084,0.00045686541665709726,0.22149056548004623,0.09830593936860903,0.6797466297346867,25,30,10
19,5085,0.0004599693108975315,0.22149056548004573,0.09830594086216773,0.679743524346888,25,30,10
19,5086,0.00045691760277539355,0.22149056547901824,0.09830589380280086,0.6797466231154046,25,30,10
19,5087,0.00045993070103675203,0.22149056547902726,0.09830589451127503,0.6797436093086602,25,30,10
19,5088,0.0004598059378969475,0.22149056547902662,0.09830593217330756,0.6797436964097681,25,30,10
19,5089,0.0004375682984527604,0.22149056547435247,0.09830114436819404,0.679770721859,25,30,10
19,5090,0.00043961746895733423,0.22149056547429935,0.09830114052217985,0.6797686765345624,25,30,10
19,5091,0.0004432862420691441,0.221490914278764,0.09829888232422059,0.679766917154946,25,30,10
19,5092,0.00044034001807131945,0.22148612040389043,0.09830662242297807,0.6797669171550599,25,30,10
19,5093,0.00043830892783461154,0.22148612040391608,0.09830658481574468,0.6797689858525043,25,30,10
19,5094,0.0004412519711638197,0.22148612040391594,0.0983088617862175,0.6797637658387025,25,30,10
19,5095,0.00044025453690106566,0.22148612040388976,0.09830893818010521,0.6797646868791037,25,30,10
19,5096,0.00043811561695102986,0.22148612040393323,0.09830893833127742,0.679766825647838,25,30,10
19,5097,0.0004342675709482587,0.22148612040392732,0.09831053760714507,0.6797690744179793,25,30,10
19,5098,0.0004333555487094081,0.2214861204039015,0.09831053832269372,0.6797699857246953,25,30,10
19,5099,0.0004333567754025101,0.2214861204039021,0.09831053895614941,0.6797699838645467,25,30,10
19,5100,0.0004333749811688399,0.22148612040394686,0.09831065677718215,0.6797698478377028,25,30,10
19,5101,0.00043246263134353333,0.22148612040392085,0.09831057250542784,0.6797708444593085,25,30,10
19,5102,0.00043153339136516944,0.2214861204038861,0.09831056948701733,0.679771776717732,25,30,10
19,5103,0.0004294476003569732,0.22148612040390236,0.09831057164370954,0.6797738603520317,25,30,10
19,5104,0.0004181676766757406,0.22149685191284443,0.09831112005876523,0.679773860351715,25,30,10
19,5105,0.000417188919658698,0.2214968519128645,0.09831119680354959,0.6797747623639274,25,30,10
19,5106,0.0004172224325050314,0.22149618628819542,0.09831182890201622,0.6797747623772834,25,30,10
19,5107,0.0004141726742176426,0.2214961862882308,0.0983118284842256,0.6797778125533261,25,30,10
19,5108,0.0004162224110723441,0.22149618628823234,0.09831182766066472,0.6797757636400309,25,30,10
19,5109,0.00041720327105041003,0.22149557076828583,0.09831146231574633,0.6797757636449177,25,30,10
19,5110,0.00041721926013886035,0.2214955707682775,0.098311461675588,0.6797757482959959,25,30,10
19,5111,0.0004171840744282939,0.2214955707683479,0.09831374998544887,0.6797734951717751,25,30,10
19,5112,0.0004141867369522999,0.22149557076829438,0.09831363261533924,0.6797766098794145,25,30,10
19,5113,0.00041709536864141604,0.22149557076827564,0.09831367147858222,0.6797736623845012,25,30,10
19,5114,0.0004101912671018719,0.22149557076824938,0.09832027349501195,0.6797739644696386,25,30,10
19,5115,0.0006406620191213415,0.22149557076842855,0.09832032331696552,0.6795434438954865,25,30,10
19,5116,0.0006415771038237415,0.22150239622617918,0.09831258276752543,0.6795434439024725,25,30,10
19,5117,0.0006524746051951832,0.22150239622624948,0.09831258668227977,0.6795325424862763,25,30,10
19,5118,0.000654488719655721,0.22150239622621462,0.09831258573185062,0.6795305293222796,25,30,10
19,5119,0.0006554700002571959,0.22150065746837877,0.09831334320198376,0.6795305293293806,25,30,10
19,5120,0.0006555733459817756,0.22149381398305415,0.09832008335473694,0.6795305293162286,25,30,10
19,5121,0.0006444815943734536,0.23991314839579161,0.07991184071224856,0.6795305292975872,25,30,10
19,5122,0.000633707893977615,0.23991314839573089,0.07991183496389719,0.6795413087463951,25,30,10
19,5123,0.0006357229060909267,0.23991314839568656,0.07991175250928123,0.6795393761889421,25,30,10
19,5124,0.0006337108644737503,0.23991314839573025,0.07991177667397886,0.679541364065818,25,30,10
19,5125,0.000633625726188196,0.23992114872335896,0.0799038614824576,0.679541364067995,25,30,10
19,5126,0.000636659377101468,0.2399211487234041,0.07990397148926952,0.6795382204102246,25,30,10
19,5127,0.0006366067964380158,0.23992114872338688,0.07990397053155303,0.6795382739486218,25,30,10
19,5128,0.0005880351017129324,0.23992114868026398,0.07995254371880404,0.6795382724992202,25,30,10
19,5129,0.0005898209076473847,0.23992114868032466,0.07995254856722336,0.6795364818448055,25,30,10
19,5130,0.0005898106044804675,0.23992114868029557,0.07995094674152681,0.6795380939736981,25,30,10
19,5131,0.000588672237340727,0.23992114868038428,0.0799524940665482,0.6795376850157279,25,30,10
19,5132,0.0005895835916234245,0.23992114868040118,0.07994600786582166,0.6795432598621547,25,30,10
19,5133,0.0005896536699493779,0.23992114868042777,0.07994600881322615,0.6795431888363975,25,30,10
19,5134,0.0005917216006336835,0.2399211486803932,0.07994591831600116,0.6795412114029729,25,30,10
19,5135,0.0005916705342830693,0.2399208194987617,0.07994629856636087,0.6795412114005953,25,30,10
19,5136,0.0005918263835304188,0.23992081949871769,0.07994619103092059,0.6795411630868321,25,30,10
19,5137,0.0006059528572859223,0.23992081949973712,0.07994621698360742,0.6795270106593704,25,30,10
19,5138,0.0006089841428880525,0.2399208194997102,0.07994621602874011,0.6795239803286625,25,30,10
19,5139,0.0006101403820088798,0.23992081949973643,0.07994614220015675,0.6795228979180987,25,30,10
19,5140,0.000607074689086846,0.23992081949974486,0.07994614324694906,0.6795259625642202,25,30,10
19,5141,0.0006070808317143559,0.2399208194996473,0.07994385302182987,0.6795282466468094,25,30,10
19,5142,0.0006001255543790105,0.23992776748528066,0.07994386031824867,0.6795282466420914,25,30,10
19,5143,0.0005992659635023409,0.23992862927765848,0.07994385811908572,0.6795282466397531,25,30,10
19,5144,0.00036884690773617,0.2399286292774707,0.07994376829263851,0.6797587555221538,25,30,10
19,5145,0.0003687951884479781,0.2399282973295778,0.07994415196215664,0.6797587555198169,25,30,10
19,5146,0.00036965536212269667,0.23992741869784823,0.07994417042029217,0.6797587555197363,25,30,10
19,5147,0.00036758871020355847,0.239927418697892,0.07994414654088805,0.6797608460510156,25,30,10
19,5148,0.00036459579309941264,0.23992741869788398,0.07994414439251502,0.6797638411165007,25,30,10
19,5149,0.0003745806762129452,0.2399174309951191,0.07994414720732507,0.6797638411213411,25,30,10
19,5150,0.0003745825501668982,0.23991743099511897,0.07994414576673829,0.679763840687974,25,30,10
19,5151,0.0003624854022191593,0.23991743099407362,0.07994409898551685,0.6797759846181887,25,30,10
19,5152,0.00036252026161970124,0.23991743099408222,0.07995070087958787,0.6797693478647088,25,30,10
19,5153,0.00036469430099354323,0.23991618596534672,0.07994977185653036,0.6797693478771281,25,30,10
19,5154,0.00033927298396986273,0.2399161859763247,0.07997519071747732,0.6797693503222271,25,30,10
19,5155,0.0005775200474146036,0.23991618597841008,0.07997537565020892,0.679530918323966,25,30,10
19,5156,0.0005783956601849484,0.2399161859784095,0.07997537400208453,0.6795300443593207,25,30,10
19,5157,0.0005755949145213347,0.2399161859784827,0.07998005724963124,0.6795281618573641,25,30,10
19,5158,0.0005756629242948452,0.23991618597851821,0.07998005937411831,0.6795280917230678,25,30,10
19,5159,0.0005796925643509572,0.23991618597854458,0.07998006177785175,0.679524059679252,25,30,10
19,5160,0.0005768699657137381,0.23991618597859105,0.0799800650904877,0.6795268789652069,25,30,10
19,5161,0.0005798336939811805,0.23991618597859168,0.07998006538329633,0.6795239149441301,25,30,10
19,5162,0.000577749086875679,0.2399161859786089,0.07998006971989591,0.6795259952146185,25,30,10
19,5163,0.0003377162392232258,0.23991618597646305,0.07997988087879354,0.6797662169055192,25,30,10
19,5164,0.0003375570117744588,0.2399161859764364,0.07997991899604309,0.679766338015745,25,30,10
19,5165,0.00033657544071484134,0.23991618597639228,0.07997991441168606,0.6797673241712059,25,30,10
19,5166,0.000406155868967324,0.23991618597948064,0.08010357003171109,0.6795740881198407,25,30,10
19,5167,0.0004030194267869979,0.23991618597947334,0.08010357500533541,0.6795772195884032,25,30,10
19,5168,0.0006391708859962355,0.2399161859815735,0.08009903938089195,0.6793456037515377,25,30,10
19,5169,0.0005717900932145596,0.23991618597846337,0.07997861654014542,0.6795334073881759,25,30,10
19,5170,0.0005687584727958549,0.2399161859784638,0.07998089596939453,0.6795341595793453,25,30,10
19,5171,0.0005677772320045607,0.23991699614605363,0.0799810670473169,0.6795341595746245,25,30,10
19,5172,0.0005668879651406655,0.23991735199716213,0.07998160048722057,0.679534159550476,25,30,10
19,5173,0.0005598973801881744,0.2399173519971173,0.07998159473849936,0.6795411558841945,25,30,10
19,5174,0.0005629099305389571,0.23991735199712638,0.0799815974095265,0.6795381406628076,25,30,10
19,5175,0.0005659226033589663,0.2399173519971445,0.07998171409688908,0.6795350113026067,25,30,10
19,5176,0.0003445358909496463,0.2399173519950782,0.07998153567412086,0.6797565764398508,25,30,10
19,5177,0.0003474617279673008,0.23991735199505096,0.07998153415644922,0.679753652120532,25,30,10
19,5178,0.0003454321070995234,0.23991735199508593,0.08608426004646136,0.6736529558513523,25,30,10
19,5179,0.0003344832499944549,0.23989683753936622,0.08611572336880163,0.6736529558418366,25,30,10
19,5180,0.0003336980398721186,0.23989683753944843,0.08611573035578558,0.6736537340648928,25,30,10
19,5181,0.0003365863656469097,0.23989683753946547,0.08611581401695181,0.6736507620779346,25,30,10
19,5182,0.0003386524610751064,0.23989683753941254,0.08001297142975435,0.6797515385697569,25,30,10
19,5183,0.0004511130833238002,0.23989683753951904,0.08001313579144428,0.6796389135857117,25,30,10
19,5184,0.00045104545172643487,0.23989683753950966,0.08001313313640004,0.6796389838723629,25,30,10
19,5185,0.0004530239963661727,0.23989683753956267,0.08001974232926383,0.6796303961348061,25,30,10
19,5186,0.000453044687909749,0.2398968375395986,0.08001752139438172,0.6796325963781085,25,30,10
19,5187,0.0004550597717067463,0.23989683753957244,0.08001751637371961,0.679630586315,25,30,10
19,5188,0.00045511478206523474,0.2398968375395642,0.08001751626144404,0.6796305314169253,25,30,10
19,5189,0.0004490860068005422,0.23989648884317286,0.08002389374432918,0.6796305314056975,25,30,10
19,5190,0.00045313066659282005,0.23989648884321726,0.0800238974176386,0.6796264830725514,25,30,10
19,5191,0.00045633652968763284,0.23989648884321024,0.08001729597146116,0.6796298786556412,25,30,10
19,5192,0.0004561590993693397,0.23989648884322792,0.08001891654281403,0.6796284355145894,25,30,10
19,5193,0.00045601338845992245,0.23989719040081023,0.08001836069631725,0.6796284355144131,25,30,10
19,5194,0.0004643848571211086,0.23992042704088268,0.07998675243676437,0.679628435665232,25,30,10
19,5195,0.0004713064689680455,0.23992042704090924,0.07998675675479051,0.6796215097353324,25,30,10
19,5196,0.0004683983876415508,0.2399204270408212,0.0799801445930927,0.6796310299784443,25,30,10
19,5197,0.00046636352325041453,0.23992042704081132,0.07998009156952411,0.6796331178664141,25,30,10
19,5198,0.0004663635151944922,0.2399518859511731,0.07994863266709298,0.6796331178665395,25,30,10
19,5199,0.00046044233925364734,0.23995188595115674,0.07994864563989716,0.6796390260696925,25,30,10
19,5200,0.00046356071905507613,0.23991730655533577,0.07998010664881754,0.6796390260767917,25,30,10
19,5201,0.00046232998033691206,0.23991730655528049,0.07998014207909891,0.6796402213852837,25,30,10
19,5202,0.0004707596805790909,0.239917306556337,0.07998679213041507,0.6796251416326691,25,30,10
19,5203,0.00047277659352443804,0.2399173065563099,0.07998674925349492,0.6796231675966709,25,30,10
19,5204,0.0004574246563184756,0.2399173065552271,0.07998009538054737,0.679645173407907,25,30,10
19,5205,0.00045742350403331843,0.23991730655526344,0.07998009958768339,0.6796451703530199,25,30,10
19,5206,0.00045752881689811763,0.23991730655524496,0.07998317864207632,0.6796419859857807,25,30,10
19,5207,0.0004585112717641466,0.2399173065552981,0.07998094350046604,0.6796432386724716,25,30,10
19,5208,0.0003430535073650921,0.23991730655520027,0.07998078129991945,0.6797588586375147,25,30,10
19,5209,0.0003449805393349879,0.23991730655527124,0.07998078535214283,0.6797569275532506,25,30,10
19,5210,0.00033699696493380343,0.23991730655519997,0.0799807795406205,0.6797649169392453,25,30,10
19,5211,0.0003337390738689765,0.23991730655519827,0.07998089231671575,0.6797680620542166,25,30,10
19,5212,0.00034165677926658255,0.23990898966090587,0.07998129149604817,0.679768062063779,25,30,10
19,5213,0.0003336345636612794,0.23991740119863306,0.07998090218357143,0.6797680620541339,25,30,10
19,5214,0.0006863546596231847,0.23991742821414203,0.0796225248091086,0.6797736923171263,25,30,10
19,5215,0.0006844972548865365,0.23991742821408057,0.07962251943707505,0.679775555093958,25,30,10
19,5216,0.000684497210476651,0.23991742821408057,0.07962251943099968,0.6797755551444433,25,30,10
19,5217,0.0006846724374026986,0.23991726174022343,0.07962251067070335,0.679775555151671,25,30,10
19,5218,0.0006847075440405172,0.23991726174025113,0.07962262591120553,0.6797754048045036,25,30,10
19,5219,0.0006815901020308458,0.23991726174025085,0.07961792427467701,0.679783223883042,25,30,10
19,5220,0.0006845675285310518,0.2399172617402743,0.07961792050305103,0.6797802502281444,25,30,10
19,5221,0.0005346830313494093,0.2399172347310599,0.07977346035133634,0.6797746218862553,25,30,10
19,5222,0.0005375563523752517,0.23991436188479834,0.07977345988379984,0.6797746218790275,25,30,10
19,5223,0.0005334990146562895,0.23991436188474918,0.0797686801032162,0.6797834589973788,25,30,10
19,5224,0.0005365113800302666,0.2399143618847673,0.07976868085857937,0.6797804458766238,25,30,10
19,5225,0.0014828701558879396,0.23989117234049512,0.07884551011926716,0.6797804473843518,25,30,10
19,5226,0.001482922191276891,0.23989149709012114,0.07884513333187493,0.6797804473867289,25,30,10
19,5227,0.0014859701442893048,0.23988864507602842,0.07884493739295782,0.6797804473867256,25,30,10
19,5228,0.001487827224119253,0.23988864507608987,0.07884494276241927,0.6797785849373729,25,30,10
19,5229,0.0014887746473531201,0.23988864507613275,0.07884498747505175,0.6797775928014639,25,30,10
19,5230,0.0014926814190787704,0.2398886450761665,0.07884490939676005,0.6797737641079958,25,30,10
19,5231,0.0014956762108232935,0.2398858309170124,0.0788447287618268,0.6797737641103381,25,30,10
19,5232,0.001488754488608656,0.2398858309169148,0.0788447222378234,0.6797806923566537,25,30,10
19,5233,0.001488894279582639,0.23988583091693308,0.07884472308111802,0.6797805517223666,25,30,10
19,5234,0.011550861982513922,0.23988583091708424,0.07884659236643951,0.6697167147339629,25,30,10
19,5235,0.011551931230679038,0.23988583091700463,0.07884658615537639,0.6697156516969405,25,30,10
19,5236,0.011558156295195665,0.23988583091813884,0.0788466422257704,0.6697093705608953,25,30,10
19,5237,0.0014991533451198732,0.2398858309179705,0.07884477420784071,0.6797702415290691,25,30,10
19,5238,0.0014991182077085934,0.23988583091796223,0.07884477409972858,0.6797702767746006,25,30,10
19,5239,0.0014991307515631114,0.23987810077704372,0.07885249169675088,0.6797702767746423,25,30,10
19,5240,0.00149615173502344,0.23988084648536656,0.07885272500016076,0.6797702767794491,25,30,10
19,5241,0.0014933481772721154,0.23988310667793006,0.07885326836756643,0.6797702767772315,25,30,10
19,5242,0.0014972554948259411,0.23988310667790244,0.07885326927417559,0.6797663685530959,25,30,10
19,5243,0.001496360811445447,0.23988310667785814,0.07885326551937348,0.6797672669913226,25,30,10
19,5244,0.0015004248288339273,0.23988310667785737,0.078857970264096,0.6797584982292125,25,30,10
19,5245,0.0015012455485914147,0.239883106676759,0.07885780238338488,0.6797578453912645,25,30,10
19,5246,0.0015052698182933843,0.2398831066768209,0.07885780708530912,0.6797538164195764,25,30,10
19,5247,0.0015023087446262024,0.23988310667680462,0.07885780796476047,0.6797567766138083,25,30,10
19,5248,0.0015052559117465956,0.2394518006342018,0.07928616683777351,0.6797567766162778,25,30,10
19,5249,0.0015042734786644178,0.23945180063414884,0.0792861230658138,0.6797578028213727,25,30,10
19,5250,0.0015042049005755485,0.23945180063413932,0.07928600654689719,0.6797579879183874,25,30,10
19,5251,0.0014971757016648728,0.2394518006341038,0.07928600423786226,0.6797650194263685,25,30,10
19,5252,0.00149515988766236,0.2394532707962641,0.0792865498848596,0.6797650194312134,25,30,10
19,5253,0.0014971737118665291,0.2394532707962289,0.07928646470282039,0.6797630907890836,25,30,10
19,5254,0.0015001521978161467,0.23945327079623716,0.07928646277391942,0.6797601142320266,25,30,10
19,5255,0.0015000293941240578,0.2394532707962366,0.07928648972157794,0.679760210088061,25,30,10
19,5256,0.0015000131046241474,0.23945327079622752,0.07928648900823282,0.6797602270909155,25,30,10
19,5257,0.001499993306849173,0.23945327079624512,0.07928652662557582,0.6797602092713297,25,30,10
19,5258,0.0014991183691512055,0.23945469400386138,0.07928597835569881,0.6797602092712884,25,30,10
19,5259,0.0014991719793874347,0.23945469400387,0.07928597796435313,0.6797601560523886,25,30,10
19,5260,0.0014992249099366037,0.23945469400388786,0.07928597705658785,0.679760104029587,25,30,10
19,5261,0.0014972298390224066,0.23945469400392433,0.079286020142616,0.6797620560144365,25,30,10
19,5262,0.0014941656282598205,0.23948864271523912,0.07925513564928745,0.6797620560072122,25,30,10
19,5263,0.0015050347533557165,0.23947777496880943,0.0792551342633865,0.679762056014447,25,30,10
19,5264,0.0015048429485173811,0.23947777496878225,0.07925513279575254,0.6797622492869465,25,30,10
19,5265,0.001504774106815907,0.23947728891898656,0.07925568768469876,0.6797622492894974,25,30,10
19,5266,0.0015071518188486369,0.23947728891953424,0.07925575428300385,0.679759804978612,25,30,10
19,5267,0.001507011216416517,0.23947728891960515,0.0793805143909862,0.6796351854729908,25,30,10
19,5268,0.0015070116633218752,0.23947728891953318,0.07925105031798484,0.6797646490991588,25,30,10
19,5269,0.0015070843041343736,0.23947728891953404,0.07925107973520501,0.6797645470411254,25,30,10
19,5270,0.00130153922460824,0.23947728890293798,0.07945662919184195,0.6797645426806117,25,30,10
19,5271,0.001301554313435708,0.2394772889029475,0.07945663039728317,0.6797645263863333,25,30,10
19,5272,0.0012931841329357982,0.23947728890240863,0.07945656396290418,0.6797729630017512,25,30,10
19,5273,0.0013039602673844942,0.23946705971183516,0.07945601700703893,0.6797729630137412,25,30,10
19,5274,0.0013001028700574736,0.23946705971179139,0.07945601377410245,0.6797768236440489,25,30,10
19,5275,0.0013151237676928284,0.23946705971189022,0.0794560233393676,0.6797617931810493,25,30,10
19,5276,0.0013130570789944276,0.23946705971193424,0.07945602654828747,0.6797638566607839,25,30,10
19,5277,0.0013100964846250861,0.23988366644942125,0.07904238041006036,0.679763856655894,25,30,10
19,5278,0.0013110256568355605,0.2399051713533639,0.07901994632672425,0.679763856663075,25,30,10
19,5279,0.0013081148870554235,0.23990517135338268,0.07901994768603662,0.6797667660735239,25,30,10
19,5280,0.0013110743210101178,0.23990517135339157,0.07901994834562202,0.6797638059799747,25,30,10
19,5281,0.0012969650181479714,0.23990517135330916,0.07901994096475053,0.6797779226637907,25,30,10
19,5282,0.0012959662311089705,0.23990517135326453,0.07901990075145796,0.6797789616641672,25,30,10
19,5283,0.0012929720363020379,0.23990517135325642,0.07901990291812297,0.6797819536923174,25,30,10
19,5284,0.001292920426854815,0.23990517135328293,0.07902001971432497,0.6797818885055359,25,30,10
19,5285,0.0012931122708876295,0.23990517135331071,0.07902002124823809,0.6797816951275624,25,30,10
19,5286,0.0012953908173626353,0.23990517135327752,0.079020019852409,0.6797794179769496,25,30,10
19,5287,0.0012984000952651175,0.23990517135329564,0.07901999320502437,0.6797764353464134,25,30,10
19,5288,0.0012944073633542061,0.23990517135322453,0.07901998811264829,0.6797804331707712,25,30,10
19,5289,0.0013013780125971275,0.239905171353268,0.07901998778819098,0.6797734628459421,25,30,10
19,5290,0.001298311995743756,0.23990517135325848,0.07901998562742643,0.6797765310235695,25,30,10
19,5291,0.0012993514588661415,0.239905171353322,0.08526746270581849,0.6735280144819927,25,30,10
19,5292,0.001301373802997228,0.23990517135328798,0.08526745831388849,0.6735259965298258,25,30,10
19,5293,0.0013122892128657948,0.23990517135338346,0.08526746412017629,0.6735150753135738,25,30,10
19,5294,0.0013230627708320604,0.23990517135343584,0.08526746885944782,0.6735042970162837,25,30,10
19,5295,0.0013310230709312116,0.2398968120867882,0.0852678678188279,0.6735042970234523,25,30,10
19,5296,0.0013310080022310932,0.23989670548184375,0.0852679894972782,0.6735042970186462,25,30,10
19,5297,0.001328004712286529,0.23989670548183537,0.08526798879586477,0.6735073010100127,25,30,10
19,5298,0.0013240279202650787,0.23989670548180014,0.08526798578267346,0.6735112808152608,25,30,10
19,5299,0.0013230469584548106,0.23989769941925532,0.08526797281408566,0.673511280808204,25,30,10
19,5300,0.0013151366013990726,0.23990600745739737,0.08526757513509313,0.6735112808061102,25,30,10
19,5301,0.0013160484447327337,0.2399054879715566,0.08526718276556855,0.6735112808181419,25,30,10
19,5302,0.0013180609325376613,0.2399036698014968,0.08526698845756081,0.6735112808084045,25,30,10
19,5303,0.001384864391000412,0.23990366980515568,0.08526720486296256,0.673444260940881,25,30,10
19,5304,0.0013839532498342029,0.23990366980513858,0.08526720313775897,0.6734451738072678,25,30,10
19,5305,0.001383997185779289,0.2399036698052369,0.08526721168719273,0.6734451213217906,25,30,10
19,5306,0.0015065619218764508,0.23990366980746736,0.0852675324807689,0.6733222357898867,25,30,10
19,5307,0.001399027878546098,0.23990366980530825,0.08526724605096156,0.6734300562651835,25,30,10
19,5308,0.0013990271807791622,0.23990366980528322,0.0852672477281451,0.6734300552857918,25,30,10
19,5309,0.001332262582780862,0.23990366980161604,0.08526703071672528,0.6734970368988772,25,30,10
19,5310,0.00132935600889381,0.23990366980161718,0.08527161740934691,0.6734953567801416,25,30,10
19,5311,0.0013303390313004573,0.239903669801696,0.08527162035941259,0.6734943708075904,25,30,10
19,5312,0.001319374205806461,0.23990366980161673,0.08527161414631976,0.6735053418462564,25,30,10
19,5313,0.0013093875057446941,0.23988219213625822,0.08530307851671441,0.673505341841282,25,30,10
19,5314,0.040970805476786554,0.23988220568374874,0.04564158610531765,0.6735054027341456,25,30,10
19,5315,0.04097083863977928,0.23988271564514257,0.04564104297103703,0.6735054027440397,25,30,10
19,5316,0.04097096783250029,0.23988271564513444,0.04564104593038305,0.6735052705919808,25,30,10
19,5317,0.04097096845815121,0.23988271564513408,0.045641045877289024,0.6735052700194244,25,30,10
19,5318,0.040963995663035796,0.23988271564509944,0.04564104089772224,0.6735122477941411,25,30,10
19,5319,0.04141834232479035,0.23988271564519736,0.045641260324123835,0.6730576817058876,25,30,10
19,5320,0.04142232278853239,0.2398780736234231,0.045641921879522,0.6730576817085216,25,30,10
19,5321,0.04143328793358852,0.23987807362350216,0.04564192951811961,0.6730467089247887,25,30,10
19,5322,0.041423227278248466,0.2398881390337953,0.04564192477560307,0.6730467089123522,25,30,10
19,5323,0.04292592938789144,0.23988809248764809,0.04413925434194055,0.67304672378252,25,30,10
19,5324,0.0429291341107136,0.23988488643802988,0.04413925566860932,0.6730467237826471,25,30,10
19,5325,0.04363020369994697,0.23988488644024952,0.04413983506511857,0.6723450747946853,25,30,10
19,5326,0.042931043556924,0.2398848864381092,0.04413926377701587,0.6730448062279513,25,30,10
19,5327,0.04293506687024724,0.2398848864380213,0.044139282901642485,0.6730407637900889,25,30,10
19,5328,0.042477987142458457,0.23988488643796882,0.04413902939186588,0.6734980970277068,25,30,10
19,5329,0.042474837107550636,0.23945178743314255,0.04457527842932419,0.6734980970299825,25,30,10
19,5330,0.040065875078482784,0.23945178678797874,0.046984257478155884,0.6734980806553846,25,30,10
19,5331,0.04006583956361227,0.23945178678852638,0.046981191952535244,0.673501181695328,25,30,10
19,5332,0.04005585504035225,0.23945178678848186,0.04698130417680915,0.6735110539943585,25,30,10
19,5333,0.04005587178862187,0.2394518009489442,0.04698127326578682,0.6735110539966488,25,30,10
19,5334,0.04005274877961784,0.2394518009489442,0.04698127022600625,0.6735141800454333,25,30,10
19,5335,0.037573148971975084,0.23945179584887594,0.04945923586594678,0.6735158193132036,25,30,10
19,5336,0.03756223407465696,0.2394517958487877,0.04945922994704781,0.673526740129509,25,30,10
19,5337,0.037562302099402325,0.23945179584880566,0.04945923083474238,0.673526671217051,25,30,10
19,5338,0.03756528175613553,0.23945179584881385,0.04945923041759837,0.6735236919774532,25,30,10
19,5339,0.03756820980898925,0.2394517958488219,0.049459229491370674,0.6735207648508191,25,30,10
19,5340,0.03756728244647886,0.2394840019950688,0.04942795071243149,0.6735207648460215,25,30,10
19,5341,0.037573270402947154,0.23948400199503317,0.04942794815225538,0.6735147794497649,25,30,10
19,5342,0.037570309363042176,0.23948748251394922,0.04942742867812652,0.6735147794448829,25,30,10
19,5343,0.03757715962961574,0.23948748251345275,0.04942579590820061,0.6735095619487318,25,30,10
19,5344,0.03757730187865916,0.23948748251348878,0.04942744436535119,0.6735077712425016,25,30,10
19,5345,0.03757736821541345,0.2394880740480417,0.04942678648936735,0.6735077712471782,25,30,10
19,5346,0.03757950860793959,0.23948807404800782,0.049426783058311295,0.6735056342857421,25,30,10
19,5347,0.03781299041274803,0.23948807404807243,0.04942696329478889,0.6732719722443913,25,30,10
19,5348,0.03781291806964407,0.23948807404806233,0.049426962521277124,0.6732720453610174,25,30,10
19,5349,0.03781270659309114,0.23948807404800765,0.04942531516201926,0.6732739041968828,25,30,10
19,5350,0.006399159850408218,0.23948806560940544,0.08084049859294967,0.6732722759472374,25,30,10
19,5351,0.00639309916831999,0.23949397941144596,0.08084064547792506,0.6732722759423097,25,30,10
19,5352,0.0006279899750350964,0.23949397940144812,0.08660582661645122,0.6732722040070641,25,30,10
19,5353,0.0006209143844578308,0.23949397940142098,0.08660583821801811,0.6732792679961017,25,30,10
19,5354,0.0006210591393094416,0.23949397940146772,0.08660584172304152,0.6732791197361803,25,30,10
19,5355,0.0006180621225890698,0.2394939794014764,0.08660592430305837,0.6732820341728752,25,30,10
19,5356,0.000618026798962888,0.23949402420569246,0.08660591483236231,0.6732820341629813,25,30,10
19,5357,0.000614065726210587,0.23949402420564003,0.08660595154321489,0.6732859585249336,25,30,10
19,5358,0.0006184547469209656,0.23949402420567953,0.08660598427649498,0.6732815367709039,25,30,10
19,5359,0.0006153237630630294,0.2394940242056884,0.0866059831389794,0.6732846688922688,25,30,10
19,5360,0.0006123967295886089,0.23949402420569793,0.08660598583370054,0.6732875932310124,25,30,10
19,5361,0.0006133254083294821,0.23949289062960244,0.08660619072867734,0.6732875932333902,25,30,10
19,5362,0.00038282177355151374,0.23949289062955664,0.08660601115812533,0.673518276438766,25,30,10
19,5363,0.00044075213465502035,0.23949289062963688,0.08660613579787467,0.6734602214378329,25,30,10
19,5364,0.00044276656407583203,0.2394908723708632,0.08660613963194662,0.673460221433114,25,30,10
19,5365,0.0006689535979813041,0.23949087238385805,0.08637994600086968,0.6734602280172913,25,30,10
19,5366,0.0006740177671462167,0.2394908723837962,0.08637994140414186,0.6734551684449158,25,30,10
19,5367,0.0006670447812199613,0.23949087238378827,0.08637993856585456,0.6734621442691373,25,30,10
19,5368,0.0007840753587512208,0.23949087246139988,0.08626290340980708,0.6734621487700432,25,30,10
19,5369,0.000784145043569916,0.23949087246138945,0.08626455320473815,0.673460429290304,25,30,10
19,5370,0.0007690454154117319,0.23949087246130024,0.08626451802445236,0.6734755640988375,25,30,10
19,5371,0.0007690802791797512,0.23949087246129053,0.08626451661378969,0.6734755306457416,25,30,10
19,5372,0.00077006283688342,0.23949087246134312,0.08626451836975348,0.6734745463320213,25,30,10
19,5373,0.000771147624302048,0.2394908724613711,0.08639403617393575,0.6733439437403923,25,30,10
19,5374,0.0007742084562708013,0.23949087246138778,0.08639399834372063,0.673340920738622,25,30,10
19,5375,0.0007771416558060187,0.23949087246136996,0.0863939970728947,0.6733379888099303,25,30,10
19,5376,0.0007767178737017251,0.2394908724131038,0.08639442539389827,0.6733379843192973,25,30,10
19,5377,0.0007776291826300053,0.23949087241312053,0.08639442557715707,0.673337072827093,25,30,10
19,5378,0.0007785902793361235,0.23949087241302972,0.08014690488592041,0.6795836324217137,25,30,10
19,5379,0.0007785541602444552,0.23949087241312672,0.08014687380592132,0.6795836996207073,25,30,10
19,5380,0.000780586280996228,0.23949087241310982,0.08014687157642923,0.6795816697294645,25,30,10
19,5381,0.0007805472352411322,0.23949087241311015,0.08014914993810196,0.6795794304135465,25,30,10
19,5382,0.0007833322287769481,0.2394908724130818,0.08014749674454186,0.6795782986135989,25,30,10
19,5383,0.0007803340671826932,0.2394908724131167,0.08014738237645902,0.6795814111432409,25,30,10
19,5384,0.0007823657873237238,0.2394888291307231,0.08014739394083689,0.6795814111411157,25,30,10
19,5385,0.0007815064862473535,0.23948930807113963,0.08014777430141397,0.6795814111411985,25,30,10
19,5386,0.0007785618208652105,0.23949210467419613,0.08014792236629179,0.6795814111386465,25,30,10
19,5387,0.0007814878676015386,0.23949210467416063,0.08014792102003052,0.6795784864382068,25,30,10
19,5388,0.000778475943254737,0.23949210467415152,0.08014791891478681,0.6795815004678064,25,30,10
19,5389,0.0007859020053533662,0.2394921046465413,0.08012699618890018,0.679594997159205,25,30,10
19,5390,0.0007838964085951174,0.2394921046465672,0.08012699956180311,0.6795969993830344,25,30,10
19,5391,0.0007838273728126442,0.2394927181131696,0.0801264551309422,0.6795969993830754,25,30,10
19,5392,0.0007794374450211007,0.2394927181131296,0.0801264223760639,0.679601422065785,25,30,10
19,5393,0.0007793987804012971,0.2399289968038965,0.0796901823524042,0.6796014220632978,25,30,10
19,5394,0.0007792771520514179,0.23992963654636285,0.07968966424305146,0.679601422058534,25,30,10
19,5395,0.0007812571082102968,0.2399296365463263,0.07956022930433938,0.6797288770411236,25,30,10
19,5396,0.0007813104106058343,0.2399218541024017,0.0795679584435724,0.6797288770434197,25,30,10
19,5397,0.000781312628624129,0.23992185410240172,0.07956795846824,0.6797288748007336,25,30,10
19,5398,0.022041359734447905,0.23992185410251943,0.05832134686871423,0.679715439294318,25,30,10
19,5399,0.022043409902536695,0.23992185410248393,0.05832134393244747,0.6797133920625315,25,30,10
19,5400,0.025034487350791338,0.23992185418973427,0.055330257308532194,0.679713401150944,25,30,10
19,5401,0.025041459974260615,0.23992185418979578,0.05533188391773339,0.6797048019182118,25,30,10
19,5402,0.0250415288486108,0.23992185418982231,0.05533188578945106,0.6797047311721177,25,30,10
19,5403,0.025041526548654644,0.2399218541898046,0.05533188504519365,0.6797047342163492,25,30,10
19,5404,0.025041579141405482,0.23992180177062225,0.05533188487162577,0.6797047342163488,25,30,10
19,5405,0.025048570570533356,0.23991479992589146,0.05533189528233939,0.6797047342212379,25,30,10
19,5406,0.02511544035433496,0.23991479992858042,0.05533212028193203,0.6796376394351548,25,30,10
19,5407,0.02185243875154712,0.2399148032353354,0.05452266692275501,0.683710091090365,25,30,10
19,5408,0.021859529041122178,0.23991480323541775,0.05452267678519009,0.6837029909382721,25,30,10
19,5409,0.02186245866807174,0.23988891539992255,0.05454563498808035,0.6837029909439274,25,30,10
19,5410,0.0218075191552857,0.2398889153998326,0.054547166502335,0.6837563989425485,25,30,10
19,5411,0.036563283957525436,0.2398889155149155,0.03979145295176658,0.683756347575792,25,30,10
19,5412,0.0365633063948385,0.23988891551489783,0.03978917379154648,0.6837586042987164,25,30,10
19,5413,0.036563305167307936,0.23988891551490193,0.03978771919232458,0.6837600601254646,25,30,10
19,5414,0.03656123818589852,0.2398889155149453,0.03978772233735808,0.6837621239617973,25,30,10
19,5415,0.0365611833133288,0.2398889155149365,0.039787722187639644,0.6837621789840942,25,30,10
19,5416,0.03655920361879923,0.23988891551484795,0.03979435154394401,0.683757529322408,25,30,10
19,5417,0.036558575517434445,0.23988891551640715,0.03979277459070534,0.6837597343754522,25,30,10
19,5418,0.036556456521061945,0.23988891551645547,0.03979257587421722,0.6837620520882646,25,30,10
19,5419,0.03655249826027726,0.23988891551643893,0.039792576802067964,0.6837660094212155,25,30,10
19,5420,0.03655342753930053,0.23988743643317323,0.039793126601418954,0.6837660094261062,25,30,10
19,5421,0.03655048172387656,0.23988743643317303,0.03979312657371667,0.6837689552692329,25,30,10
19,5422,0.03654755407464652,0.23988743643318206,0.039793126672860245,0.6837718828193106,25,30,10
19,5423,0.036547675400444464,0.23988693113688772,0.03979351064331441,0.6837718828193524,25,30,10
19,5424,0.03654977520260433,0.23986100914074587,0.03981733268940464,0.6837718829672441,25,30,10
19,5425,0.03655173945299692,0.23986100914079078,0.039817269673388875,0.6837699817328229,25,30,10
19,5426,0.03655265212802072,0.23989163830840435,0.03978572798098163,0.6837699815825927,25,30,10
19,5427,0.036554793107388704,0.23989163830947657,0.03978576199972905,0.683767806583405,25,30,10
19,5428,0.0365547755029004,0.23989163830945817,0.03978587389053407,0.6837677122971066,25,30,10
19,5429,0.036577727372170715,0.23989163830947727,0.039785966306105,0.6837446680122464,25,30,10
19,5430,0.0365577016639817,0.2398916383094485,0.039785871687286055,0.6837647883392832,25,30,10
19,5431,0.036558699127751455,0.23989163830948404,0.039785874729110056,0.683763787833654,25,30,10
19,5432,0.03655573637973368,0.23989163830951124,0.039785875509429414,0.6837667498013249,25,30,10
19,5433,0.03655671596759988,0.23989163830946614,0.03978585671026867,0.6837657890126646,25,30,10
19,5434,0.0365546966925906,0.23989163830839888,0.03979026450843073,0.683763400490579,25,30,10
19,5435,0.04038978036950097,0.23989163819635767,0.03595519019447596,0.6837633912396646,25,30,10
19,5436,0.04084795300320956,0.2398916381964653,0.035955339994067366,0.6833050688062572,25,30,10
19,5437,0.04084500900213895,0.23991715701271016,0.03593276518220492,0.6833050688029454,25,30,10
19,5438,0.0408519271197807,0.23991061696244775,0.035932387100333696,0.6833050688174371,25,30,10
19,5439,0.04084881819830211,0.23991061696240212,0.03602464116736537,0.6832159236719293,25,30,10
19,5440,0.040854796173427486,0.23991061696239416,0.03602464060437435,0.683209946259803,25,30,10
19,5441,0.040827203068224016,0.23991061722067972,0.036052186707435145,0.6832099930036603,25,30,10
19,5442,0.04082842266698832,0.23991061722060342,0.03605880320407557,0.6832021569083317,25,30,10
19,5443,0.0408254092535315,0.2399136521645178,0.03605878167361578,0.6832021569083341,25,30,10
19,5444,0.040826056995891556,0.23991365216449761,0.03605877915234479,0.6832015116872651,25,30,10
19,5445,0.040820078027564335,0.23991365216448773,0.03605881858837809,0.6832074512195689,25,30,10
19,5446,0.040821059015107526,0.23991365216453142,0.03605882314182318,0.683206465678537,25,30,10
19,5447,0.040823143813642514,0.23991365216450591,0.03605882228395223,0.6832043817378984,25,30,10
19,5448,0.03092713265628869,0.2399136521204677,0.04595482016070248,0.683204395062541,25,30,10
19,5449,0.03093329172110532,0.23991365212101268,0.045862650278581975,0.6832904058792999,25,30,10
19,5450,0.030933360274983314,0.23990624445379372,0.04586998938930414,0.683290405881919,25,30,10
19,5451,0.0341024197217123,0.2399062448062865,0.04270079834773905,0.6832905371242624,25,30,10
19,5452,0.03409844595350806,0.23988778694525903,0.04272322999383822,0.6832905371073948,25,30,10
19,5453,0.034101440940464973,0.23987705465370707,0.042730967298265886,0.6832905371075623,25,30,10
19,5454,0.03409770148894237,0.2398770512322979,0.04680715641933165,0.6792180908594304,25,30,10
19,5455,0.039959892703563094,0.2398770507481208,0.0409451490135358,0.679217907534783,25,30,10
19,5456,0.03995992381062963,0.23989946532298023,0.04092270333149199,0.6792179075349009,25,30,10
19,5457,0.039965984443153614,0.23989946532300752,0.04092270388272512,0.6792118463511163,25,30,10
19,5458,0.040377310322298535,0.23989946523828376,0.04051138649861834,0.679211837940802,25,30,10
19,5459,0.04037771862326358,0.2398994652382783,0.040511278244181714,0.6792115378942788,25,30,10
19,5460,0.04037477651499675,0.23989946523827865,0.04051130603634918,0.6792144522103776,25,30,10
19,5461,0.04037378117304742,0.2398994652382439,0.04050466535444858,0.6792220882342622,25,30,10
19,5462,0.040370766835644244,0.23989946523823424,0.040504665231002324,0.679225102695121,25,30,10
19,5463,0.040367689998172,0.23989946523829542,0.04049804674020946,0.679234798023325,25,30,10
19,5464,0.04075287019318541,0.2398994652719703,0.040112865658518064,0.6792347988763281,25,30,10
19,5465,0.04074952450697407,0.2398994652703592,0.04011296091715251,0.679238049305516,25,30,10
19,5466,0.04029531131882523,0.23989946527027764,0.040112813471992984,0.6796924099389059,25,30,10
19,5467,0.04028828570636514,0.23989946527020695,0.04011280954388712,0.6796994394795429,25,30,10
19,5468,0.04028816481155365,0.23989946527014308,0.04011292124158754,0.6796994486767177,25,30,10
19,5469,0.04028823380814747,0.2398994652701526,0.040117623897098886,0.6796946770246027,25,30,10
19,5470,0.04038381976282212,0.2398994652637344,0.04002203818774469,0.6796946767857007,25,30,10
19,5471,0.04038285478499414,0.23990096857606663,0.04002149985809062,0.6796946767808505,25,30,10
19,5472,0.04061915416564618,0.2399009685787259,0.04001702016046513,0.6794628570951643,25,30,10
19,5473,0.040627220785314694,0.23990096857932597,0.040017064991322585,0.6794547456440381,25,30,10
19,5474,0.04063114434528602,0.23989704814716828,0.040017061858836245,0.6794547456487103,25,30,10
19,5475,0.04063123450765474,0.23989695097509636,0.04001706886862356,0.6794547456486262,25,30,10
19,5476,0.040632232872143154,0.23989695097513208,0.040017072599182725,0.6794537435535427,25,30,10
19,5477,0.04063223077366024,0.2398969509751318,0.04001704412580961,0.6794537741253994,25,30,10
19,5478,0.0406323012164038,0.2398969509751789,0.04001710225874198,0.6794536455496762,25,30,10
19,5479,0.040632179575705696,0.23989707397338886,0.040017100898847115,0.6794536455520594,25,30,10
19,5480,0.040633076063572034,0.23989707397340584,0.04001710278050745,0.6794527471825156,25,30,10
19,5481,0.04062593927255965,0.2398970739728411,0.04001709894947728,0.6794598878051227,25,30,10
19,5482,0.04062598950608559,0.23989707397284907,0.04001709903658832,0.6794598374844779,25,30,10
19,5483,0.040622344612477226,0.23988945441831494,0.04002836348896584,0.6794598374802432,25,30,10
19,5484,0.040629301504571516,0.23988945441834933,0.04002836527528239,0.6794528788017979,25,30,10
19,5485,0.04062637312144664,0.23988945441837553,0.04002822249806555,0.6794559499621132,25,30,10
19,5486,0.040626501958311766,0.23988945449487514,0.040028114818609156,0.6794559287282059,25,30,10
19,5487,0.0406225261165651,0.2398894544948399,0.040028111779197156,0.6794599076093999,25,30,10
19,5488,0.04061825347553686,0.2398972651477759,0.04002457377261528,0.6794599076040733,25,30,10
19,5489,0.040617515077538566,0.23989726515092305,0.040024589075215375,0.6794606306963245,25,30,10
19,5490,0.040618601301293446,0.23989726515087081,0.040024584587511534,0.6794595489603253,25,30,10
19,5491,0.04062252711169336,0.2399006756549795,0.04001724826118143,0.6794595489721468,25,30,10
19,5492,0.04055266113713051,0.23990067565229903,0.040017022697006015,0.6795296405135653,25,30,10
19,5493,0.040551764651291865,0.23990067565228262,0.0400170212989003,0.679530538397526,25,30,10
19,5494,0.04055479757508024,0.23990067565225584,0.040017021299374324,0.6795275054732903,25,30,10
19,5495,0.04055870698342687,0.23990067565228212,0.04001702222092821,0.6795235951433635,25,30,10
19,5496,0.04055579743059771,0.2399006756523009,0.040017023635820374,0.6795265032812818,25,30,10
19,5497,0.040557602043348115,0.23990067565234097,0.04001258655475733,0.6795291357495544,25,30,10
19,5498,0.041016512526148984,0.23944919540996576,0.04000515602014893,0.6795291360437371,25,30,10
19,5499,0.04107945509417469,0.23944919541309095,0.04000544735297628,0.6794659021397588,25,30,10
19,5500,0.04108238068218441,0.23944919541306373,0.04000544741482839,0.6794629764899242,25,30,10
19,5501,0.041072289656149105,0.23944919541247284,0.04000535316242058,0.6794731617689578,25,30,10
19,5502,0.04107030947996781,0.23944919541240178,0.04000534905635313,0.6794751460512777,25,30,10
19,5503,0.0410702628612891,0.23944919541239404,0.04000697109350078,0.6794735706328165,25,30,10
19,5504,0.04125017327973459,0.23944919541460505,0.040012007037353525,0.6792886242683076,25,30,10
19,5505,0.04124326998232888,0.23945649758771165,0.04001160816377908,0.6792886242661812,25,30,10
19,5506,0.04124418079533663,0.23944449858606087,0.0400226963575634,0.6792886242610399,25,30,10
19,5507,0.04124123985129119,0.23944449858606123,0.04002269585714167,0.6792915657055069,25,30,10
19,5508,0.04117132332023256,0.23944449858289207,0.04002240141691764,0.6793617766799588,25,30,10
19,5509,0.04117452637211238,0.23944449858291125,0.04002078128136558,0.6793601937636119,25,30,10
19,5510,0.040938158017836485,0.2394444985802424,0.04002056111276078,0.6795967822891612,25,30,10
19,5511,0.040938158273574145,0.2394444985802428,0.040020558367918256,0.6795967847782656,25,30,10
19,5512,0.04094117017821649,0.2394444985802519,0.04002716287994798,0.6795871683615844,25,30,10
19,5513,0.04094213614785274,0.23944449858029604,0.04002720425682076,0.6795861610150314,25,30,10
19,5514,0.04094510106134831,0.23944449858027841,0.04002720279827697,0.6795831975600973,25,30,10
19,5515,0.040944747137289364,0.23944449858027564,0.04002719654008833,0.6795835577423479,25,30,10
19,5516,0.040942678304820006,0.2394444985803104,0.04002720053437299,0.6795856225804978,25,30,10
19,5517,0.04094665161570181,0.23944052946669625,0.040027196334810805,0.6795856225827922,25,30,10
19,5518,0.040943604060692695,0.23944052946672262,0.04002711479517136,0.6795887516774143,25,30,10
19,5519,0.04094671244161292,0.23944052946671643,0.04011939857965899,0.6794933595120126,25,30,10
19,5520,0.04094877953403178,0.23944052946669944,0.04011935873288983,0.6794913322663794,25,30,10
19,5521,0.04094576670025101,0.23944052946669014,0.04011275420750353,0.679500949625556,25,30,10
19,5522,0.0409537108391094,0.23943936642094255,0.04010597310456311,0.6795009496353857,25,30,10
19,5523,0.0409537776539136,0.23943936642096053,0.04010597291353701,0.6795008830115896,25,30,10
19,5524,0.04094680610144692,0.23944634046073981,0.04010597043090264,0.6795008830069114,25,30,10
19,5525,0.040949923919885826,0.23944634046074018,0.040105970967261824,0.6794977646521128,25,30,10
19,5526,0.040952122402802195,0.23942363038722608,0.04012648256229272,0.6794977646476795,25,30,10
19,5527,0.04095196336963116,0.23942363038720618,0.040126480567482775,0.6794979256756801,25,30,10
19,5528,0.040952944341908645,0.2394220911708464,0.0401270388068822,0.679497925680363,25,30,10
19,5529,0.04094989514508103,0.23942209117086333,0.040127039013976296,0.6795009746700796,25,30,10
19,5530,0.04095287413811529,0.23942209117084548,0.04012703817289424,0.6794979965181451,25,30,10
19,5531,0.0407729627675804,0.23942209116863442,0.0401220022632434,0.6796829438005418,25,30,10
19,5532,0.04078000405805299,0.23942209116868743,0.040121890184451316,0.6796760145888082,25,30,10
19,5533,0.04077991593347618,0.23942209116866178,0.04012188979048612,0.679676103107376,25,30,10
19,5534,0.04078299914559703,0.23942209116869823,0.04012189446278763,0.6796730152229172,25,30,10
19,5535,0.04077988834852641,0.23945679332799738,0.040090303096046886,0.6796730152274293,25,30,10
19,5536,0.040772915995348324,0.23945679332796235,0.0400903001527306,0.6796799905239587,25,30,10
19,5537,0.04077613460600335,0.23942212588126405,0.04012174898858132,0.6796799905241514,25,30,10
19,5538,0.04077814835113954,0.2394221258812281,0.04012170718846649,0.6796780185791662,25,30,10
19,5539,0.040778164302998236,0.2394221258812546,0.040121708578459675,0.6796780012372879,25,30,10
19,5540,0.040786011795049794,0.2394221258813688,0.040121715846576846,0.6796701464770052,25,30,10
19,5541,0.04033139451694098,0.21786268249127833,0.062135776602238915,0.6796701463895428,25,30,10
19,5542,0.04032696408422942,0.23988108626327528,0.040121803472333406,0.6796701461801622,25,30,10
19,5543,0.04033089252113917,0.23988108626331037,0.04012180750846284,0.6796662137070881,25,30,10
19,5544,0.04033083392226763,0.23988108623333876,0.04012186690496287,0.6796662129394311,25,30,10
19,5545,0.040333947355995596,0.23944227346206642,0.04055756623456638,0.679666212947372,25,30,10
19,5546,0.04032704022406525,0.23944227346206698,0.04055756429065916,0.679673122023209,25,30,10
19,5547,0.04032485646490373,0.23988054298737727,0.040121478527768414,0.679673122019951,25,30,10
19,5548,0.04032490762172606,0.2398805429873595,0.04012147799738954,0.6796730713935253,25,30,10
19,5549,0.04032484110870694,0.23988061542704694,0.04012147207543877,0.6796730713888077,25,30,10
19,5550,0.04032082011497559,0.239880615427036,0.040029183635697387,0.6797693808222912,25,30,10
19,5551,0.040320751566443394,0.2398806154270269,0.040029263429505656,0.6797693695770242,25,30,10
19,5552,0.04032154381726698,0.2398806154238245,0.04002921914532857,0.6797686216135798,25,30,10
19,5553,0.040318461203684174,0.23988061542378833,0.0400292144818216,0.6797717088907058,25,30,10
19,5554,0.0403155350424964,0.23988061542380631,0.04002913328695377,0.6797747162467433,25,30,10
19,5555,0.040312471156538514,0.23988061542378022,0.04002917190633148,0.67977774151335,25,30,10
19,5556,0.04031547850551998,0.23988061982011322,0.04002616015693332,0.6797777415174341,25,30,10
19,5557,0.04031542771289549,0.2398806198201049,0.04002616003789497,0.6797777924291052,25,30,10
19,5558,0.04031248474283727,0.23988301705946263,0.040026705766253265,0.6797777924314468,25,30,10
19,5559,0.04031343252776166,0.23988301705950563,0.04002670783758367,0.6797768425751493,25,30,10
19,5560,0.025551964930721587,0.23988866335844505,0.05478193569912712,0.6797774360117068,25,30,10
19,5561,0.025554947605327238,0.2398886633589721,0.05478196453749175,0.6797744244982095,25,30,10
19,5562,0.02555499914376897,0.23988866335896333,0.054781964412681586,0.6797743730845867,25,30,10
19,5563,0.025554997012594036,0.23988866336002462,0.05478196814510449,0.6797743714822775,25,30,10
19,5564,0.02555592557990478,0.23988828411755894,0.05478141881541793,0.6797743714871192,25,30,10
19,5565,0.02555592580284299,0.23988828411756782,0.054873850337409706,0.6796819397421803,25,30,10
19,5566,0.02556931545102091,0.23988851002045083,0.0512776786598143,0.6832644958687156,25,30,10
19,5567,0.02556833533436373,0.23988910359897,0.05127806520259136,0.6832644958640764,25,30,10
19,5568,0.025571384449037043,0.2398860544675615,0.05127806521940584,0.6832644958639972,25,30,10
19,5569,0.025571503658023922,0.23988580756238612,0.05127819291083268,0.6832644958687587,25,30,10
19,5570,0.025573534780472192,0.2398837822410188,0.051278187114433826,0.6832644958640762,25,30,10
19,5571,0.025573533530115697,0.23988378224101814,0.051278147039103834,0.6832645371897632,25,30,10
19,5572,0.025573602519165545,0.23988378224103585,0.051278149200541544,0.6832644660392578,25,30,10
19,5573,0.025583586655690126,0.23988378224106224,0.0512781525977012,0.6832544785055472,25,30,10
19,5574,0.02558051647272475,0.2398837822405367,0.051278239713337254,0.683257461573402,25,30,10
19,5575,0.025591570290968226,0.23988378224062726,0.05127824728941438,0.6832464001789907,25,30,10
19,5576,0.025591588432104854,0.2398837822406458,0.05127824817141943,0.6832463811558307,25,30,10
19,5577,0.02559558232676344,0.23988378223962847,0.05127825026541168,0.6832423851681968,25,30,10
19,5578,0.02560243501223423,0.23987650642007963,0.05127867339957521,0.6832423851681112,25,30,10
19,5579,0.025828991442667718,0.23965038602139507,0.05127823736261459,0.6832423851733229,25,30,10
19,5580,0.02583291372200983,0.2396503860214207,0.05127823770492315,0.6832384625516467,25,30,10
19,5581,0.025839835686932842,0.23965038602144711,0.051278240608139104,0.6832315376834813,25,30,10
19,5582,0.025831884897052983,0.23965038602137664,0.05127823536175583,0.683239493719815,25,30,10
19,5583,0.025835804091325992,0.2396503860214023,0.05127827763655754,0.6832355322507147,25,30,10
19,5584,0.025824863080439752,0.23966227943746163,0.05127732524121275,0.6832355322408855,25,30,10
19,5585,0.02582498771471815,0.2396626948145025,0.0512767852175953,0.6832355322531839,25,30,10
19,5586,0.025828070328542983,0.23965921816176397,0.051277179256342585,0.6832355322533503,25,30,10
19,5587,0.025824835469782367,0.23969352566832625,0.051246106608774274,0.6832355322531167,25,30,10
19,5588,0.02582175449087417,0.23967459304600344,0.051268120210170125,0.6832355322529519,25,30,10
19,5589,0.025816758899107173,0.23967459304603847,0.051268124922655776,0.6832405231321981,25,30,10
19,5590,0.025820088200675776,0.23967459304604152,0.051272830044584224,0.6832324887086979,25,30,10
19,5591,0.0258200726199264,0.2396744200722123,0.05127301861141516,0.6832324886964456,25,30,10
19,5592,0.025823252624015084,0.23964015582682388,0.051304102849993614,0.6832324886991669,25,30,10
19,5593,0.025823253830439465,0.23964015582683282,0.05130881417561449,0.6832277761671124,25,30,10
19,5594,0.025816462262961283,0.2396401558268245,0.05130877323079124,0.6832346086794222,25,30,10
19,5595,0.025583017953660817,0.2398737114063972,0.051308661970407864,0.6832346086695332,25,30,10
19,5596,0.02558268586808077,0.239873711406403,0.05130395701275347,0.6832396457127617,25,30,10
19,5597,0.02558270254838654,0.23987371140640373,0.05130144945679081,0.683242136588418,25,30,10
19,5598,0.025589696337398132,0.23987371140641295,0.05120902211063957,0.6833275701455487,25,30,10
19,5599,0.02558969480958493,0.23987371140642735,0.05120916630237284,0.6833274274816142,25,30,10
19,5600,0.025588575992767298,0.23987371140648964,0.05120919225809833,0.6833285203426442,25,30,10
19,5601,0.02559070019479094,0.23987371140807975,0.051207023557076396,0.6833285648400522,25,30,10
19,5602,0.025582083898343044,0.23987371140911762,0.0512070846930435,0.683337119999495,25,30,10
19,5603,0.025587055152714967,0.2398737114090993,0.051207061152878285,0.6833321722853067,25,30,10
19,5604,0.025590280167097794,0.23987371140908148,0.051206945273785436,0.6833290631500346,25,30,10
19,5605,0.025590138485744308,0.23987371140905445,0.05120694324674923,0.6833292068584512,25,30,10
19,5606,0.025586895990001777,0.23987371140905334,0.05120694218108693,0.6833324504198572,25,30,10
19,5607,0.02558681076552428,0.23987325230687145,0.05120748650783022,0.6833324504197732,25,30,10
19,5608,0.025820175537728453,0.23964008630002817,0.0512072874366829,0.6833324507255596,25,30,10
19,5609,0.02582338251649618,0.23963741831112056,0.05120674842491106,0.6833324507474713,25,30,10
19,5610,0.02559393919968422,0.23986704636371653,0.05120656399020038,0.683332450446398,25,30,10
19,5611,0.02559178142540958,0.23986704636210832,0.05120653044409669,0.6833346417683844,25,30,10
19,5612,0.025588625226819747,0.23987019656956984,0.05120653645483746,0.6833346417487721,25,30,10
19,5613,0.025591550385792795,0.2398701965695606,0.05120653446544513,0.6833317185792006,25,30,10
19,5614,0.02558862330579407,0.23987019656956993,0.0512065331261369,0.6833346469984984,25,30,10
19,5615,0.025580635871016444,0.2398701965694719,0.051206527444125266,0.6833426401153859,25,30,10
19,5616,0.025580511657595208,0.23987051988259672,0.051206328344509486,0.6833426401152982,25,30,10
19,5617,0.025581298406349234,0.2398705198815155,0.0512062636104388,0.6833419181016961,25,30,10
19,5618,0.025581423615537835,0.23987051988150704,0.05120626639611497,0.6833417901068397,25,30,10
19,5619,0.025580494997202878,0.23987051988147207,0.051206223422029816,0.6833427616992951,25,30,10
19,5620,0.02558042606361139,0.2398705198814713,0.05120622346595345,0.6833428305889637,25,30,10
19,5621,0.025577322681530533,0.2398705198814713,0.051206224239621484,0.6833459331973765,25,30,10
19,5622,0.025578251923563756,0.23986941639552967,0.05120639847872905,0.6833459332021774,25,30,10
19,5623,0.025579285056769034,0.23986941639564716,0.051335906420828185,0.6832153921267553,25,30,10
19,5624,0.02557928510221455,0.23986928266781665,0.05133604010087403,0.6832153921290945,25,30,10
19,5625,0.025582281558034027,0.23986928266783403,0.051336156204573505,0.6832122795695581,25,30,10
19,5626,0.02557136734273171,0.23986928266772786,0.051336149061662166,0.6832232009278779,25,30,10
19,5627,0.025571384239385465,0.2398692826677453,0.051336148174429476,0.6832231849184395,25,30,10
19,5628,0.025568423481687905,0.23986928266773164,0.051336003248242675,0.6832262906023376,25,30,10
19,5629,0.025568405790379684,0.2398692826677227,0.05133588673390904,0.6832264248079885,25,30,10
19,5630,0.02602457504860299,0.23986928266989047,0.05133615574427336,0.6827699865372331,25,30,10
19,5631,0.026021489477002547,0.2398808843540749,0.05132763962627112,0.6827699865426513,25,30,10
19,5632,0.026024570498838315,0.23866191664933717,0.052543526299409844,0.6827699865524142,25,30,10
19,5633,0.026027496628943644,0.2386619166493193,0.052543525007389846,0.6827670617143465,25,30,10
19,5634,0.02601193369005876,0.23866168694606746,0.02222408621035002,0.7131022931535229,25,30,10
19,5635,0.026014983498165965,0.23866168694604992,0.02222408589047926,0.7130992436653041,25,30,10
19,5636,0.026016944630218017,0.2386616869461395,0.0222240913642733,0.7130972770593685,25,30,10
19,5637,0.026013091752243946,0.2386431351592103,0.02224649603385241,0.713097277054692,25,30,10
19,5638,0.026013072876045172,0.23864313515933183,0.022246502358786512,0.713097289605835,25,30,10
19,5639,0.02601013276474543,0.23816639044240467,0.022726187189400227,0.7130972896034481,25,30,10
19,5640,0.026003175867979626,0.23816639044237037,0.022728463669927507,0.7131019700197213,25,30,10
19,5641,0.026004194419090635,0.238166390442309,0.022728457489044295,0.7131009576495551,25,30,10
19,5642,0.026006159648155523,0.2381663904421831,0.022600571727323174,0.7132268781823372,25,30,10
19,5643,0.026006158425462233,0.2381663904421829,0.022598949421490037,0.7132285017108638,25,30,10
19,5644,0.026003107205497932,0.23819184850001773,0.02257654257881638,0.713228501715667,25,30,10
19,5645,0.02554693788723046,0.23819184849784952,0.022576313517587585,0.7136849000973313,25,30,10
19,5646,0.025547005903013464,0.23819184849788663,0.02257635622862403,0.7136847893704754,25,30,10
19,5647,0.025547043484419715,0.23819184849789507,0.022574079044933533,0.713687028972751,25,30,10
19,5648,0.0403154395792674,0.23818620219895642,0.007811922677950172,0.7136864355438252,25,30,10
19,5649,0.04032767539004807,0.23818620220105374,0.007812008164069181,0.7136741142448283,25,30,10
19,5650,0.04033263468550923,0.23818620220099931,0.007816704851672102,0.7136644582618183,25,30,10
19,5651,0.040332651639149966,0.23817858472772138,0.007824305358939,0.7136644582741889,25,30,10
19,5652,0.040329619395194485,0.23817858472772155,0.007824308897854008,0.7136674869792293,25,30,10
19,5653,0.040452036154754796,0.23817858472988232,0.007824589944964865,0.7135447891703975,25,30,10
19,5654,0.04045198451290169,0.23817858472986309,0.00782454858721044,0.7135448821700243,25,30,10
19,5655,0.04045804648077951,0.23817231756766793,0.00782475378386791,0.7135448821676842,25,30,10
19,5656,0.04046189897306473,0.23817231756771112,0.007824756342100742,0.7135410271171229,25,30,10
19,5657,0.040464909168156905,0.2398872755754525,0.006106788146266353,0.7135410271101237,25,30,10
19,5658,0.040572636126324245,0.23988727557573228,0.042421743441368225,0.6771183448565753,25,30,10
19,5659,0.04057557947589831,0.23988727557573225,0.04242174180189097,0.6771154031464783,25,30,10
19,5660,0.04058155752377764,0.23988727490187337,0.03635173695917893,0.68317943061517,25,30,10
19,5661,0.04047114101960389,0.2398872749029891,0.040020090006392284,0.6796214940710147,25,30,10
19,5662,0.040468128643679935,0.2398872749029628,0.040020090557049054,0.6796245058963081,25,30,10
19,5663,0.04046825163249455,0.2398872749029725,0.0400223701937066,0.6796221032708263,25,30,10
19,5664,0.04046528972587907,0.239897837482498,0.04001476953308181,0.679622103258541,25,30,10
19,5665,0.040468195292064066,0.23991015909240349,0.03999954236504294,0.6796221032504884,25,30,10
19,5666,0.006234451192218755,0.2399101763229152,0.07423303604587711,0.679622336438991,25,30,10
19,5667,0.006230383109532265,0.23991017632292524,0.07423303337022591,0.6796264071973183,25,30,10
19,5668,0.006230365467144197,0.23991017632282183,0.074233025818204,0.6796264323918316,25,30,10
19,5669,0.006230473806897265,0.23991017632392392,0.07423536890785147,0.6796239809613291,25,30,10
19,5670,0.0061111927146710425,0.23991017632175538,0.07423508876584602,0.679743542197729,25,30,10
19,5671,0.0061111570087132375,0.23991033713314575,0.0742349636627953,0.6797435421953472,25,30,10
19,5672,0.006108348800164054,0.23992086178318758,0.07422724720680746,0.6797435422098423,25,30,10
19,5673,0.006111344023884975,0.23992086178320599,0.07422724564854313,0.6797405485443677,25,30,10
19,5674,0.006108258237492225,0.239920861782085,0.07422490119445449,0.6797459787859701,25,30,10
19,5675,0.0061122341772722,0.23992086178212893,0.0742249048411886,0.6797419991994118,25,30,10
19,5676,0.0003723588187935048,0.23992084534842448,0.07996502981978822,0.6797417660129955,25,30,10
19,5677,0.000375354617784623,0.23991785949089,0.07996501987357318,0.6797417660177539,25,30,10
19,5678,0.0003733736537074659,0.2399178594909437,0.07996502482816507,0.6797437420271853,25,30,10
19,5679,0.0003733730762232075,0.23991785949094274,0.07996502674586568,0.6797437406869697,25,30,10
19,5680,0.00037632271186473324,0.2399178594910324,0.07996503254140208,0.6797407852557023,25,30,10
19,5681,0.000373363275488654,0.23992081309248825,0.07996503838108185,0.6797407852509427,25,30,10
19,5682,0.0003695092032362487,0.2399208130924357,0.07996503515924046,0.6797446425450889,25,30,10
19,5683,0.00036652851676356296,0.23992081309233845,0.07996502779514954,0.6797476305957498,25,30,10
19,5684,0.00036334019396449396,0.2399208130923375,0.07996502671860035,0.679750819995099,25,30,10
19,5685,0.00036241154667325526,0.23992118905665458,0.07996557940641905,0.6797508199902541,25,30,10
19,5686,0.00036235948324023134,0.23992123064304866,0.07996558988826084,0.6797508199854511,25,30,10
19,5687,0.00036539112068803776,0.2399182102815485,0.07996557861227155,0.6797508199854927,25,30,10
19,5688,0.00036539111428885357,0.23991821028154867,0.07996555009746882,0.6797508485066942,25,30,10
19,5689,0.00035848729027991696,0.23991821028152327,0.07996084664735656,0.679762455780841,25,30,10
19,5690,0.00035549121344747317,0.23991821028150528,0.07996084566531812,0.6797654528397301,25,30,10
19,5691,0.0010474860188300413,0.2399182102886606,0.07926886928381706,0.6797654344086942,25,30,10
19,5692,0.0010476098241838454,0.23991821028866997,0.07926886994410666,0.6797653099430413,25,30,10
19,5693,0.0010476581063715849,0.23991821028868762,0.07926887164635428,0.6797652599585884,25,30,10
19,5694,0.0010598034383187788,0.2399182102888151,0.07926888190648318,0.6797531043663848,25,30,10
19,5695,0.001060751955716755,0.23991821028886776,0.07926893858291288,0.6797520991725043,25,30,10
19,5696,0.0010567569596767292,0.23992259722615267,0.0792685466464267,0.6797520991677451,25,30,10
19,5697,0.0010566325401329976,0.23991500402399052,0.07927626428029094,0.6797520991555865,25,30,10
19,5698,0.00036261564133641946,0.2399150040208007,0.07990521900211442,0.6798171613357493,25,30,10
19,5699,0.00036259751940984124,0.2399150040207827,0.07990521913627072,0.6798171793235375,25,30,10
19,5700,0.0003695530301485571,0.23991500402082588,0.07990992267604016,0.679805520272986,25,30,10
19,5701,0.0003773834821483118,0.23991500402087862,0.07991008077393541,0.6797975317230379,25,30,10
19,5702,0.0003801866539609932,0.23991500402085988,0.07990780044624074,0.6797970088789385,25,30,10
19,5703,0.00038715930985741776,0.23991500402094443,0.07990790260686968,0.6797899340623286,25,30,10
19,5704,0.00038424860067439397,0.23991500402098964,0.07990790684515198,0.6797928405331839,25,30,10
19,5705,0.000382181647417025,0.2399170747582663,0.07990790305641325,0.6797928405379036,25,30,10
19,5706,0.00038603577601097213,0.23991707475831897,0.0799079083525708,0.6797889811130989,25,30,10
19,5707,0.0003860357338380826,0.23991707475831853,0.07990790625198634,0.6797889832558568,25,30,10
19,5708,0.00039597363354595635,0.23991707475834329,0.0799080114113583,0.6797789401967517,25,30,10
19,5709,0.0004040585791059776,0.23991707475838042,0.07990801354395154,0.6797708531185613,25,30,10
19,5710,0.000400854420819222,0.23991973055745852,0.0799085619035371,0.6797708531181843,25,30,10
19,5711,0.0004028320745111016,0.239919730557547,0.07990856676750419,0.6797688706004366,25,30,10
19,5712,0.0004058459524230324,0.23991973055755683,0.07991326764784926,0.6797611558421699,25,30,10
19,5713,0.0006421875324308604,0.23991973056068694,0.07992005889696169,0.6795180230099195,25,30,10
19,5714,0.0007098302517554597,0.23991973056290422,0.07992025089917666,0.6794501882861627,25,30,10
19,5715,0.000710741330849078,0.2399197305629211,0.07992036843449987,0.6794491596717294,25,30,10
19,5716,0.0007107933718010897,0.23992023780940433,0.07991980914702469,0.6794491596717691,25,30,10
19,5717,0.0008250901701437108,0.23992023781150867,0.07992008708430837,0.6793345849340386,25,30,10
19,5718,0.0008221638482048299,0.23992316959021026,0.07992008162036103,0.6793345849412233,25,30,10
19,5719,0.000822167985248531,0.23992316959019228,0.08009950564134939,0.6791551567832095,25,30,10
19,5720,0.0009394733968208728,0.23992316965130056,0.08009543483528343,0.6790419221165949,25,30,10
19,5721,0.0009355118465527003,0.23992316965130148,0.07991601115963415,0.6792253073425113,25,30,10
19,5722,0.0009368536714626763,0.23992316965130467,0.07991601599001977,0.6792239606872126,25,30,10
19,5723,0.0009408585709064936,0.23992316964966132,0.0764084618896277,0.6827275098898044,25,30,10
19,5724,0.0009287655986323368,0.2399231696495423,0.0764084518028115,0.6827396129490135,25,30,10
19,5725,0.0009368775304737351,0.2399231696505887,0.07641307853444855,0.6827268742844886,25,30,10
19,5726,0.0009378949458173988,0.23992316965050878,0.07641307275616786,0.6827258626475056,25,30,10
19,5727,0.0009448141583701555,0.23992316965054397,0.07641307716384498,0.6827189390272405,25,30,10
19,5728,0.0009447805879902509,0.2399307399871651,0.07640554039985907,0.6827189390249851,25,30,10
19,5729,0.0010627509619881253,0.2399307396348229,0.07628134397886183,0.6827251654243288,25,30,10
19,5730,0.0010718168696062665,0.23993073963489725,0.07628138930443104,0.6827160541910671,25,30,10
19,5731,0.0010069761915182595,0.23993073963266093,0.07628119596701359,0.6827810882088083,25,30,10
19,5732,0.001002621979628783,0.23993073963264014,0.07628119103129265,0.6827854473564394,25,30,10
19,5733,0.0008815358236483065,0.23993073919882288,0.07640850402055636,0.6827792209569735,25,30,10
19,5734,0.0009871283587581034,0.23993073919784105,0.07640392390621596,0.6826782085371857,25,30,10
19,5735,0.0009821174425167717,0.23993073919782693,0.07641042830483942,0.6826767150548174,25,30,10
19,5736,0.0009652186733457922,0.23993073919776792,0.07641031570435086,0.6826937264245362,25,30,10
19,5737,0.005590584302955412,0.2399307394502811,0.07176696431570183,0.6827117119310623,25,30,10
19,5738,0.005232961138493277,0.23993073938600748,0.07176424087626568,0.6830720585992343,25,30,10
19,5739,0.005235908155458511,0.2399277301285382,0.07176430255456284,0.6830720591614408,25,30,10
19,5740,0.005220730911392675,0.23992773012644103,0.07176417712927637,0.6830873618328911,25,30,10
19,5741,0.005224705320194172,0.23991553766920437,0.0717723957348468,0.6830873612757559,25,30,10
19,5742,0.005223688417495324,0.2399155376691336,0.07177233823446627,0.6830884356789062,25,30,10
19,5743,0.0051242368122845225,0.2399155376670805,0.07195323306966502,0.6830069924509714,25,30,10
19,5744,0.005124235884924246,0.23991553881671268,0.0719532328473937,0.6830069924509706,25,30,10
19,5745,0.005121222913217275,0.23991553881670288,0.07194853254718798,0.6830147057228931,25,30,10
19,5746,0.00512122411359897,0.23991553881670316,0.07194853250023013,0.683014704569469,25,30,10
19,5747,0.005121154214868271,0.23991561035132786,0.0719485308715218,0.6830147045622833,25,30,10
19,5748,0.005006485429042764,0.23991561035122036,0.07194836580238097,0.683129538417357,25,30,10
19,5749,0.005005469161333289,0.2399156103511581,0.07194835927134863,0.6831305612161603,25,30,10
19,5750,0.0050015637020994095,0.23991561035118644,0.07194835950903954,0.683134466437675,25,30,10
19,5751,0.005001633561507391,0.239915610351213,0.07194844272695175,0.6831343133603283,25,30,10
19,5752,0.004978808749934479,0.2399156103510979,0.07176738034836033,0.6833382005506078,25,30,10
19,5753,0.004979739318242843,0.2399146757249949,0.07176738439663106,0.6833382005601318,25,30,10
19,5754,0.004982999121173275,0.23991467572499617,0.07176738413992428,0.6833349410139067,25,30,10
19,5755,0.0049820701778715785,0.23991560756864314,0.07176738124204292,0.6833349410114427,25,30,10
19,5756,0.004982141573121221,0.23991560756865238,0.07176900426830732,0.6833332465899196,25,30,10
19,5757,0.0049851203794018676,0.2399156075686605,0.07176900527952831,0.6833302667724097,25,30,10
19,5758,0.004979147298706369,0.2399156075686702,0.07176430577903786,0.6833409393535862,25,30,10
19,5759,0.004979182096485968,0.23991560756867802,0.07176430735590227,0.6833409029789346,25,30,10
19,5760,0.004972368540062374,0.23993069957658386,0.071756028904466,0.6833409029788885,25,30,10
19,5761,0.004975256905657308,0.2399278031021325,0.07175603701838883,0.683340902973822,25,30,10
19,5762,0.004969008392706839,0.2399278030984508,0.07533208455179663,0.6797711039570465,25,30,10
19,5763,0.004966012732910873,0.23992780309844175,0.07533208651677346,0.6797740976518746,25,30,10
19,5764,0.00040325708774253033,0.23992780283863344,0.07991282728422823,0.6797561127893978,25,30,10
19,5765,0.00040325922515677305,0.2399278028386343,0.0799128273783534,0.6797561105578575,25,30,10
19,5766,0.0004052738799393831,0.23992578514170723,0.07991283042772424,0.6797561105506308,25,30,10
19,5767,0.0004052775461535758,0.23992578514170823,0.07991283218104693,0.6797561051310929,25,30,10
19,5768,0.016353550625982573,0.2399257851917689,0.06396454925801108,0.6797561149242393,25,30,10
19,5769,0.016350745224585093,0.23992578519178706,0.06396455060179705,0.6797589189818325,25,30,10
19,5770,0.016348766888273594,0.239925785191717,0.06395794048575851,0.6797675074342525,25,30,10
19,5771,0.01635176315904148,0.2399257851917259,0.06395802309883863,0.6797644285503958,25,30,10
19,5772,0.0163539907192385,0.2399257851918321,0.06395822874456304,0.679761995344368,25,30,10
19,5773,0.016354042463017474,0.23992578519184074,0.06395822889987003,0.6797619434452734,25,30,10
19,5774,0.016356109455813974,0.23992578519183674,0.06408807713357188,0.6796300282187789,25,30,10
19,5775,0.0003403949721858187,0.23992578513872861,0.0801038020402676,0.6796300178488168,25,30,10
19,5776,0.0003413235007246966,0.23992578513875426,0.0801038053968551,0.6796290859636646,25,30,10
19,5777,0.0003413764272709456,0.23992578513874568,0.08010372277161439,0.6796291156623674,25,30,10
19,5778,0.0003384481592336224,0.23992870294732638,0.08010373322839519,0.6796291156650431,25,30,10
19,5779,0.010403784682188246,0.22986049100756173,0.08010660789693345,0.6796291164133145,25,30,10
19,5780,0.010406796627519121,0.22986049100757092,0.08010660653560306,0.6796261058293053,25,30,10
19,5781,0.010406921765553322,0.22986049100758094,0.08010660655222222,0.6796259806746415,25,30,10
19,5782,0.010394963278562217,0.22986049100752443,0.08010656194709802,0.6796379837668133,25,30,10
19,5783,0.01039495868008521,0.22986049100752376,0.08010656212682658,0.6796379881855621,25,30,10
19,5784,0.010397781669135306,0.2298604910075321,0.08011305078324354,0.6796286765400872,25,30,10
19,5785,0.010404631876840492,0.22986049100753117,0.08011305248241012,0.6796218246332164,25,30,10
19,5786,0.01041260219643676,0.22986049100760197,0.08011308569904292,0.6796138210969166,25,30,10
19,5787,0.010643159763330341,0.22986049100770067,0.080113191674667,0.6793831575543003,25,30,10
19,5788,0.010639329576057375,0.22986049100769468,0.0801131907866604,0.6793869886295859,25,30,10
19,5789,0.010642447689110868,0.22986049100769546,0.08011318919927705,0.6793838721039148,25,30,10
19,5790,0.010641589021406668,0.2298604910076876,0.08011318713394354,0.6793847328369602,25,30,10
19,5791,0.010642305744057945,0.22986049100758132,0.08011298148669323,0.6793842217616648,25,30,10
19,5792,0.010885480495792337,0.22986049100975184,0.08011316897496662,0.6791408595194866,25,30,10
19,5793,0.0008201254958796256,0.23992872277840058,0.0801102929567127,0.6791408587690045,25,30,10
19,5794,0.0008171465046030237,0.2399287227783965,0.07998044369193613,0.6792736870250645,25,30,10
19,5795,0.0008073909841680804,0.2399287227783629,0.07998046150506367,0.6792834247324057,25,30,10
19,5796,0.0008113862217467419,0.2399287227783983,0.0799804650961098,0.6792794259037452,25,30,10
19,5797,0.0008113495698799982,0.23992872277838986,0.08010995103735674,0.6791499766143706,25,30,10
19,5798,0.0008113505016743388,0.23992870524214033,0.08010996764181166,0.6791499766143707,25,30,10
19,5799,0.0008112036502070574,0.23992870524210286,0.08010996215286253,0.6791501289548247,25,30,10
19,5800,0.010982487059543805,0.23992870527538301,0.08011527676169548,0.6689735309033757,25,30,10
19,5801,0.05076179988570992,0.23992870528238733,0.04033565238427814,0.668973842447625,25,30,10
19,5802,0.05052915873352048,0.23992870528231466,0.04033554875903897,0.6692065872251263,25,30,10
19,5803,0.0505262335970981,0.23992870528233312,0.04033555075027337,0.669209510370296,25,30,10
19,5804,0.05052612580420281,0.23992870528231477,0.04033554935177147,0.6692096195617115,25,30,10
19,5805,0.0505301020092279,0.23992870528235874,0.04033555097309108,0.6692056417353226,25,30,10
19,5806,0.050531031289580815,0.2010258649628859,0.07923746200498011,0.6692056417425536,25,30,10
19,5807,0.05053108132668028,0.20102586496286817,0.07923085673263565,0.6692121969778164,25,30,10
19,5808,0.05052820828277096,0.2010258649628779,0.07923085947704876,0.6692150672773028,25,30,10
19,5809,0.050528247055053654,0.20102586496287106,0.07923086297712835,0.6692150250049473,25,30,10
19,5810,0.04034697891194597,0.2010258649295557,0.0792253904827615,0.6794017656757374,25,30,10
19,5811,0.040457302572367106,0.20102586492853625,0.07911536859174487,0.6794014639073522,25,30,10
19,5812,0.04045616012780033,0.2010258649286146,0.07911537497734975,0.679402599966236,25,30,10
19,5813,0.04045619572148523,0.20102638069632867,0.07911482361109315,0.6794025999710938,25,30,10
19,5814,0.04045314590185699,0.20102638069625706,0.07911481985404405,0.6794056535478429,25,30,10
19,5815,0.04045596646879478,0.20102638069624731,0.07911481713462044,0.6794028357003384,25,30,10
19,5816,0.04021293187778837,0.20102638069408651,0.07911463041364625,0.6796460570144796,25,30,10
19,5817,0.04021580606423101,0.2010263806940572,0.07911470685795291,0.6796431063837598,25,30,10
19,5818,0.040215805214755145,0.20102638069404755,0.07911470913844718,0.679643104952751,25,30,10
19,5819,0.03788904554655192,0.20102638089267486,0.08131388629316322,0.6797706872676099,25,30,10
19,5820,0.03788599417375702,0.2010263808926571,0.08131226460338307,0.679775360330203,25,30,10
19,5821,0.037881878056209455,0.2010263808926305,0.08131226116001537,0.6797794798911445,25,30,10
19,5822,0.037948449764035996,0.20102638089475688,0.08131239748485514,0.6797127718563517,25,30,10
19,5823,0.03795146522353725,0.2010263808947669,0.08131239754935794,0.6797097563323378,25,30,10
19,5824,0.03795425232542494,0.20102638089473046,0.08131239735749661,0.6797069694223478,25,30,10
19,5825,0.03964411067813841,0.2010263808136852,0.07975011991489624,0.6795793885932803,25,30,10
19,5826,0.03964018638682095,0.20102638081363267,0.07975011815777729,0.6795833146417692,25,30,10
19,5827,0.03964331083899813,0.20102317731979621,0.07975019690842206,0.6795833149327837,25,30,10
19,5828,0.039578524613540875,0.20102317731763275,0.07975000817854881,0.6796482898902777,25,30,10
19,5829,0.039585482596865354,0.2010231773176673,0.07975001060203336,0.679641329483434,25,30,10
19,5830,0.03958229115109512,0.20102317731768388,0.07975005163841668,0.6796444798928043,25,30,10
19,5831,0.039583093398482885,0.2009998612448012,0.07977256575010357,0.6796444796066123,25,30,10
19,5832,0.03958288271854153,0.20099986124477337,0.07977256590964735,0.679644690127038,25,30,10
19,5833,0.03958593433287345,0.19975853768874172,0.08101083785619119,0.6796446901221934,25,30,10
19,5834,0.03958300475836188,0.19975853768875954,0.08101075511191631,0.6796477024409618,25,30,10
19,5835,0.03957995681543129,0.20099947974000698,0.07977286100372401,0.6796477024408378,25,30,10
19,5836,0.03964896406213175,0.20099947974224314,0.07977316558754716,0.679578390608078,25,30,10
19,5837,0.03964596867293437,0.20099947974223373,0.07977319231588727,0.6795813592689446,25,30,10
19,5838,0.03964928012388173,0.20099947974223575,0.07977319547634834,0.6795780446575342,25,30,10
19,5839,0.03964766109721159,0.20099947974280202,0.07977335316546945,0.6795795059945172,25,30,10
19,5840,0.03964862506219011,0.20099947974283644,0.07977335481255401,0.6795785403824195,25,30,10
19,5841,0.03964559656427562,0.200999479742846,0.07977335338472683,0.6795815703081517,25,30,10
19,5842,0.03964756000173727,0.2009994797441335,0.07977136913161312,0.6795815911225186,25,30,10
19,5843,0.03964463477563089,0.20099947974415147,0.07977137040935643,0.6795845150708635,25,30,10
19,5844,0.03963940364654643,0.20099947974356863,0.07977121062906994,0.6795899059808174,25,30,10
19,5845,0.03963640783262365,0.20099947974355095,0.07977121085072043,0.679592901573107,25,30,10
19,5846,0.04010249556126648,0.20099947974699386,0.07930512238449633,0.6795929023072457,25,30,10
19,5847,0.04022227911367485,0.1999136025296081,0.08027121604489011,0.6795929023118268,25,30,10
19,5848,0.040233292431703836,0.19946656306951016,0.08070724218436982,0.6795929023144162,25,30,10
19,5849,0.04023122747754649,0.19946656306961014,0.08070726136290678,0.6795949480899366,25,30,10
19,5850,0.0407688204353608,0.19946656296942744,0.08016967391671093,0.6795949426784967,25,30,10
19,5851,0.040768802031341256,0.1994665629694093,0.08016967259212285,0.679594962407123,25,30,10
19,5852,0.04076789240760398,0.19946656296942805,0.08017194948886656,0.6795935951340978,25,30,10
19,5853,0.040759821745024176,0.19819280269752237,0.08145378042826623,0.6795935951291835,25,30,10
19,5854,0.04069296812731689,0.19819280269526962,0.08145347420363638,0.6796607549737733,25,30,10
19,5855,0.04069987313200815,0.19819280269528708,0.0814534771370549,0.6796538470356464,25,30,10
19,5856,0.04069388103009046,0.19822084555329725,0.08143142638106023,0.6796538470355489,25,30,10
19,5857,0.04069391648284177,0.19822084555330569,0.08143142554728042,0.679653812416569,25,30,10
19,5858,0.040923068803853,0.19823516456209078,0.08118795422176897,0.6796538124122844,25,30,10
19,5859,0.0409300068625903,0.1982060181304005,0.08121016259000405,0.6796538124170018,25,30,10
19,5860,0.040933019675026536,0.19820601813040967,0.08121016321892428,0.6796507989756363,25,30,10
19,5861,0.04092904313592834,0.19823240141047227,0.08118775648050641,0.6796507989730897,25,30,10
19,5862,0.04092897167950455,0.19823240141046242,0.08118775570061212,0.679650871209418,25,30,10
19,5863,0.04092897288539878,0.19823240141047094,0.08118771490170022,0.679650910802427,25,30,10
19,5864,0.04092571410315744,0.1982324014104869,0.08118771294928666,0.6796541715370662,25,30,10
19,5865,0.04092662462823341,0.19823148761092585,0.0811877162240375,0.6796541715368006,25,30,10
19,5866,0.04093261622450483,0.19823148761093465,0.0811877162666107,0.6796481798979477,25,30,10
19,5867,0.04093261724619402,0.19994934363167613,0.07946985922181607,0.679648179900314,25,30,10
19,5868,0.040931653285471985,0.19995030377392833,0.07946986304496305,0.679648179895637,25,30,10
19,5869,0.040938626271507926,0.19995030377395598,0.07946986755855172,0.6796412023959847,25,30,10
19,5870,0.040938557309663226,0.19995030377393783,0.07946986530102904,0.6796412736153702,25,30,10
19,5871,0.040938538612620166,0.1999501778587501,0.07947000990123082,0.6796412736273993,25,30,10
19,5872,0.040938661402162,0.1999499153994175,0.07947014957331856,0.6796412736251023,25,30,10
19,5873,0.04161605475031477,0.1999499154016166,0.0794705363234516,0.6789634935246174,25,30,10
19,5874,0.04161829673028138,0.19994821370144866,0.079469996045566,0.6789634935227042,25,30,10
19,5875,0.04161812009402253,0.19994840851343595,0.07946997787256602,0.6789634935199758,25,30,10
19,5876,0.04094066064776869,0.19994840851122858,0.07946959051796953,0.6796413403230334,25,30,10
19,5877,0.04094465933787893,0.19991308878918776,0.07950091155932315,0.6796413403136105,25,30,10
19,5878,0.04047960450511392,0.20070066726702923,0.07917840983057942,0.6796413183972776,25,30,10
19,5879,0.04048775375938022,0.2007006672686983,0.07917852569243546,0.6796330532794861,25,30,10
19,5880,0.04048787508379667,0.20070066726871616,0.07917852650229323,0.6796329311451941,25,30,10
19,5881,0.04048783879361561,0.20070066726875424,0.07918072305061448,0.6796307708870158,25,30,10
19,5882,0.04048776971706403,0.2007006855581046,0.07918077383785653,0.679630770886975,25,30,10
19,5883,0.04049064537603467,0.2007006855580954,0.07918085566091176,0.6796278134049584,25,30,10
19,5884,0.040488630078670804,0.200700685558149,0.07918089817447257,0.6796297861887072,25,30,10
19,5885,0.040488576993929576,0.20070092238964768,0.07918071442537851,0.6796297861910439,25,30,10
19,5886,0.040488650258023305,0.20073216610475422,0.07914939744631065,0.6796297861909113,25,30,10
19,5887,0.040378042136252956,0.20071783402884955,0.07927433734330312,0.6796297864915938,25,30,10
19,5888,0.04037492378001759,0.2007178340288225,0.07927433684335833,0.6796329053478009,25,30,10
19,5889,0.0403769545481779,0.20071783402877885,0.07927432639547267,0.6796308850275699,25,30,10
19,5890,0.04038302631506376,0.1999302555480856,0.08005583295868571,0.6796308851781662,25,30,10
19,5891,0.040376102558510096,0.199930255548043,0.0800558302611618,0.6796378116322864,25,30,10
19,5892,0.040144671360681915,0.199950155973598,0.0802673595451146,0.679637813120605,25,30,10
19,5893,0.04014465377443207,0.19995015597359095,0.08026736056131051,0.679637829690666,25,30,10
19,5894,0.040138679610473356,0.19995015604961103,0.08027333478246308,0.6796378295574521,25,30,10
19,5895,0.04014174639680044,0.1999501560496031,0.08027333519515491,0.6796347623584409,25,30,10
19,5896,0.04014372344840988,0.19995015604966543,0.08027334333455606,0.6796327771673678,25,30,10
19,5897,0.040140728328052246,0.19995015604965655,0.08027345907476038,0.6796356565475301,25,30,10
19,5898,0.04025507685345791,0.199950165948796,0.08015910484682333,0.6796356523509189,25,30,10
19,5899,0.04025818088075562,0.19994651229530838,0.08015965447275608,0.6796356523511762,25,30,10
19,5900,0.04025924925987855,0.19994651229525423,0.08015964654565792,0.6796345918992056,25,30,10
19,5901,0.04026198062119435,0.19994651229465688,0.08008943377494215,0.679702073309208,25,30,10
19,5902,0.040259899722315994,0.19994651229470117,0.08008943951224806,0.6797041484707361,25,30,10
19,5903,0.040256337878260294,0.1999465122207964,0.08015927592603356,0.679637873974906,25,30,10
19,5904,0.04025335771536402,0.1999494848112912,0.08015928349371697,0.6796378739796242,25,30,10
19,5905,0.040483769255302636,0.19994948481138156,0.08015937474918684,0.6794073711841253,25,30,10
19,5906,0.04048382114023811,0.19994948481137295,0.08015937459957029,0.679407319448815,25,30,10
19,5907,0.04048261998235999,0.19994948488599223,0.08016178261347047,0.6794061125181738,25,30,10
19,5908,0.04048368927224998,0.19994948488589587,0.0801617765602281,0.6794050492816228,25,30,10
19,5909,0.04046855012464245,0.1999494848841816,0.08016165634084178,0.6794203086503312,25,30,10
19,5910,0.04046556986788355,0.19994948488419328,0.08029114234939642,0.6792938028985246,25,30,10
19,5911,0.04046558558367821,0.19994948488420206,0.0802911415394219,0.6792937879926957,25,30,10
19,5912,0.040468510533016706,0.1999494848841581,0.08028885940489337,0.6792931451779299,25,30,10
19,5913,0.04048268401156107,0.19992958446904574,0.08029457863639428,0.6792931528829943,25,30,10
19,5914,0.04047970424702361,0.19992958446903678,0.08029457901746316,0.6792961322664718,25,30,10
19,5915,0.040479723047206664,0.19992958446898068,0.08029230010652476,0.6792983923772836,25,30,10
19,5916,0.04047365473917945,0.1999354052911142,0.08029254759251327,0.6792983923771894,25,30,10
19,5917,0.040474635394482865,0.1999354052911582,0.0802925237438077,0.6792974355705477,25,30,10
19,5918,0.0018029343214560653,0.19993682920815073,0.09037483776572648,0.7078853987046633,25,30,10
19,5919,0.0017999390386486882,0.19993682920815947,0.090374755442933,0.7078884763102551,25,30,10
19,5920,0.0017999383514004422,0.19993722316278667,0.09037436217559472,0.7078884763102145,25,30,10
19,5921,0.0018000596664124366,0.19993722316280446,0.0903742470671176,0.7078884701036621,25,30,10
19,5922,0.001803039778939394,0.1999372231628128,0.09037436281190407,0.7078853742463407,25,30,10
19,5923,0.0027101407504661664,0.19993722742957054,0.0894672365820238,0.707885395237936,25,30,10
19,5924,0.0027131887074456733,0.19993457250485958,0.08946684354975852,0.707885395237933,25,30,10
19,5925,0.0027111746296653006,0.19993457250490365,0.08946673062259841,0.7078875222428294,25,30,10
19,5926,0.0027102460074042117,0.19993457250486876,0.08946672817871784,0.7078884533090055,25,30,10
19,5927,0.0027103334974488565,0.19993457250488547,0.08946672987378829,0.707888364123874,25,30,10
19,5928,0.0027034170425690425,0.19993457250485186,0.09553806266463954,0.7018239477879368,25,30,10
19,5929,0.0027094607486695082,0.1999345725049073,0.09553811882368328,0.7018178479227369,25,30,10
19,5930,0.0014743793694177434,0.1999331386702727,0.08537899830461047,0.7132134836556961,25,30,10
19,5931,0.001473451747644688,0.19993406910940373,0.08537899548950655,0.713213483653442,25,30,10
19,5932,0.0014703477331147207,0.19993772287782596,0.08537844573587325,0.7132134836531833,25,30,10
19,5933,0.0014723604880763647,0.199937722877782,0.08537844202453786,0.7132114746096009,25,30,10
19,5934,0.0014752892668328426,0.19993772287776448,0.08537852375339654,0.7132084641020032,25,30,10
19,5935,0.001475558560904281,0.19993676697358914,0.08537921036323519,0.7132084641022683,25,30,10
19,5936,0.0014714915114609852,0.19993676696846144,0.08537907017014408,0.7132126713499305,25,30,10
19,5937,0.001474382277078558,0.19993676696846144,0.08537906816589225,0.7132097825885648,25,30,10
19,5938,0.001474431463231489,0.19993676696845175,0.08537906935856927,0.7132097322097444,25,30,10
19,5939,0.0014744132504636944,0.19993637470432282,0.0853794798015807,0.7132097322436296,25,30,10
19,5940,0.0014753430983980179,0.19993637470436482,0.08537950975371776,0.7132087724435163,25,30,10
19,5941,0.0017187560461767327,0.1999363747080378,0.08525025299792885,0.7130946162478541,25,30,10
19,5942,0.0014852770996333863,0.19993637470795586,0.08525016140408306,0.7133281867883252,25,30,10
19,5943,0.0014875000563872838,0.1999363747079131,0.08525017127581717,0.71332595395988,25,30,10
19,5944,0.0014944042896430532,0.19993637470794812,0.08525017367150342,0.713319047330903,25,30,10
19,5945,0.0014946528859427005,0.1999359896658673,0.08525031015320664,0.713319047294981,25,30,10
19,5946,0.001493702776014783,0.19993598966580614,0.08525030523854199,0.7133200023196351,25,30,10
19,5947,0.0014897070653723662,0.19993598966587714,0.08525039459975302,0.7133239086689953,25,30,10
19,5948,0.000594024083592633,0.1999359853217549,0.08614610273761175,0.7133238878570397,25,30,10
19,5949,0.0005945671384701522,0.1999359853217503,0.08614610795155069,0.7133233395882279,25,30,10
19,5950,0.0003581822359345381,0.19993598531816545,0.08614588314103418,0.7135599493048649,25,30,10
19,5951,0.0003581304823214421,0.19993598531815654,0.08614588294444238,0.7135600012550788,25,30,10
19,5952,0.0003690797609026389,0.1999359853182352,0.08614588856767648,0.7135490463531851,25,30,10
19,5953,0.0003670835668192919,0.19993598531815493,0.08614579914190433,0.7135511319731207,25,30,10
19,5954,0.00036702948465490535,0.19993598531816384,0.0861457167885743,0.713551268408606,25,30,10
19,5955,0.000368974673667829,0.19993598531824255,0.08614572146151316,0.7135493185465756,25,30,10
19,5956,0.0003667530429295762,0.19993598531829426,0.08614568373480483,0.7135515779039702,25,30,10
19,5957,0.00037274228812501475,0.19993598531828563,0.08614568320389003,0.7135455891896981,25,30,10
19,5958,0.00037195282832954893,0.19993598531828674,0.08614568284722109,0.7135463790061616,25,30,10
19,5959,0.00048563666960269204,0.19993598531829504,0.08614582536458457,0.7134325526475169,25,30,10
19,5960,0.0004856502129579561,0.19993598531830348,0.08007449023547819,0.7195038742332597,25,30,10
19,5961,0.0004857892889101199,0.1999359853183481,0.08007450606745986,0.7195037193252811,25,30,10
19,5962,0.00048572060951803243,0.19993598531832998,0.08007450598311332,0.719503788089038,25,30,10
19,5963,0.0004762410880559884,0.19993623407662287,0.08008373656808039,0.7195037882672405,25,30,10
19,5964,0.0004731586670574629,0.19993623407657793,0.08008372073719619,0.7195068865191679,25,30,10
19,5965,0.0004731603126808601,0.19993623407659564,0.08008372193240769,0.7195068836783153,25,30,10
19,5966,0.00047217618192553045,0.19993623407651703,0.0800837182301245,0.7195078715114325,25,30,10
19,5967,0.00047114233210318395,0.19993623407658626,0.08008369377153066,0.7195089298197795,25,30,10
19,5968,0.0004709431432769631,0.17412074189543575,0.10589938513454657,0.7195089298267421,25,30,10
19,5969,0.00046582686946026764,0.17412074189541585,0.10589937196837282,0.7195140592667524,25,30,10
19,5970,0.0006399696585211416,0.17412049763224996,0.10572547367121171,0.7195140590380192,25,30,10
19,5971,0.0006339801016796689,0.17412049763224982,0.10572547365571125,0.7195200486103611,25,30,10
19,5972,0.0006338409129995972,0.1741204976322134,0.10572547102022252,0.7195201904345665,25,30,10
19,5973,0.0006338578368698977,0.1741204976322309,0.1057254702903131,0.7195201742405878,25,30,10
19,5974,0.000635997929429385,0.1741204976321874,0.10572542776447609,0.719518076673909,25,30,10
19,5975,0.0006328776515033744,0.17412321674965242,0.10572582892498007,0.7195180766738664,25,30,10
19,5976,0.0006140305686842663,0.1741232166321246,0.10574468562680785,0.7195180671723809,25,30,10
19,5977,0.0006139971232178549,0.19993963124757605,0.07992830446171449,0.7195180671674949,25,30,10
19,5978,0.0009102228228806848,0.19993963341099985,0.07963206573029921,0.7195180780358241,25,30,10
19,5979,0.0008993089672198927,0.19993963341092932,0.07963870288402687,0.7195223547378278,25,30,10
19,5980,0.0008992572340429552,0.1999396334109207,0.07963209947968576,0.7195290098753544,25,30,10
19,5981,0.000896699395977186,0.19993963341095122,0.07963213765101405,0.7195315295420609,25,30,10
19,5982,0.0008949502452205006,0.19993963341094426,0.07963225918835594,0.7195331571554824,25,30,10
19,5983,0.0008949505635777493,0.1999396334109447,0.0796323146992663,0.7195331013262141,25,30,10
19,5984,0.0008978951536329102,0.19993631744130666,0.07963268607893115,0.7195331013261322,25,30,10
19,5985,0.0009048668778387579,0.19993631744133292,0.07963268846190301,0.7195261272189281,25,30,10
19,5986,0.0009078619326052824,0.1999228620793121,0.07964314876911495,0.7195261272189704,25,30,10
19,5987,0.000903882521623168,0.1999228620792412,0.079643144568771,0.7195301108303671,25,30,10
19,5988,0.0009040081063078445,0.19992286207925924,0.07964314613338765,0.7195299836810473,25,30,10
19,5989,0.0009061698731755149,0.19992286207933269,0.0796431792969756,0.7195277887505184,25,30,10
19,5990,0.0009061171982623927,0.19992277661893812,0.07964331743704274,0.7195277887457582,25,30,10
19,5991,0.0009030650501058102,0.19992277661895533,0.07964343351086056,0.7195307248200794,25,30,10
19,5992,0.0009040446793909807,0.1999227766189896,0.07964343448902188,0.7195297442125985,25,30,10
19,5993,0.0009050609102986005,0.1999227766189098,0.07964570508530426,0.7195264573854877,25,30,10
19,5994,0.0009051299243457471,0.19992277661892793,0.07964574661308371,0.7195263468436428,25,30,10
19,5995,0.0009052012998202587,0.19988066397964538,0.0796877878671975,0.7195263468533369,25,30,10
19,5996,0.0009061822965034802,0.19988066397968943,0.0796943553316039,0.7195187983922033,25,30,10
19,5997,0.0009121724451794219,0.19988066397970752,0.07969435812725507,0.7195128054478581,25,30,10
19,5998,0.0007976284518833264,0.19988066397961787,0.07969423572771739,0.7196274718407816,25,30,10
19,5999,0.0007946857861365242,0.19986241036215677,0.07971543200862019,0.7196274718430868,25,30,10
19,6000,0.0007967015273098901,0.19986241036213126,0.0797153886946444,0.7196254994159148,25,30,10
19,6001,0.0007937606986312966,0.19986241036213145,0.07971311044210648,0.7196307184971314,25,30,10
19,6002,0.0012527906126718156,0.1998624103642786,0.07958387740755281,0.7193009216154975,25,30,10
19,6003,0.0012567677803243186,0.19985879273482207,0.07958351785728675,0.7193009216275676,25,30,10
19,6004,0.0012566954238070781,0.19990091317240544,0.07954146978825545,0.7193009216155327,25,30,10
19,6005,0.0012557144268570707,0.19990091317236142,0.07953486237626989,0.719308510024512,25,30,10
19,6006,0.0012587250196903728,0.19990091317237105,0.07953486260315061,0.7193054992047887,25,30,10
19,6007,0.0012588019826255718,0.19990091526249232,0.07953478354532545,0.7193054992095581,25,30,10
19,6008,0.0012617240383839463,0.19990091526247408,0.0795347824303456,0.7193025782687975,25,30,10
19,6009,0.0012675344583750541,0.19990091526244516,0.07953480134399908,0.7192967489351817,25,30,10
19,6010,0.0012705469498228003,0.19990091526246373,0.0795348012871456,0.7192937365005685,25,30,10
19,6011,0.001270530972283159,0.19990091526243667,0.0795348822732452,0.7192936714920356,25,30,10
19,6012,0.001270532894265028,0.1999009152624373,0.0795349216217958,0.7192936302215024,25,30,10
19,6013,0.001277506045123272,0.19990091526247128,0.0795348877808725,0.7192866909115335,25,30,10
19,6014,0.001277441434561881,0.19990091526246584,0.07953488735868906,0.7192867559442838,25,30,10
19,6015,0.0008373658641668088,0.19990091526044856,0.07953481408048885,0.7197269047948965,25,30,10
19,6016,0.0008373642471273117,0.19990091339745586,0.07953481756377286,0.7197269047916447,25,30,10
19,6017,0.04035030848263281,0.19990090673831223,0.040021890669552015,0.7197268941095036,25,30,10
19,6018,0.04024856998972459,0.1999009067382797,0.04012362947312674,0.7197268937988711,25,30,10
19,6019,0.04024851817412475,0.1999009067382795,0.040123589272949144,0.7197269858146487,25,30,10
19,6020,0.04024867514329646,0.19990090673825545,0.040123601543616993,0.7197268165748331,25,30,10
19,6021,0.04024661041480977,0.1999009067383437,0.040123608892812995,0.7197288739540353,25,30,10
19,6022,0.04024661043659238,0.19990089707431033,0.040123618532767,0.7197288739563321,25,30,10
19,6023,0.04024953429516127,0.19990089707429157,0.04012357723752385,0.7197259913930251,25,30,10
19,6024,0.04024953306807283,0.19990089707429107,0.04012352173058512,0.7197260481270523,25,30,10
19,6025,0.04024262667461051,0.1999008970742746,0.04012351680435842,0.7197329594467576,25,30,10
19,6026,0.040239646960337334,0.1999008970742657,0.04012355788625058,0.7197358980791474,25,30,10
19,6027,0.0402327424077045,0.19990780324412102,0.0401235562834394,0.7197358980647359,25,30,10
19,6028,0.04022874966417004,0.19990780324406798,0.040123552477118976,0.7197398946146439,25,30,10
19,6029,0.04022575467787988,0.19990780324407717,0.040123551194259796,0.7197428908837842,25,30,10
19,6030,0.04022270640299838,0.19990780324407761,0.04012358466425702,0.7197459056886676,25,30,10
19,6031,0.04022270758456151,0.1999078032440863,0.04012358673028281,0.7197459024410707,25,30,10
19,6032,0.04021971136703947,0.19990780324409507,0.04012358682192331,0.7197488985669436,25,30,10
19,6033,0.04021653791191048,0.19991153017468455,0.04012303334438319,0.7197488985690231,25,30,10
19,6034,0.040215542460063904,0.19991153017474703,0.04012315944991699,0.7197497679152733,25,30,10
19,6035,0.04021554154837705,0.19991153017474686,0.04012315949025452,0.7197497687866228,25,30,10
19,6036,0.04021650299990315,0.1999422146961173,0.04009151351482247,0.7197497687891585,25,30,10
19,6037,0.04021646373759089,0.19994221469611742,0.04009139346778157,0.7197499280985116,25,30,10
19,6038,0.04021653364776286,0.19994221469613602,0.04009151065168904,0.7197497410044135,25,30,10
19,6039,0.04021546200220628,0.19994221469611687,0.04009149623824701,0.719750827063431,25,30,10
19,6040,0.040215514339384875,0.1999422146961345,0.04009145581558075,0.7197508151489009,25,30,10
19,6041,0.04021549897284516,0.19994221469612558,0.040091340755222894,0.719750945575807,25,30,10
19,6042,0.040461538938590724,0.19994221469834103,0.04009141169778523,0.7195048346652843,25,30,10
19,6043,0.04045963143906483,0.19994221469828738,0.040091444810654284,0.7195067090519948,25,30,10
19,6044,0.04045879441703265,0.19994345759840018,0.04009103892759001,0.7195067090569783,25,30,10
19,6045,0.04043978894027444,0.19994345759825824,0.04009085935397077,0.7195258941074972,25,30,10
19,6046,0.040436841336008646,0.19994345759825383,0.040090860465430936,0.7195288406003071,25,30,10
19,6047,0.04049584510565819,0.19988379284223265,0.040091521439445145,0.7195288406126646,25,30,10
19,6048,0.04049577865058045,0.19988379284220698,0.04009373778619381,0.7195266907210193,25,30,10
19,6049,0.050805293102260424,0.1998840557055708,0.029783960243190948,0.7195266909489781,25,30,10
19,6050,0.050806220111612115,0.19988405570559678,0.029784001613591172,0.7195257225692001,25,30,10
19,6051,0.05080720296237894,0.19988280702733893,0.029784267431486308,0.7195257225787955,25,30,10
19,6052,0.05079621715348636,0.19988280702727831,0.029784297359470937,0.7195366784597641,25,30,10
19,6053,0.05079712848280914,0.19988280702729522,0.029784299546941333,0.719535764942954,25,30,10
19,6054,0.050799143570712975,0.19988280702726907,0.02978425814678266,0.719533791255235,25,30,10
19,6055,0.05080230042611176,0.1998828070272538,0.029788919256540137,0.7195259732900939,25,30,10
19,6056,0.050804544510113715,0.19988280702719435,0.02978891353197065,0.7195237349307213,25,30,10
19,6057,0.05081151263428198,0.19988280702723707,0.02978669884225622,0.7195189814962248,25,30,10
19,6058,0.050752473482581786,0.19994249732841624,0.02978604770725871,0.7195189814817433,25,30,10
19,6059,0.05076420659856493,0.19994249732849384,0.02978605479701889,0.7195072412759224,25,30,10
19,6060,0.05076415520201639,0.1999424973285037,0.02978605500065617,0.7195072924688236,25,30,10
19,6061,0.05076422881326211,0.199942497328504,0.02978594123436995,0.7195073326238637,25,30,10
19,6062,0.05082718972642963,0.19994249733317823,0.02978614992960839,0.7194441630107835,25,30,10
19,6063,0.050815242928927515,0.19994249733309905,0.02978622675000654,0.7194560329879667,25,30,10
19,6064,0.05081617316382955,0.19994249733313268,0.02978614557917382,0.7194551839238638,25,30,10
19,6065,0.05081522670070217,0.19994346230973872,0.029786127075287987,0.719455183914271,25,30,10
19,6066,0.050814245186185714,0.19994346230970333,0.02978615240983254,0.7194561400942783,25,30,10
19,6067,0.050830323680113206,0.19994346230985494,0.02978608078227509,0.7194401332277566,25,30,10
19,6068,0.050833371213299464,0.19994346230983784,0.029786119110569897,0.7194370473662925,25,30,10
19,6069,0.050833370599484604,0.19994346230983737,0.029786003149298624,0.7194371639413792,25,30,10
19,6070,0.050836349433973596,0.19993274356259655,0.0297937430599383,0.7194371639434913,25,30,10
19,6071,0.050837277764117006,0.19993274356263124,0.029793746080077895,0.7194362325931736,25,30,10
19,6072,0.05083428290077805,0.1999327435626388,0.029793746137383878,0.7194392273991991,25,30,10
19,6073,0.05083725141939709,0.19993274356264112,0.02979383336137288,0.7194361716565888,25,30,10
19,6074,0.020521234801619534,0.19993274785735676,0.06010948702939987,0.719436530311625,25,30,10
19,6075,0.020758422435547434,0.1999327478595081,0.06010958821762315,0.7191992414873225,25,30,10
19,6076,0.020754445990589863,0.19993274785947274,0.06010958725749821,0.7192032188924401,25,30,10
19,6077,0.020989747156550366,0.1999327478617334,0.06010977921866473,0.7189677257630523,25,30,10
19,6078,0.02098987167841369,0.1999324325519992,0.06010997000610655,0.7189677257634816,25,30,10
19,6079,0.020992938162386576,0.19949255945587374,0.060546776620488074,0.718967725761252,25,30,10
19,6080,0.020992994508789987,0.19949255945588348,0.06054677883893875,0.7189676671963885,25,30,10
19,6081,0.020749720015145426,0.1994925594536042,0.0605466201841715,0.7192111003470798,25,30,10
19,6082,0.020682782883516427,0.19949255944888555,0.06054640778584736,0.7192782498817515,25,30,10
19,6083,0.02068567088846616,0.1994896781882368,0.06054640104418757,0.7192782498791095,25,30,10
19,6084,0.020688666207083085,0.19948967818824553,0.06054637280424498,0.7192752828004264,25,30,10
19,6085,0.02090884610781967,0.19948967819126692,0.06054657303705176,0.7190549026638614,25,30,10
19,6086,0.020911894373930418,0.19948967819129393,0.06054657293110517,0.7190518545036702,25,30,10
19,6087,0.0209148178605795,0.19948681008812774,0.0605465175479677,0.7190518545033249,25,30,10
19,6088,0.02091483894451556,0.1994868100881637,0.060546519668594465,0.719051831298726,25,30,10
19,6089,0.010602235955097716,0.19948687484609573,0.07077010674013767,0.7191407824586697,25,30,10
19,6090,0.010602201157497604,0.1994868748460879,0.07077010720333882,0.7191408167930764,25,30,10
19,6091,0.010605077148213838,0.1994865469938199,0.07076017443256762,0.7191482014253993,25,30,10
19,6092,0.010369777833947092,0.1994865469915592,0.07076006292724363,0.7193836122472507,25,30,10
19,6093,0.01037070519565812,0.19948654699159424,0.07076002596975871,0.7193827218429896,25,30,10
19,6094,0.010370689204526738,0.1994861710911306,0.07076041786849453,0.7193827218358487,25,30,10
19,6095,0.010131673949910885,0.19948617108900465,0.0707602814653676,0.7196218734957176,25,30,10
19,6096,0.010143707519304648,0.19948617108912955,0.07076333648579645,0.7196067849057702,25,30,10
19,6097,0.010140643218510463,0.1994893813051299,0.07076319057067469,0.7196067849056856,25,30,10
19,6098,0.010138506792064121,0.19989685402220597,0.07035785427543166,0.7196067849102988,25,30,10
19,6099,0.010135704488723689,0.19989685402224225,0.07035781694734203,0.7196096245416926,25,30,10
19,6100,0.010135842183268367,0.199896854022261,0.07035773579391641,0.7196095680005549,25,30,10
19,6101,0.01013883828026704,0.19989685402226087,0.07035792826825375,0.719606379429219,25,30,10
19,6102,0.010145794415234197,0.1998968540222954,0.07035801332088866,0.7195993382415824,25,30,10
19,6103,0.010144866192902295,0.19992925558345157,0.07032653998678585,0.7195993382368608,25,30,10
19,6104,0.010143867086830212,0.1999292555835324,0.0703265853678384,0.7196002919617994,25,30,10
19,6105,0.009904664035881944,0.1999292555803502,0.07032637359297707,0.7198397067907911,25,30,10
19,6106,0.009908408022248438,0.19992925558038252,0.07058788758397011,0.7195744488133998,25,30,10
19,6107,0.009911525859930383,0.19992925558038313,0.07058788956405991,0.719571328995627,25,30,10
19,6108,0.009918444251600673,0.19931252149267442,0.07119770525013697,0.7195713290055885,25,30,10
19,6109,0.009910387135558684,0.19931252149258452,0.07119465314917695,0.7195824382226802,25,30,10
19,6110,0.009908320562518683,0.19931497788495975,0.07119426332520548,0.7195824382273165,25,30,10
19,6111,0.010090235768681986,0.19931497788920724,0.0711966336842855,0.7193981526578257,25,30,10
19,6112,0.010092319665654667,0.19931497788919017,0.07119663399628466,0.7193960684488709,25,30,10
19,6113,0.0100883778442443,0.1993149778891742,0.0712888952404913,0.7193077490260906,25,30,10
19,6114,0.01009228575763958,0.19931497788921818,0.07128889893582219,0.7193038374173204,25,30,10
19,6115,0.010113453593820463,0.19931497795283945,0.07128910518689852,0.7192824632664419,25,30,10
19,6116,0.010113681340901041,0.19931497795282713,0.07128930339388334,0.7192820373123888,25,30,10
19,6117,0.01011662524397364,0.19931241748942413,0.07128891995413264,0.7192820373124701,25,30,10
19,6118,0.01012746552642317,0.19931241748946815,0.07128892348784648,0.7192711934962627,25,30,10
19,6119,0.010127324198630721,0.19931241748943165,0.07128892086339038,0.7192713374485478,25,30,10
19,6120,0.010123346519191284,0.1993124174894054,0.07128883814276636,0.7192753978486374,25,30,10
19,6121,0.010119263841539963,0.199312417489347,0.07128863530743365,0.7192796833616798,25,30,10
19,6122,0.01011939093034043,0.19931241748932027,0.07128863737276506,0.7192795542075742,25,30,10
19,6123,0.010117254123792874,0.19931241748936326,0.07128863900828375,0.7192816893785602,25,30,10
19,6124,0.010117389343436095,0.1993124174893897,0.0712886403881346,0.7192815527790397,25,30,10
19,6125,0.010117389310469498,0.1993124174893894,0.07128863759779809,0.7192815556023432,25,30,10
19,6126,0.010113412121237363,0.19992620760941318,0.07067882467697077,0.7192815555923789,25,30,10
19,6127,0.010089301220409129,0.1999262075457926,0.0706786192294684,0.7193058720043303,25,30,10
19,6128,0.010081384335583664,0.19992620754572127,0.07067861311133006,0.7193137950073654,25,30,10
19,6129,0.010080574804281251,0.19992620754567836,0.07067872535454381,0.7193144922954967,25,30,10
19,6130,0.010077578443705926,0.19993639444316325,0.0706715348200036,0.7193144922931272,25,30,10
19,6131,0.010076648201065339,0.19993732114346344,0.07067153836472416,0.7193144922907471,25,30,10
19,6132,0.010080783576234825,0.19993732114350013,0.07067624463713269,0.7193056506431317,25,30,10
19,6133,0.010077787422344928,0.1999325791741297,0.07068398276051772,0.7193056506430069,25,30,10
19,6134,0.01015150099874756,0.19985087919721892,0.07069196858997161,0.7193056512140599,25,30,10
19,6135,0.010158491172548056,0.19985087919724515,0.07069196918432596,0.7192986604458789,25,30,10
19,6136,0.010161312333889732,0.1998508791972358,0.07069185468909293,0.7192959537797795,25,30,10
19,6137,0.010161260008233088,0.19985092874716043,0.07069185746716536,0.7192959537774393,25,30,10
19,6138,0.010163098107347647,0.19985092874711427,0.07069180413977745,0.7192941690057587,25,30,10
19,6139,0.010162954207396093,0.19985092874711408,0.0706918023115808,0.7192943147339073,25,30,10
19,6140,0.010159958918419436,0.19985092874713217,0.07069180264084962,0.7192973096935968,25,30,10
19,6141,0.01016300815977187,0.19860959834362857,0.07193008380299744,0.7192973096936002,25,30,10
19,6142,0.010159084015987353,0.19860959834359462,0.0719300811488759,0.71930123649154,25,30,10
19,6143,0.010156106338707293,0.19860959834357592,0.07183781697166627,0.7193964783460486,25,30,10
19,6144,0.010153042753462002,0.19860959834358455,0.07183781811686207,0.7193995407860895,25,30,10
19,6145,0.0008317785589712619,0.19860959405400208,0.08115944495933673,0.7193991824276903,25,30,10
19,6146,0.0008317631038415054,0.19860959405399314,0.08115944225472095,0.7193992005874448,25,30,10
19,6147,0.0008338298346132022,0.19860959405395368,0.08116414137310729,0.719392434738326,25,30,10
19,6148,0.0008337062429303823,0.19860959405396106,0.08116414270388007,0.7193925569992287,25,30,10
19,6149,0.0008376335266666331,0.19983621263057846,0.0799335968387195,0.7193925570040345,25,30,10
19,6150,0.0008374955713275261,0.199836212630551,0.07993359538249944,0.7193926964156213,25,30,10
19,6151,0.0008425980868188476,0.199838576928422,0.07992612828783321,0.7193926966969254,25,30,10
19,6152,0.0008425301352310758,0.19983857692840412,0.07992612496055344,0.719392767975811,25,30,10
19,6153,0.0008405144681591279,0.19983857692843857,0.0799261279548035,0.7193947806485987,25,30,10
19,6154,0.0008404972709437056,0.19983857692842935,0.07992620772714534,0.7193947180734811,25,30,10
19,6155,0.000840550248864156,0.19982822015240473,0.07993651152282358,0.719394718075907,25,30,10
19,6156,0.0007667832797927253,0.19990930586964425,0.07992919334574507,0.7193947175048175,25,30,10
19,6157,0.0007697794456140274,0.19989923038223842,0.07993627266004552,0.7193947175121016,25,30,10
19,6158,0.0007698155577280261,0.199899230382257,0.07993627253128163,0.7193946815287329,25,30,10
19,6159,0.0007698167831261796,0.19989923038225713,0.07994097416171979,0.7193899786728964,25,30,10
19,6160,0.0007818458737529199,0.19989923038356686,0.08002527792278721,0.7192936458198926,25,30,10
19,6161,0.0007717459892971906,0.19990904518460417,0.08002556327301573,0.7192936455530825,25,30,10
19,6162,0.0007717804185984989,0.19990904518462266,0.08002556511145045,0.7192936092853279,25,30,10
19,6163,0.0007688022350156984,0.19991937457284942,0.08001821391404379,0.7192936092780906,25,30,10
19,6164,0.0007688056242307778,0.19991937457285006,0.08001821443894735,0.719293605363971,25,30,10
19,6165,0.0006052937517068114,0.19991937457442116,0.08018172393415918,0.7192936077397133,25,30,10
19,6166,0.0006043642029554074,0.19991937457438602,0.08018172245224672,0.7192945387704123,25,30,10
19,6167,0.0006072376776282431,0.19991937457437664,0.08018172170259369,0.719291666045402,25,30,10
19,6168,0.0006072420266823069,0.19991164616949056,0.08018944575820734,0.7192916660456201,25,30,10
19,6169,0.0006042431930247651,0.19992236883288517,0.08018172192868649,0.7192916660454038,25,30,10
19,6170,0.0006034047100559904,0.19992236883281536,0.08018167756101749,0.7192925488961123,25,30,10
19,6171,0.0006013382772201737,0.19992236883285527,0.08017697841828884,0.7192993144716369,25,30,10
19,6172,0.0006013006183780166,0.1999223688328409,0.08017704336085771,0.7192992871879246,25,30,10
19,6173,0.0005983215981568132,0.19992236883283282,0.08017704374558854,0.7193022658234227,25,30,10
19,6174,0.0005964641521978253,0.19990362074231047,0.080197649301331,0.7193022658041616,25,30,10
19,6175,0.0005964798485473612,0.19990362074232895,0.08019294851611262,0.7193069508930116,25,30,10
19,6176,0.0005995969682962837,0.1999003768155844,0.08019307532306577,0.7193069508930539,25,30,10
19,6177,0.0005966558238417418,0.19990037681558426,0.08019535219434525,0.719307615166229,25,30,10
19,6178,0.000585300928488016,0.1999003769237122,0.08011036998098937,0.7194039521668109,25,30,10
19,6179,0.0005882451773488849,0.19990037692370763,0.08011030242747749,0.7194010754714665,25,30,10
19,6180,0.0005882285630823001,0.19990037692368967,0.08011030222163433,0.7194010922915942,25,30,10
19,6181,0.000591292797593644,0.19990037692368134,0.08011030058419788,0.7193980296945276,25,30,10
19,6182,0.000591361332422043,0.1999080486261304,0.08010256034207616,0.7193980296993719,25,30,10
19,6183,0.0005882426806357626,0.19990804862613035,0.08010255931958676,0.7194011493736476,25,30,10
19,6184,0.010736786360172114,0.19990804895062753,0.06995398756773047,0.7194011771214714,25,30,10
19,6185,0.010743809787483342,0.19990140759394504,0.06995360548750529,0.7194011771310681,25,30,10
19,6186,0.010743860513908505,0.1999014075939363,0.06995360530718209,0.7194011265849748,25,30,10
19,6187,0.010739690227733916,0.1999014075939274,0.06994890189091645,0.7194100002874236,25,30,10
19,6188,0.010738742895543734,0.19990140759388308,0.06994889768305525,0.7194109518275192,25,30,10
19,6189,0.010735940869979593,0.1999014075939286,0.06994890293308373,0.7194137486030092,25,30,10
19,6190,0.010736905800390098,0.19990140759397199,0.06994894555504585,0.719412741050593,25,30,10
19,6191,0.010739954050726032,0.19990140759397262,0.06994894559438909,0.7194096927609133,25,30,10
19,6192,0.010742755122848495,0.19990140759392677,0.06994894033068125,0.7194068969525443,25,30,10
19,6193,0.01075879373857936,0.1999014075941241,0.06994903412017107,0.7193907645471264,25,30,10
19,6194,0.010739833611982448,0.19990140759397185,0.06994894364632864,0.719409815147718,25,30,10
19,6195,0.010735914278528881,0.19990140759392902,0.06968272757947934,0.7196799505480637,25,30,10
19,6196,0.010732953270858926,0.19990140759391012,0.06968272551300145,0.7196829136222307,25,30,10
19,6197,0.010731848129271814,0.19990140759389954,0.06968272303583152,0.719684021240998,25,30,10
19,6198,0.010732776918046494,0.1999004726397415,0.06968272920125809,0.7196840212409544,25,30,10
19,6199,0.010732724246120137,0.19990047263972383,0.0696827289369145,0.7196840741772422,25,30,10
19,6200,0.010734652159521628,0.19990047263979563,0.0696827684699691,0.7196821067307141,25,30,10
19,6201,0.010735598608376836,0.19990047263983976,0.06968277415666677,0.7196811545951172,25,30,10
19,6202,0.010550634694470158,0.19990047263557517,0.0696802102943867,0.7198686823755687,25,30,10
19,6203,0.010553739035438228,0.19990047263557503,0.06968021475808889,0.7198655735708985,25,30,10
19,6204,0.010550690641839632,0.19990310105623105,0.06968063472622496,0.7198655735757049,25,30,10
19,6205,0.01054977891388488,0.199903101056206,0.06968059449764195,0.7198665255322677,25,30,10
19,6206,0.010549985838121454,0.19990310105624293,0.06968071313821622,0.7198661999674204,25,30,10
19,6207,0.010543012896292059,0.19991008695613466,0.06968070018976064,0.7198661999578135,25,30,10
19,6208,0.010543029099134184,0.19991008695612575,0.0696807016533229,0.7198661822914184,25,30,10
19,6209,0.010540069536297032,0.19991008695615364,0.06968070321535669,0.7198691402921937,25,30,10
19,6210,0.010540052536064118,0.19987919219416633,0.06971161498242366,0.719869140287347,25,30,10
19,6211,0.010542984617587228,0.19987919219416692,0.06971161464713853,0.7198662085411084,25,30,10
19,6212,0.010543915206720591,0.1998791921942109,0.06971170028013432,0.7198651923189351,25,30,10
19,6213,0.010542968496315792,0.19987919219416697,0.06971169456193387,0.7198661447475843,25,30,10
19,6214,0.010780179816730457,0.19987919219742045,0.06971422393084278,0.7196264040550068,25,30,10
19,6215,0.010780111976275713,0.19990003571159798,0.06969344825707718,0.7196264040550492,25,30,10
19,6216,0.010780060606654172,0.19993116195336133,0.06966237338489126,0.7196264040550935,25,30,10
19,6217,0.010782983256295531,0.19993116195331673,0.06966399243890993,0.7196218623514778,25,30,10
19,6218,0.010542776378295083,0.19993116195007166,0.0696614638914113,0.719864597780222,25,30,10
19,6219,0.01054582707360399,0.19993116195005334,0.06966146150700106,0.7198615494693417,25,30,10
19,6220,0.010782692423849789,0.19993116700870453,0.06952093095841352,0.7197652096090335,25,30,10
19,6221,0.010782831339243959,0.19993116700872332,0.06961320149562246,0.7196728001564113,25,30,10
19,6222,0.010786094245083627,0.19992773713717604,0.06961336846119823,0.7196728001565432,25,30,10
19,6223,0.01078597455949752,0.19992773713718448,0.06961337014244702,0.7196729181608723,25,30,10
19,6224,0.01078597223344302,0.19992773713716663,0.06961328669088157,0.7196730039385099,25,30,10
19,6225,0.010789750295434995,0.1999245092140158,0.06961273654741786,0.7196730039431327,25,30,10
19,6226,0.010782901793416146,0.19993083590966446,0.06961325834631381,0.7196730039506067,25,30,10
19,6227,0.010779974651028557,0.199930835909692,0.06961325937613862,0.7196759300631421,25,30,10
19,6228,0.010781901989260165,0.19993083590978947,0.0696132654072885,0.7196739966936627,25,30,10
19,6229,0.010785822139672519,0.19993083590981464,0.06961326726535294,0.7196700746851608,25,30,10
19,6230,0.01078396466474172,0.19993083590972638,0.06961325991599651,0.7196719395095361,25,30,10
19,6231,0.0008565868349682866,0.19993083567259096,0.07954066782481957,0.7196719096676227,25,30,10
19,6232,0.0008536185316256067,0.1999308356725712,0.07954074925685442,0.7196747965389502,25,30,10
19,6233,0.0006399781410572071,0.19993083050440003,0.07975439512096162,0.7196747962335829,25,30,10
19,6234,0.0006429559716098729,0.1999308305044188,0.07975431400138558,0.7196718995225875,25,30,10
19,6235,0.0006429376617428982,0.199941565739332,0.0797435970759551,0.7196718995229712,25,30,10
19,6236,0.0006360335639120837,0.1999415657393151,0.07974359489826438,0.7196788057985095,25,30,10
19,6237,0.0006353530976917954,0.19994156574094293,0.0797420057761489,0.7196810753852176,25,30,10
19,6238,0.0006384191064372008,0.19994156574095276,0.07974200794605876,0.7196780072065525,25,30,10
19,6239,0.0006414335944297943,0.19993855795456486,0.07974200124726159,0.7196780072037449,25,30,10
19,6240,0.0006475665522785147,0.19993855795459287,0.07974200280777538,0.7196718726853542,25,30,10
19,6241,0.0006492833681486744,0.1999385579546351,0.07974189035103024,0.7196702683261867,25,30,10
19,6242,0.0006651963462728912,0.19993855795777155,0.07974200098815434,0.7196542447078019,25,30,10
19,6243,0.0006651963509565542,0.19993855795777182,0.07974200103586865,0.7196542446554035,25,30,10
19,6244,0.0006651972428437127,0.19993855795777177,0.07974200045481318,0.7196542443445721,25,30,10
19,6245,0.0006791607963759567,0.1999385579578517,0.0797420051538418,0.7196402760919314,25,30,10
19,6246,0.000676163850491748,0.19993855795784274,0.07974200499727607,0.7196432731943903,25,30,10
19,6247,0.0006911195505705513,0.19993855795795706,0.0797420130235555,0.7196283094679174,25,30,10
19,6248,0.0006793633169018391,0.19993855795787926,0.0797442899480657,0.7196377887771537,25,30,10
19,6249,0.0006863509721711848,0.19993855795816817,0.07987191374541554,0.7195031773242464,25,30,10
19,6250,0.0006862484361281319,0.199916784443291,0.07989378980602942,0.7195031773145527,25,30,10
19,6251,0.0006885136517527362,0.19991714207037212,0.07989113680624646,0.7195032074716317,25,30,10
19,6252,0.0006894946359186939,0.19991714207041578,0.07989113990121863,0.7195022233924497,25,30,10
19,6253,0.0006934377446727085,0.19991714207042452,0.0798911419184254,0.7194982782664799,25,30,10
19,6254,0.0006903509687466201,0.1999171420704256,0.07989113848669908,0.719501368474131,25,30,10
19,6255,0.0006873355702418649,0.19992029622707316,0.07989099972839062,0.7195013684742966,25,30,10
19,6256,0.0006893326656063199,0.19992029622712668,0.079891005755085,0.719499365352184,25,30,10
19,6257,0.0006912205285549069,0.19994081044049647,0.0798686036717851,0.7194993653591655,25,30,10
19,6258,0.00069807236306099,0.19994081044054307,0.0798686649823765,0.7194924522140215,25,30,10
19,6259,0.0006957575460635818,0.19994081043890646,0.07986863161781815,0.7194948003972137,25,30,10
19,6260,0.0006967914815085247,0.1999408104388528,0.07986851236084547,0.7194938857187952,25,30,10
19,6261,0.0006997535542605026,0.19993768818295518,0.07986867253922375,0.7194938857235627,25,30,10
19,6262,0.0007066928254862881,0.19993035025174652,0.07986907119465468,0.7194938857281146,25,30,10
19,6263,0.0007097039769587281,0.19993035025176387,0.07986907197262007,0.7194908737986594,25,30,10
19,6264,0.0007108429545288268,0.19992908548587562,0.0798691977702899,0.7194908737893077,25,30,10
19,6265,0.0007099685306942545,0.19992970504538218,0.07986945263937131,0.7194908737845539,25,30,10
19,6266,0.0007059917154727914,0.1999297050453548,0.07986944924206636,0.719494853997108,25,30,10
19,6267,0.0006940156715630414,0.19992970504524862,0.07986944212280403,0.719506837160386,25,30,10
19,6268,0.0006911061664041057,0.19992970504526122,0.07999892791185442,0.7193802608764815,25,30,10
19,6269,0.000672110895038396,0.1999297050421056,0.07999881649325659,0.7193993675696,25,30,10
19,6270,0.0006680662569391542,0.19992970504181745,0.09092290600053207,0.7084793227007101,25,30,10
19,6271,0.0006419529456087215,0.19992934752419866,0.09094940698092292,0.7084792925492706,25,30,10
19,6272,0.0006428999248662802,0.1999293475242258,0.09094941248023293,0.7084783400706759,25,30,10
19,6273,0.0006399900869546439,0.19992934752424457,0.09094941589294837,0.7084812464958532,25,30,10
19,6274,0.0006430040981852219,0.19992934752425376,0.09094941657785403,0.7084782317997081,25,30,10
19,6275,0.0006398519390063989,0.1999293475242254,0.09094713250633257,0.7084836680304369,25,30,10
19,6276,0.0006368365800880671,0.19993291609646546,0.09094657929786226,0.7084836680255856,25,30,10
19,6277,0.0006378153567097647,0.1999329160966069,0.07989271512933242,0.7195365534173527,25,30,10
19,6278,0.000635073560786461,0.1999329159898268,0.05095765803497407,0.7484743524144121,25,30,10
19,6279,0.0006329546310542175,0.1999351631508458,0.05095752979905295,0.7484743524190464,25,30,10
19,6280,0.000635861066318988,0.19993516315083304,0.050828043963590946,0.7486009318192564,25,30,10
19,6281,0.0006288004768219087,0.1999351631507788,0.05082804152826398,0.7486079948441346,25,30,10
19,6282,0.000628869447658486,0.199935163150788,0.05082804157408944,0.7486079258274636,25,30,10
19,6283,0.0006277820234017888,0.19993516315084023,0.05082804682018208,0.7486090080055756,25,30,10
19,6284,0.0006307782867915114,0.1999351631507509,0.0508280377135278,0.7486060208489294,25,30,10
19,6285,0.000626923872338207,0.19993516315061807,0.05082791234009924,0.7486100006369437,25,30,10
19,6286,0.0006269771553230528,0.19993516315060952,0.0508345140780534,0.7486033456160134,25,30,10
19,6287,0.0006259803775130999,0.19993516315058293,0.050834512604768456,0.7486043438671348,25,30,10
19,6288,0.0006259277093223561,0.19993516315058327,0.05083451321388438,0.7486043959262092,25,30,10
19,6289,0.0008622572483290479,0.19993516315326798,0.05083473595487318,0.748367843643529,25,30,10
19,6290,0.0008553370672900064,0.1999351631532245,0.050834848217766376,0.7483746515617186,25,30,10
19,6291,0.0008515514079741137,0.19993516315316145,0.05083478718028043,0.7483784982585836,25,30,10
19,6292,0.0008505853355888541,0.19993516315312637,0.05083478467745037,0.748379466833834,25,30,10
19,6293,0.0008506017340929876,0.19993516315312695,0.05083478473629861,0.748379450376481,25,30,10
19,6294,0.001081054368498664,0.19993516315323467,0.050834901261803594,0.7481488812164625,25,30,10
19,6295,0.0012729478299767236,0.1999351631605506,0.050837153779129986,0.7479547352303422,25,30,10
19,6296,0.0012690953658384256,0.19993902002105063,0.05083714938744431,0.7479547352256662,25,30,10
19,6297,0.0012681673801396111,0.19993902002101557,0.050837144916818094,0.7479556676820264,25,30,10
19,6298,0.0012672212346818658,0.1999399630348128,0.05083714805098599,0.7479556676795189,25,30,10
19,6299,0.0012702347007688452,0.19993996303482245,0.05083714820312843,0.74795265406128,25,30,10
19,6300,0.0012853816320716333,0.19993996303748995,0.05083727268758615,0.7479373826428519,25,30,10
19,6301,0.0012883434557834261,0.19993996303749795,0.05083727116692132,0.7479344223397968,25,30,10
19,6302,0.0012853487198840273,0.19993996303748982,0.050837271045093,0.7479374171975327,25,30,10
19,6303,0.001289399155044456,0.19993996303753456,0.05083727309556625,0.7479333647118545,25,30,10
19,6304,0.0012893683545733006,0.19992873674914283,0.050848530184290607,0.7479333647119921,25,30,10
19,6305,0.0012896033343006807,0.1982217839052136,0.052555248048040994,0.7479333647124435,25,30,10
19,6306,0.0017525489279623305,0.19775884589232376,0.052555240174962235,0.7479333650047506,25,30,10
19,6307,0.0018074216698945383,0.19775884589240456,0.05255531616061944,0.7478784162770806,25,30,10
19,6308,0.0018103814363042215,0.19775589241024338,0.052555309878584755,0.7478784162748666,25,30,10
19,6309,0.0018103277230709775,0.19775589241024305,0.052555308376702387,0.7478784714899827,25,30,10
19,6310,0.0018132707943731411,0.19775589241024258,0.052555306329887114,0.7478755304654964,25,30,10
19,6311,0.0018163350886839418,0.19775227482822416,0.052555859612793084,0.7478755304702979,25,30,10
19,6312,0.0018161583385381272,0.19775227482819685,0.05255585858278795,0.7478757082504768,25,30,10
19,6313,0.0018191565974040433,0.19775227482823193,0.05255597601285547,0.7478725925615082,25,30,10
19,6314,0.001819244330883336,0.19775227482820523,0.05255597377742098,0.74787250706349,25,30,10
19,6315,0.0018221867695729923,0.1977522748282054,0.0525560137802469,0.7478695246219742,25,30,10
19,6316,0.0018748635339714157,0.1977522747390865,0.05250333725191332,0.7478695244750297,25,30,10
19,6317,0.0016860373016502875,0.19775227473175352,0.05250108367467388,0.7480606042919231,25,30,10
19,6318,0.0016860382322595794,0.1977522747317532,0.05250104569837122,0.7480606413376168,25,30,10
19,6319,0.0016739229874802206,0.1977522747290584,0.052500918211314015,0.7480728840721479,25,30,10
19,6320,0.0012118353490349965,0.19821422717081547,0.052501053695593096,0.7480728837845569,25,30,10
19,6321,0.0011538618584054651,0.19821422717076126,0.052501006616159446,0.7481309043546743,25,30,10
19,6322,0.001211111854105839,0.1982142271708519,0.05276698012530527,0.7478076808497375,25,30,10
19,6323,0.0012112349868814826,0.19821422717090434,0.052773586377027455,0.7478009514651874,25,30,10
19,6324,0.0022322606802896564,0.19821424679287897,0.05175179149228442,0.7478017010345479,25,30,10
19,6325,0.002232155555056611,0.19821424679289773,0.051751791846347955,0.7478018058056984,25,30,10
19,6326,0.002232207415273904,0.19821424679289648,0.051751791753703875,0.7478017540381265,25,30,10
19,6327,0.0022321366692401898,0.1982142467928691,0.05175176431661863,0.7478018522212728,25,30,10
19,6328,0.002354486959064113,0.19821424679502817,0.05165980046141937,0.7477714657844894,25,30,10
19,6329,0.002127994997594261,0.19821424679493752,0.051659686127918415,0.7479980720795508,25,30,10
19,6330,0.0018946795296415312,0.1982142467922513,0.051659461756284664,0.7482316119218234,25,30,10
19,6331,0.0019006729015221696,0.19820863924719972,0.0516590759295011,0.7482316119217779,25,30,10
19,6332,0.0019006206453272226,0.19820863924720822,0.051652472728323684,0.7482382673791416,25,30,10
19,6333,0.0019046013567435701,0.19820863924722623,0.051652476223126895,0.7482342831729042,25,30,10
19,6334,0.0019197815944271806,0.1982086393078356,0.05165269203228563,0.7482188870654525,25,30,10
19,6335,0.0019188006541604249,0.19820863930779256,0.051652688943384095,0.7482198710946636,25,30,10
19,6336,0.0019157352491990364,0.19820863930780103,0.05165268840049682,0.748222937042504,25,30,10
19,6337,0.001911828066778443,0.19820863930781057,0.05165269031919473,0.7482268423062169,25,30,10
19,6338,0.0019049750442434556,0.1982149494479505,0.05165323320150538,0.7482268423063014,25,30,10
19,6339,0.0019079033022774096,0.19821494944794144,0.0516532310718102,0.7482239161779717,25,30,10
19,6340,0.0018907070962604399,0.19821494938736756,0.05165301775979206,0.7482413257565806,25,30,10
19,6341,0.0018910434877889965,0.19821494938739753,0.05165302135699166,0.7482409857678226,25,30,10
19,6342,0.0018910089231458668,0.1982155332282208,0.051652472082851265,0.7482409857657827,25,30,10
19,6343,0.00213111326865061,0.19797575393763633,0.051652146736439246,0.7482409860572744,25,30,10
19,6344,0.0021342855980272654,0.19797575393869796,0.05165215027469363,0.7482378101885818,25,30,10
19,6345,0.0021339309920366785,0.19797575393879233,0.051652157146028464,0.7482381579231432,25,30,10
19,6346,0.0021280182630682644,0.19797575393881942,0.05165218322965542,0.7482440445684574,25,30,10
19,6347,0.002005476369815542,0.19797575393663258,0.05165187575354331,0.748366893940009,25,30,10
19,6348,0.0020055270919359684,0.19797575393662367,0.05165187500854125,0.7483668439628999,25,30,10
19,6349,0.002009378324789021,0.1979614348720575,0.051662342835538506,0.7483668439676159,25,30,10
19,6350,0.002006243355887535,0.19796143487206522,0.05166234262377301,0.7483699791482753,25,30,10
19,6351,0.002006242368075925,0.19796143487205622,0.05166234198239596,0.7483699807774731,25,30,10
19,6352,0.0019993222849161913,0.19797921780543526,0.051651479134596806,0.7483699807750529,25,30,10
19,6353,0.0019991632318347293,0.19797921780440003,0.051651592907430814,0.7483700260563357,25,30,10
19,6354,0.00199987138659596,0.19968873847070476,0.0499413640797666,0.7483700260629333,25,30,10
19,6355,0.0020067217165070073,0.19968873847068597,0.04993476126066869,0.748369778552139,25,30,10
19,6356,0.002006755268199104,0.19968873847068688,0.04993476229847594,0.7483697439626389,25,30,10
19,6357,0.0020037955511963694,0.19968873847066862,0.049934646537195135,0.7483728194409406,25,30,10
19,6358,0.002000710815518968,0.1996887384706146,0.049934640586195206,0.7483759101276715,25,30,10
19,6359,0.0020006399156416595,0.19968873847061336,0.04993463982054449,0.7483759817932006,25,30,10
19,6360,0.002003275053294751,0.19968873846794774,0.038884016706596115,0.7594239697721612,25,30,10
19,6361,0.0020032135126894514,0.1996887384679388,0.03888410735071071,0.7594239406686608,25,30,10
19,6362,0.0019962388568131803,0.19968873846790405,0.038884103793865574,0.7594309188814169,25,30,10
19,6363,0.0022325276542870965,0.19945945653563413,0.03887709663723828,0.7594309191728402,25,30,10
19,6364,0.002230555287934521,0.19945945653555763,0.03900657406384586,0.7593034141126619,25,30,10
19,6365,0.0022275429501606384,0.19945945653559427,0.03900657633107229,0.7593064241831726,25,30,10
19,6366,0.0022297276526437675,0.19945945653553845,0.03887712929256344,0.7594336865192542,25,30,10
19,6367,0.002298612592236461,0.19945945653817426,0.03887739222626609,0.759364538643323,25,30,10
19,6368,0.002301607843903295,0.1994594565381658,0.03887739066969023,0.7593615449482405,25,30,10
19,6369,0.0023017457847221818,0.1994594565382021,0.038877475796866484,0.7593613218802091,25,30,10
19,6370,0.00230469069873125,0.19945945653820193,0.03887747721582941,0.7593583755472372,25,30,10
19,6371,0.0022986962673402144,0.19945945653820207,0.038877475283959836,0.7593643719104979,25,30,10
19,6372,0.002306719652915574,0.19945945653825517,0.03887748109279021,0.759356342716039,25,30,10
19,6373,0.0023096803151144555,0.19945649540326812,0.038877481563073864,0.7593563427185437,25,30,10
19,6374,0.0023106095528374823,0.19945649540330287,0.03887748454673035,0.7593554104971294,25,30,10
19,6375,0.002309681025824883,0.1994564954032766,0.038877481645832136,0.7593563419250664,25,30,10
19,6376,0.0023117489019755634,0.1994564954032331,0.0388773626538069,0.7593543930409845,25,30,10
19,6377,0.002074532723431259,0.19969443484012306,0.0388766396917731,0.7593543927446725,25,30,10
19,6378,0.0020775267894784983,0.1996944348401143,0.03887663813751191,0.7593514002328952,25,30,10
19,6379,0.0020844990294038033,0.19969443484016713,0.038876757825443524,0.7593443083049852,25,30,10
19,6380,0.002080524027067328,0.19969443484012306,0.03887663831674187,0.7593484028160675,25,30,10
19,6381,0.0025285846138044282,0.19969443484222008,0.038876934185558674,0.7589000463584165,25,30,10
19,6382,0.0025286532747980884,0.19925825662563362,0.039313043743440405,0.7589000463561275,25,30,10
19,6383,0.0025365710445750794,0.1992582566257043,0.039313051299779744,0.7588921210299407,25,30,10
19,6384,0.002469753916732958,0.19925825662302452,0.039312785681208245,0.7589592037790339,25,30,10
19,6385,0.002466774917937438,0.19925825662304253,0.03931281492791327,0.7589621535311065,25,30,10
19,6386,0.0025336803169436223,0.1734199796524861,0.06508418619397904,0.7589621538365912,25,30,10
19,6387,0.0031734032629664516,0.17341997971513506,0.0648205080552233,0.7585861089666754,25,30,10
19,6388,0.0031625594706083966,0.17341997971509143,0.06482050488129172,0.7585969559330086,25,30,10
19,6389,0.003159598815643632,0.17341997971507375,0.06482038771366283,0.7586000337556197,25,30,10
19,6390,0.0031595988390743235,0.173419979715083,0.06482027254486103,0.7586001489009816,25,30,10
19,6391,0.0029263450573032983,0.17365306518364768,0.06482044114964437,0.7586001486094047,25,30,10
19,6392,0.0029264340756306804,0.1736527795529874,0.06482063776452753,0.7586001486068539,25,30,10
19,6393,0.0029294284772563876,0.17365277955297798,0.06482063706166787,0.7585971549080973,25,30,10
19,6394,0.0029403600869655393,0.17365277955305633,0.06482064361975495,0.7585862167402228,25,30,10
19,6395,0.0022406204295907675,0.17365277949037175,0.06481845480956036,0.7592881452704769,25,30,10
19,6396,0.0022445811640737306,0.17364881640865765,0.06481845715687397,0.7592881452703945,25,30,10
19,6397,0.002244601379196268,0.17364881640864036,0.06481845866527859,0.7592881235468846,25,30,10
19,6398,0.0022444924563050587,0.1736488164085945,0.06481835072886179,0.7592883404062384,25,30,10
19,6399,0.00224456034440538,0.17364881640861263,0.06481835203476968,0.7592882712122119,25,30,10
19,6400,0.002247556151175337,0.17364881640858598,0.06481834819752837,0.7592852792427096,25,30,10
19,6401,0.002244577766111296,0.173648816408657,0.06481835241442108,0.75928825341081,25,30,10
19,6402,0.0022435077798847046,0.17364881640875393,0.07106588218437297,0.7530417936269874,25,30,10
19,6403,0.0022464532700008284,0.1736488164087541,0.0710658836590301,0.7530388466622139,25,30,10
19,6404,0.002250236207628917,0.17364881640878843,0.07106584568664082,0.7530351016969408,25,30,10
19,6405,0.0022502364959145825,0.17364881640878907,0.07106584665465912,0.7530351004406366,25,30,10
19,6406,0.0022532316454327715,0.17408194000564778,0.07062972790829224,0.7530351004406266,25,30,10
19,6407,0.0022531076932254144,0.1740817122213425,0.07063007964267806,0.7530351004427536,25,30,10
19,6408,0.002252967260821493,0.17408171222129906,0.07062999602061591,0.7530353244972633,25,30,10
19,6409,0.0022490592658742955,0.17408562158164476,0.07062999465271105,0.7530353244997697,25,30,10
19,6410,0.002258046730066082,0.174085621581627,0.0643824727506916,0.7592738589376151,25,30,10
19,6411,0.002261955897393082,0.17408131798086618,0.06438286718654714,0.7592738589351934,25,30,10
19,6412,0.002261939904031652,0.1740813179808394,0.06438286575453366,0.7592738763605951,25,30,10
19,6413,0.002262186661326013,0.1740813179808235,0.06438286655050458,0.7592736288073456,25,30,10
19,6414,0.002262119338597568,0.17408138358530884,0.06438286826878799,0.7592736288073054,25,30,10
19,6415,0.002262066461073782,0.17408138358531755,0.06438286838110877,0.7592736815725,25,30,10
19,6416,0.002258287448750858,0.17408138358528297,0.06438289646554295,0.7592774325004235,25,30,10
19,6417,0.002254365610000845,0.17408569217104275,0.06438250972325048,0.7592774324957062,25,30,10
19,6418,0.0022565592461527514,0.1740856921711178,0.06438484799916448,0.759272900583565,25,30,10
19,6419,0.002253620482591529,0.17405714606801065,0.06441633286570647,0.7592729005836916,25,30,10
19,6420,0.03868305211080929,0.17405712662703926,0.027987447788713374,0.7592723734734382,25,30,10
19,6421,0.03868299833621024,0.1740571266270479,0.027987447931554662,0.7592724271051873,25,30,10
19,6422,0.03868001772371725,0.17405712662703976,0.027987448945427755,0.7592754067038149,25,30,10
19,6423,0.03884123468312419,0.19883063569376216,0.0030527232057066538,0.7592754064174057,25,30,10
19,6424,0.03884421379878904,0.1988306356937712,0.0030527235530871406,0.7592724269543514,25,30,10
19,6425,0.038844284014649504,0.19883063569378084,0.0030527257285902537,0.7592723545629784,25,30,10
19,6426,0.038851817576866364,0.19883395789381084,0.00304186995832443,0.7592723545709973,25,30,10
19,6427,0.038851959631386095,0.19883395789383085,0.003041871871264671,0.7592722106035172,25,30,10
19,6428,0.03884974815019336,0.19883395789388306,0.0030418445801760406,0.7592744493757465,25,30,10
19,6429,0.038847735513791254,0.1988339578939179,0.0030418756990851364,0.7592764308932048,25,30,10
19,6430,0.03883978127189061,0.19883395789385663,0.0030418685923689097,0.7592843922418833,25,30,10
19,6431,0.040895260869559476,0.19883395771257623,0.0009866117628075492,0.7592841696550562,25,30,10
19,6432,0.0415845636089867,0.1988339577188534,0.000987149988534578,0.7585943286836244,25,30,10
19,6433,0.041587614851292164,0.19883395771883589,0.0009871222737528804,0.7585913051561185,25,30,10
19,6434,0.041579644488759636,0.19883395771876544,0.0009871147818345282,0.7585992830106398,25,30,10
19,6435,0.04157966209048352,0.19883395771877527,0.000987115452084426,0.7585992647386562,25,30,10
19,6436,0.041582520679864246,0.19883395771874807,0.0009871131999290579,0.7585964084014581,25,30,10
19,6437,0.04158637477538384,0.19883395771879164,0.0009871178481007745,0.7585925496577233,25,30,10
19,6438,0.04158544500203511,0.1988339577187477,0.0009871966731968059,0.7585934006060198,25,30,10
19,6439,0.041593821931091096,0.19883395771873422,0.000987370760586758,0.7585848495895877,25,30,10
19,6440,0.0415908237466283,0.198833957718733,0.000987367868293281,0.7585878506663452,25,30,10
19,6441,0.04158703687003465,0.19883395841036056,0.00099096609783047,0.7585880386217739,25,30,10
19,6442,0.04113897874238488,0.19883395840826373,0.000990672315745482,0.7590363905336056,25,30,10
19,6443,0.04113892341541556,0.19883395840828139,0.0009906715526727594,0.7590364466236299,25,30,10
19,6444,0.04113904758971788,0.19883395840826468,0.0009906733197173664,0.7590363206822996,25,30,10
19,6445,0.041133718746807116,0.19883395840820742,0.0009906109269934528,0.7590417119179916,25,30,10
19,6446,0.04113762446449823,0.198833958408214,0.000995314034962601,0.759033103092325,25,30,10
19,6447,0.009246022017848415,0.19884934193938342,0.030508655940817957,0.7613959801019509,25,30,10
19,6448,0.009246952201847427,0.19884934193942577,0.030508697397427828,0.7613950084612995,25,30,10
19,6449,0.008557857484720916,0.1988493419331768,0.030508159805425965,0.7620846407766768,25,30,10
19,6450,0.008556631084030035,0.19884934193322837,0.030508164450084908,0.7620858625326572,25,30,10
19,6451,0.008553510991077748,0.19884934193324497,0.030508278567327775,0.7620888685083499,25,30,10
19,6452,0.0012994752621826948,0.19883536634624588,0.040139151595654114,0.7597260067959187,25,30,10
19,6453,0.0012996299281923002,0.19883482629328078,0.040139536982357754,0.7597260067961706,25,30,10
19,6454,0.0013026093158822003,0.19883482629328875,0.04013953451518866,0.7597230298756417,25,30,10
19,6455,0.0012985429260567829,0.19883482629326107,0.040139557105603185,0.7597270736750804,25,30,10
19,6456,0.001296269039164884,0.19883482629332977,0.04013956057816105,0.7597293440893457,25,30,10
19,6457,0.0012942405892169967,0.19883482629337348,0.04013956428328903,0.7597313688341218,25,30,10
19,6458,0.00130528000966667,0.19883482629340893,0.04013945598538311,0.7597204377115425,25,30,10
19,6459,0.0013013387671380239,0.1988348262933931,0.04013942625263964,0.7597244086868303,25,30,10
19,6460,0.0013043003410998732,0.1988348262934111,0.040139427566729724,0.7597214457987603,25,30,10
19,6461,0.0015446606430438616,0.1988348262965665,0.04013954181786395,0.759480971242527,25,30,10
19,6462,0.0015446069016918406,0.1988124801011305,0.040161941752269455,0.759480971244909,25,30,10
19,6463,0.001549334317699312,0.19881248010108973,0.040159688283661656,0.7594784972975502,25,30,10
19,6464,0.00121903288107191,0.19881107197435569,0.0404209870041686,0.759548908140405,25,30,10
19,6465,0.0012184158513058494,0.1975945400580245,0.041638135955993985,0.7595489081346805,25,30,10
19,6466,0.0012204291399844191,0.19759454005797192,0.04163813233106778,0.7595468984709802,25,30,10
19,6467,0.001214419809396557,0.19759454005815408,0.04163344374282603,0.7595575963896276,25,30,10
19,6468,0.000983374302443132,0.1986622063848738,0.04079682293243486,0.7595575963802524,25,30,10
19,6469,0.000991487421255756,0.19866220638695328,0.040796886277762325,0.7595494199140327,25,30,10
19,6470,0.0009886136297577461,0.19866220638698048,0.040796890400287715,0.7595522895829779,25,30,10
19,6471,0.000988560445591512,0.19866220638698895,0.04079689127017794,0.7595523418972452,25,30,10
19,6472,0.000982570205287643,0.19866220638699006,0.04079688937173095,0.7595583340359948,25,30,10
19,6473,0.0009704778633959433,0.19866220638487508,0.0407967422236922,0.7595705735280401,25,30,10
19,6474,0.0007289774445775266,0.19866220638179866,0.040796517739832006,0.759812298433795,25,30,10
19,6475,0.0007369482284055666,0.19867637162196697,0.04077438170865641,0.7598122984409741,25,30,10
19,6476,0.0007399808205417944,0.1986733519309795,0.0407743688172886,0.7598122984311932,25,30,10
19,6477,0.0007400862547140289,0.1986733519309615,0.04077436855339577,0.7598121932609315,25,30,10
19,6478,0.0007380874772990851,0.19867335193096292,0.040774385730752476,0.7598141748609883,25,30,10
19,6479,0.0007399441203519701,0.1986733519310154,0.040774504209170184,0.7598121997394652,25,30,10
19,6480,0.0007380192589525203,0.19867335193094468,0.04077449814766851,0.7598141306624369,25,30,10
19,6481,0.0007350759264826917,0.19867335193094468,0.04077452460668154,0.7598170475358939,25,30,10
19,6482,0.0007411840148479139,0.19867335193151664,0.04077459129115699,0.759810872762481,25,30,10
19,6483,0.0007411827754404072,0.19867331980845013,0.04077462465354552,0.7598108727625656,25,30,10
19,6484,0.0008089749953283226,0.19867331981153208,0.04077476483456136,0.7597429403585798,25,30,10
19,6485,0.0009304837752497602,0.1986733198135103,0.04077501749307356,0.759621178918168,25,30,10
19,6486,0.006506448465462852,0.19867332040474484,0.0352696444304172,0.7595505866993751,25,30,10
19,6487,0.006504311630048098,0.19867332040478833,0.03526972964474937,0.7595526383204141,25,30,10
19,6488,0.006506391229050124,0.19867332040473598,0.03526972534348579,0.7595505630227279,25,30,10
19,6489,0.0005498590174146656,0.19867332016266853,0.04122627998300425,0.7595505408369145,25,30,10
19,6490,0.0005458642453296898,0.19866672028899443,0.041236874623916474,0.7595505408417615,25,30,10
19,6491,0.0005389455038835246,0.19868450758445136,0.04122600608431269,0.7595505408273546,25,30,10
19,6492,0.0005380901857456561,0.1986845075844619,0.04122758948457535,0.7595498127452186,25,30,10
19,6493,0.00046929968710191893,0.1986845075813264,0.04122737005189667,0.7596188226796765,25,30,10
19,6494,0.0004822341878623681,0.19865679872171035,0.04124214439616015,0.7596188226942691,25,30,10
19,6495,0.0004821647060521019,0.19865679872170097,0.04124214375963884,0.7596188928126097,25,30,10
19,6496,0.0004873060272380781,0.1986567987238243,0.04124217599024997,0.7596137192586894,25,30,10
19,6497,0.00047825382346565465,0.19865679872324435,0.04124222443919666,0.7596227230140953,25,30,10
19,6498,0.0004812502426571716,0.19865679872323636,0.041242141831758915,0.7596198092023495,25,30,10
19,6499,0.0004902381090146373,0.19865679872325404,0.04124214466671596,0.7596108185010171,25,30,10
19,6500,0.0004902903573063543,0.19865679872324687,0.04124214320840171,0.7596107677110464,25,30,10
19,6501,0.0004934670337534976,0.19865679872486638,0.041242236251855774,0.7596074979895256,25,30,10
19,6502,0.0004902362404649128,0.19865679872325404,0.041242143244327,0.7596108217919554,25,30,10
19,6503,0.0005560585915814778,0.19865679872645703,0.04124234646099992,0.7595447962209626,25,30,10
19,6504,0.0005560587254563948,0.1986567987264568,0.04124886803208487,0.7595382745160032,25,30,10
19,6505,0.0005530636484977222,0.19865679872644823,0.04124886989712416,0.7595412677279312,25,30,10
19,6506,0.000430537370461654,0.1986567987242537,0.041248717104292336,0.7596639468009931,25,30,10
19,6507,0.00042965975444280346,0.19865679872424574,0.04124871605551956,0.7596648254657928,25,30,10
19,6508,0.0003658361823946064,0.19865679872104114,0.04124849563962494,0.7597288694569403,25,30,10
19,6509,0.000358915750218529,0.1986641483792611,0.04124806641851157,0.7597288694520097,25,30,10
19,6510,0.0003597936489729185,0.19866414837926805,0.04124806737710558,0.7597279905946545,25,30,10
19,6511,0.00036390842428487224,0.19866414837932186,0.04124807109972407,0.75972387209667,25,30,10
19,6512,0.00035088704012468643,0.19866993224548957,0.041255308632519895,0.7597238720818668,25,30,10
19,6513,0.0003467708083404732,0.1986699322454353,0.04125542003616485,0.7597278769100604,25,30,10
19,6514,0.00034678757049272623,0.19866993224545124,0.047503249275171855,0.7534800309088853,25,30,10
19,6515,0.004989498852392732,0.19866993155791718,0.042860516320373646,0.7534800532693191,25,30,10
19,6516,0.004993579643522487,0.1986445707332949,0.04288179551795984,0.7534800541052252,25,30,10
19,6517,0.004995627694312791,0.19864457073329686,0.042881780001001936,0.7534780215713904,25,30,10
19,6518,0.00499564402082351,0.19864457073335035,0.04288186588987917,0.7534779193559487,25,30,10
19,6519,0.004987533198377161,0.19864457073330652,0.042881857716601045,0.7534860383517185,25,30,10
19,6520,0.0049803765586494166,0.1986445707311915,0.042881828053578167,0.7534932246565841,25,30,10
19,6521,0.004983338417589969,0.1986628764012735,0.04286056136012091,0.7534932238210188,25,30,10
19,6522,0.0052195095333639925,0.19844834569459532,0.04283892065241751,0.7534932241196262,25,30,10
19,6523,0.0052224311937751795,0.19844834569454067,0.042837294118970345,0.7534919289927169,25,30,10
19,6524,0.005219437557589035,0.19844834569453365,0.04283886319701598,0.7534933535508643,25,30,10
19,6525,0.005219439551671968,0.1984483456945515,0.04283882352109443,0.7534933912326848,25,30,10
19,6526,0.005219406562029226,0.19844834569461764,0.04283885651797712,0.7534933912253787,25,30,10
19,6527,0.005218476432199107,0.19844834569458225,0.042838853486232606,0.7534943243869886,25,30,10
19,6528,0.00521942258531486,0.19844670778714404,0.042839545230898245,0.7534943243966452,25,30,10
19,6529,0.040438298823560294,0.1984467076138445,0.007620691237284851,0.7534943023253109,25,30,10
19,6530,0.040450339866265485,0.1984467076149517,0.007620875539576411,0.7534820769792069,25,30,10
19,6531,0.0404543159200125,0.198446707614987,0.00762076270040354,0.7534782137645974,25,30,10
19,6532,0.040454281500114236,0.19844670761495078,0.007620747151516821,0.7534782637334184,25,30,10
19,6533,0.040454334985229476,0.1984467076148974,0.007620662296914295,0.7534782951029594,25,30,10
19,6534,0.04045139064602583,0.19844670761489677,0.007620663654791228,0.7534812380842867,25,30,10
19,6535,0.04045147965780105,0.19844670761493247,0.007620549408733302,0.7534812633185335,25,30,10
19,6536,0.04045443918809489,0.1984467076149135,0.007620547993668123,0.7534783052033239,25,30,10
19,6537,0.04045352554953899,0.1984467076148789,0.007620545006050947,0.7534792218295315,25,30,10
19,6538,0.04045650278228446,0.19844670761496755,0.007620552862652959,0.7534762367400955,25,30,10
19,6539,0.040449582359851355,0.19844670761492544,0.007620551414877877,0.7534831586103458,25,30,10
19,6540,0.040689757179184154,0.1984467076170953,0.007620852378657356,0.7532426828250637,25,30,10
19,6541,0.04069282304654684,0.1984467076169977,0.007620845278017879,0.7532396240584381,25,30,10
19,6542,0.04069380041371136,0.19844670761703917,0.007619279119393065,0.7532402128498569,25,30,10
19,6543,0.040697723015043846,0.19844670761708247,0.007619398105443395,0.7532361712624307,25,30,10
19,6544,0.04069767066606499,0.19844670761707384,0.007619398598445048,0.7532362231184164,25,30,10
19,6545,0.04069675833756093,0.1984467076170482,0.007619396278561527,0.7532371377668298,25,30,10
19,6546,0.04069884285772723,0.19844670761707653,0.007619451023055077,0.753234998502141,25,30,10
19,6547,0.04069199142238448,0.19969187460112192,0.00638113547404707,0.7532349985024461,25,30,10
19,6548,0.04069500483671674,0.19969187460114055,0.006381109082426993,0.753232011479716,25,30,10
19,6549,0.04069502295442146,0.19969187460115026,0.006381110525074317,0.7532319919193542,25,30,10
19,6550,0.04069497195157561,0.199691874601149,0.006380993465405762,0.7532321599818697,25,30,10
19,6551,0.0407059370847613,0.19969187460121923,0.006380997479090885,0.7532211908349287,25,30,10
19,6552,0.040710193898831154,0.1996918746013007,0.006381007342419385,0.753216924157449,25,30,10
19,6553,0.04047199928379937,0.19969187459923662,0.006380714407414226,0.7534554117095502,25,30,10
19,6554,0.04046572927957225,0.19969187459919052,0.006380707627195986,0.7534616884940415,25,30,10
19,6555,0.04058620709015251,0.19969187460138418,0.006380987730062177,0.7533409305784015,25,30,10
19,6556,0.040350037140340696,0.19992880952649092,0.006380223053374212,0.7533409302797945,25,30,10
19,6557,0.04035389125577869,0.19991721772216192,0.006387960727897455,0.7533409302941624,25,30,10
19,6558,0.04035175622136908,0.1999172177222322,0.006387966791238936,0.7533430592651602,25,30,10
19,6559,0.04034383864841721,0.19991721772212645,0.00638795711791361,0.7533509865115429,25,30,10
19,6560,0.04022423604020963,0.19991721771992235,0.00638762360246503,0.7534709226374031,25,30,10
19,6561,0.040222167159997324,0.19991721771995694,0.006387627273488739,0.753472987846557,25,30,10
19,6562,0.04021512556479509,0.19991721771990392,0.006387622062268939,0.7534800346530323,25,30,10
19,6563,0.04021598512687711,0.19991635987856435,0.006387620341871949,0.7534800346526868,25,30,10
19,6564,0.040332358600914636,0.1999163598811934,0.006271246810595144,0.753480034707297,25,30,10
19,6565,0.040340309063447564,0.1999163598812065,0.006271221434224355,0.7534721096211215,25,30,10
19,6566,0.04033326493920595,0.19992302307709994,0.006271602362911126,0.753472109620783,25,30,10
19,6567,0.035783878557332664,0.19992302316970192,0.010820987929297927,0.7534721103436677,25,30,10
19,6568,0.03578275263701072,0.1999230231686658,0.010820809712551692,0.7534734144817719,25,30,10
19,6569,0.03577485174971606,0.19992302316861327,0.010820804955614991,0.7534813201260557,25,30,10
19,6570,0.03577089262164132,0.1999230231685879,0.010820688230183093,0.7534853959795879,25,30,10
19,6571,0.035769912555464245,0.19992400691624643,0.010820684553376316,0.7534853959749133,25,30,10
19,6572,0.03576986128552423,0.19992400691625517,0.01082068517645227,0.7534854466217683,25,30,10
19,6573,0.035765866957586434,0.19992400691621978,0.010820684155062954,0.7534894419711309,25,30,10
19,6574,0.03576501184383316,0.19992400691621337,0.010822304462376925,0.7534886767775764,25,30,10
19,6575,0.03575901961718143,0.19992400691620416,0.010822302289838217,0.753494671176776,25,30,10
19,6576,0.03576112246342842,0.1999240069161689,0.010822327192606038,0.7534925434277963,25,30,10
19,6577,0.03576117855013084,0.19992400691617815,0.01082232803078991,0.7534924865029007,25,30,10
19,6578,0.035761177627645614,0.1999240078117643,0.010822328057692683,0.7534924865028968,25,30,10
19,6579,0.035761374514074455,0.19875196585451452,0.011994172960618159,0.7534924866707923,25,30,10
19,6580,0.03576132209982126,0.1987519658546304,0.011994184324947484,0.7534925277206004,25,30,10
19,6581,0.03576436989645952,0.19875196585463248,0.005746355893112149,0.7597373083557959,25,30,10
19,6582,0.03576727793251667,0.19875196585461335,0.005746393721138951,0.7597343624917311,25,30,10
19,6583,0.03576733205247071,0.1987519658545955,0.005746393373714822,0.7597343087192191,25,30,10
19,6584,0.0357643356205666,0.19875196585461335,0.00574636669773511,0.759737331827085,25,30,10
19,6585,0.03576447501334016,0.1987522182043894,0.0057459749479209345,0.7597373318343495,25,30,10
19,6586,0.03576648956029242,0.19875221820432787,0.005745968019519268,0.7597353242158605,25,30,10
19,6587,0.035755593390899225,0.19875221820426678,0.0057459632503541625,0.7597462251544802,25,30,10
19,6588,0.03575552087760402,0.19875221820424696,0.005744339855902876,0.7597479210622463,25,30,10
19,6589,0.035754555040482326,0.1987522182042036,0.005744453038087041,0.7597487737172274,25,30,10
19,6590,0.03575664124303978,0.19875221820418734,0.0057444509187580504,0.7597466896340153,25,30,10
19,6591,0.03575664326515356,0.19875221820418734,0.005744450867778255,0.7597466876628813,25,30,10
19,6592,0.03576355870712483,0.198752218204222,0.005996027286590303,0.759488195802063,25,30,10
19,6593,0.03576648618148318,0.19875221820420338,0.006088290293609419,0.7593930053207042,25,30,10
19,6594,0.035766591528244455,0.19875221820417696,0.006088291882072943,0.7593928983855058,25,30,10
19,6595,0.0357645768778494,0.19875221820407846,0.006088283936235101,0.7593949209818373,25,30,10
19,6596,0.035757657088075365,0.19875221820404357,0.005836706762391734,0.7596534179454895,25,30,10
19,6597,0.035990846183823255,0.19851854457063492,0.0058371908711857216,0.7596534183743561,25,30,10
19,6598,0.03598883081533592,0.1985185445707067,0.005745014179424655,0.7597476104345326,25,30,10
19,6599,0.035985902227515104,0.19851854457070656,0.005745014616934194,0.7597505385848443,25,30,10
19,6600,0.035986010289438514,0.1985185445707508,0.005744900965387886,0.7597505441744228,25,30,10
19,6601,0.035983013934940515,0.1985185445707252,0.005744902128641146,0.7597535393656935,25,30,10
19,6602,0.035982136775541046,0.19852010333960798,0.005744220524010398,0.75975353936084,25,30,10
19,6603,0.03597915730975092,0.19852010333958234,0.005744223093800334,0.7597565162568658,25,30,10
19,6604,0.03598200927363916,0.1996890992841875,0.004572375353202394,0.7597565160889702,25,30,10
19,6605,0.03599206331923774,0.19968909928423248,0.004565776351230062,0.7597530610452989,25,30,10
19,6606,0.03575580441491321,0.19992584822277124,0.004565286745843362,0.7597530606164716,25,30,10
19,6607,0.03575874840287613,0.1999229106771368,0.0045652803012600765,0.7597530606187263,25,30,10
19,6608,0.03575661074398071,0.1999229106771806,0.004565280412457819,0.7597551981663802,25,30,10
19,6609,0.03575454435347799,0.19992291067720686,0.004565282070568649,0.7597572628987459,25,30,10
19,6610,0.03575167118308285,0.199922910677225,0.004565245449568525,0.7597601726901232,25,30,10
19,6611,0.03574867516995584,0.19992589742347147,0.004565254718788519,0.7597601726877837,25,30,10
19,6612,0.03574874599267988,0.19992589742348088,0.004565295380605323,0.7597600612032335,25,30,10
19,6613,0.035744822913933126,0.19993755919730483,0.004557556699852693,0.7597600611889084,25,30,10
19,6614,0.035747818524313024,0.19993755919729683,0.00455755615346618,0.759757066124923,25,30,10
19,6615,0.03574771317883252,0.19993755919732353,0.004557556583342091,0.7597571710405009,25,30,10
19,6616,0.03574769569523361,0.19993755919731399,0.004557593842659528,0.7597571512647917,25,30,10
19,6617,0.03598099516974416,0.19993755919947623,0.004557934060578938,0.7595235115701999,25,30,10
19,6618,0.03598001404048102,0.19993755919941297,0.004557847547973364,0.7595245792121321,25,30,10
19,6619,0.03597990900465682,0.1999375591993865,0.004557846632798282,0.7595246851631575,25,30,10
19,6620,0.03598292334693789,0.19993755919939685,0.004557807380876961,0.7595217100727877,25,30,10
19,6621,0.035982905109365276,0.19993755919937883,0.004557806049579377,0.7595217296416757,25,30,10
19,6622,0.03598292473751916,0.19991513275193307,0.004580212863756678,0.7595217296467902,25,30,10
19,6623,0.03598294325289726,0.1999151327519405,0.00458020899592409,0.759521714999237,25,30,10
19,6624,0.0359829263519233,0.1999151327519318,0.004580208388548105,0.7595217325075965,25,30,10
19,6625,0.035985938552603174,0.1999151327519413,0.004580211110139917,0.7595187175853152,25,30,10
19,6626,0.03598675183763734,0.1999140345049116,0.004580496064525835,0.7595187175929243,25,30,10
19,6627,0.03599067454063467,0.19991011543205484,0.0045804924272450755,0.7595187176000645,25,30,10
19,6628,0.03599272595670358,0.1999101154320197,0.004580487741307247,0.7595166708699687,25,30,10
19,6629,0.035997667452976605,0.19991011543194712,0.00458048247435555,0.7595117346407201,25,30,10
19,6630,0.03600578157546062,0.19991011543303594,0.004580518178574146,0.7595035848129288,25,30,10
19,6631,0.03600775999864206,0.19991011543311502,0.00458052341518816,0.7595016011530545,25,30,10
19,6632,0.03600782918577844,0.19991011543312429,0.004580562052274789,0.7595014933288219,25,30,10
19,6633,0.008937432446010434,0.1999101167671081,0.0050910474601921964,0.7860614033266897,25,30,10
19,6634,0.00893736296204065,0.19991011676709872,0.005091044733679268,0.7860614755371819,25,30,10
19,6635,0.008933390838435496,0.19991408509670336,0.005091048532436748,0.7860614755324249,25,30,10
19,6636,0.008933392715256285,0.19991408509670383,0.005091047157211819,0.7860614750308287,25,30,10
19,6637,0.008932441499154602,0.19991531588739295,0.005090767597461366,0.7860614750159918,25,30,10
19,6638,0.0005780211043175381,0.1999153144560581,2.3346525819711848e-05,0.7994833179138054,25,30,10
19,6639,0.0005780743664904355,0.19991531445603947,2.3348709800305054e-05,0.7994832624676705,25,30,10
19,6640,0.0005782517725459488,0.19991531445605915,2.33519788577813e-05,0.7994830817925379,25,30,10
19,6641,0.0003419558920716626,0.19991531445387903,2.315455191108951e-05,0.7997195751021386,25,30,10
19,6642,0.0003409373672390868,0.19991531445394894,2.3162570448175563e-05,0.7997205856083641,25,30,10
19,6643,0.00034090157947944366,0.19991531445394098,2.3166644176426473e-05,0.799720617322404,25,30,10
19,6644,0.0003418652764091607,0.19991531445397537,2.316759214695094e-05,0.7997196526774695,25,30,10
19,6645,0.00033498426993785904,0.19991531445398392,2.3287365568957764e-05,0.7997264139105105,25,30,10
19,6646,0.0003539117929113863,0.19991531445514238,2.3406426627729905e-05,0.7997073673253197,25,30,10
19,6647,0.0003561216679444742,0.19991531445509952,2.3405370747867052e-05,0.7997051585062093,25,30,10
19,6648,0.0003620959644547208,0.19991531445509028,2.340465077306363e-05,0.7996991849296827,25,30,10
19,6649,0.00036211100316364467,0.19991530560312828,2.339846402251106e-05,0.7996991849296866,25,30,10
19,6650,0.00035404648398214186,0.1999153056020212,2.3362466017603404e-05,0.7997072854479798,25,30,10
19,6651,0.00036096796639228094,0.19990838413200435,2.336245354000348e-05,0.7997072854480636,25,30,10
19,6652,0.00036086096294792155,0.1999083841320207,2.336184053128309e-05,0.7997073930645001,25,30,10
19,6653,0.0003419858321342937,0.19990838413089768,2.33561173311267e-05,0.7997262739196371,25,30,10
19,6654,0.00034195140565125814,0.1999083841309197,2.3425339302680353e-05,0.7997262391241263,25,30,10
19,6655,0.0003352379685484088,0.19819713195481076,0.0017413909405140473,0.7997262391361266,25,30,10
19,6656,0.0003351871419880511,0.19819713195480182,0.0017413907865395217,0.7997262901166705,25,30,10
19,6657,0.0003382027514754838,0.19819357315912664,0.0017419339726814562,0.799726290116716,25,30,10
19,6658,0.0003312459724611135,0.19819357315909222,0.0017419320631245705,0.7997332488053215,25,30,10
19,6659,0.00033391554514809583,0.19990832732560557,2.4508340808775396e-05,0.799733248788437,25,30,10
19,6660,0.0003317235398489108,0.19990832732568412,2.4514031659744673e-05,0.7997354351028068,25,30,10
19,6661,0.000571118034217464,0.19990832732894545,2.45895512665378e-05,0.79949596508557,25,30,10
19,6662,0.0008118174958426437,0.1999083273290327,0.00011629079661973858,0.7991635643785044,25,30,10
19,6663,0.0005740439105330985,0.19990832732892688,2.4472303032592907e-05,0.7994931564575068,25,30,10
19,6664,0.0005760593219917568,0.19990832732890076,2.4468945404999763e-05,0.7994911444037018,25,30,10
19,6665,0.0005790384784106972,0.19990832732890904,2.4521918880169183e-05,0.7994881122737997,25,30,10
19,6666,0.0005790897913988629,0.19990832732891314,2.4456122520248413e-05,0.7994881267571672,25,30,10
19,6667,0.0005790910892565137,0.19993017969489138,2.6024589199568108e-06,0.7994881267569312,25,30,10
19,6668,0.0005760431229276907,0.19993017969489177,2.6422389976617883e-06,0.7994911349431821,25,30,10
19,6669,0.0005778998972672503,0.19993017969494456,2.6075252590929804e-06,0.7994893128825283,25,30,10
19,6670,0.0007537909402938187,0.19975448899541182,2.4068875504384773e-06,0.7994893131767432,25,30,10
19,6671,0.0007568546725380909,0.19975448899542936,2.4077036152942477e-06,0.7994862486284164,25,30,10
19,6672,0.0007568558009442959,0.19975448899546522,2.410284555817772e-06,0.7994862449190339,25,30,10
19,6673,0.0007568197843638741,0.19975448899547438,4.649912037466402e-06,0.7994840413081241,25,30,10
19,6674,0.0007566966003706064,0.19975448899542972,4.64715585151271e-06,0.7994841672483485,25,30,10
19,6675,0.0008274528349905603,0.199754488997611,4.833876150692674e-06,0.7994132242912481,25,30,10
19,6676,0.0008245071602590953,0.19975798001656575,4.288531796891541e-06,0.7994132242913785,25,30,10
19,6677,0.0008247926644903271,0.19975798001814826,1.0923335104958041e-05,0.7994063039822565,25,30,10
19,6678,0.0008218132469641755,0.19975798001813996,1.0924246577889526e-05,0.799409282488318,25,30,10
19,6679,0.0008197802046017628,0.1997605618080982,1.0375489334275434e-05,0.7994092824979658,25,30,10
19,6680,0.0008276830408465636,0.19976056180812385,1.0381746646461492e-05,0.7994013734043831,25,30,10
19,6681,0.0008276140901454529,0.19976056180812446,1.0463766753727047e-05,0.7994013603349763,25,30,10
19,6682,0.0008296806472394229,0.19975810606476363,1.0852962713380891e-05,0.7994013603252835,25,30,10
19,6683,0.0007619053058245519,0.19975810606259065,1.0663832119037608e-05,0.799469324799466,25,30,10
19,6684,0.0007647416590519664,0.19975810606253766,1.0541913882725998e-05,0.7994666103645283,25,30,10
19,6685,0.0007678581632441445,0.19975810606253763,1.0502597777489276e-05,0.7994635331764414,25,30,10
19,6686,0.0007648447900053001,0.19975810606251948,1.0499755254098974e-05,0.7994665493922217,25,30,10
19,6687,0.0007657732346688499,0.19975810606252778,1.4830502374180859e-05,0.7994612902004296,25,30,10
19,6688,0.0007657917073002786,0.19975810606255467,1.4777011547990512e-05,0.7994613252185974,25,30,10
19,6689,0.0007657897366689607,0.19975810606256406,1.4774200123807428e-05,0.7994613300006435,25,30,10
19,6690,0.0007709953365829386,0.1997581060625049,1.4784903741780423e-05,0.7994561136971713,25,30,10
19,6691,0.03972045070209786,0.19975810606573602,2.5976872477879464e-05,0.7604954663596891,25,30,10
19,6692,0.03972344663314307,0.19975810606584304,2.598812766521467e-05,0.7604924591733496,25,30,10
19,6693,0.03972032756814195,0.19975810606584285,2.5985098476371994e-05,0.7604955812675394,25,30,10
19,6694,0.03970934475411067,0.199758106065763,2.5976850432203408e-05,0.7605065723296947,25,30,10
19,6695,0.03970629724217598,0.19975810606578975,2.5977831135234247e-05,0.7605096188608995,25,30,10
19,6696,0.03970930976774772,0.1997581060658082,2.5980626689422384e-05,0.760506603539755,25,30,10
19,6697,0.03970647811604045,0.19975810606688862,2.760862697525779e-05,0.7605078071900961,25,30,10
19,6698,0.039709457570110594,0.19975810606689692,2.9812134306242948e-05,0.7605026242286865,25,30,10
19,6699,0.0397054798850401,0.1997581060668617,2.9809641477852437e-05,0.7605066044066204,25,30,10
19,6700,0.03970847593717016,0.19975810606687128,2.981051570444105e-05,0.7605036074802543,25,30,10
19,6701,0.03971252302993586,0.19975810606691582,2.760981309627033e-05,0.7605017610900522,25,30,10
19,6702,0.03971643002267908,0.19975810606690686,2.760956937253405e-05,0.7604978543410417,25,30,10
19,6703,0.039713625510912245,0.19975810606693334,2.7610832118728823e-05,0.7605006575900358,25,30,10
19,6704,0.03970565424999232,0.19975810606686234,2.7604743441366725e-05,0.7605086349397042,25,30,10
19,6705,0.03970584751349486,0.19975810606685468,2.763420145793636e-05,0.7605084122181929,25,30,10
19,6706,0.03970587285499319,0.19972661748405598,5.909744282850736e-05,0.7605084122181226,25,30,10
19,6707,0.039708938655570104,0.19970851846629017,7.41306596308152e-05,0.7605084122185092,25,30,10
19,6708,0.03970900879967832,0.1997085184663083,7.413293450987853e-05,0.7605083397995038,25,30,10
19,6709,0.03953016941070293,0.19988770057708075,7.379051176320286e-05,0.7605083395004537,25,30,10
19,6710,0.03953316916699067,0.19988469415649956,7.379717614081047e-05,0.7605083395003694,25,30,10
19,6711,0.039530035378027274,0.19990246802346534,5.9157098566598144e-05,0.7605083394999412,25,30,10
19,6712,0.015874380023636323,0.19990246807866516,0.024739946018908613,0.7594832058787908,25,30,10
19,6713,0.015925396319689734,0.19990246807876524,0.02474003248319877,0.7594321031183471,25,30,10
19,6714,0.015927304751098447,0.19990246807880868,0.024740039075119707,0.7594301880949736,25,30,10
19,6715,0.015927373298634136,0.19990246807880804,0.02473995701167957,0.7594302016108785,25,30,10
19,6716,0.015924426535245034,0.19990542167307024,0.024739950183188766,0.7594302016084954,25,30,10
19,6717,0.015931276522364687,0.19990542167308706,0.024739950425512944,0.7594233513790347,25,30,10
19,6718,0.015935984122487697,0.1999054216714691,0.024733310512164482,0.7594252836938786,25,30,10
19,6719,0.015935930172846734,0.1992962147583911,0.025342571374855752,0.7594252836939057,25,30,10
19,6720,0.01593391506810304,0.19929621475841716,0.025342573757690473,0.7594272964157887,25,30,10
19,6721,0.015932917713849158,0.19929621475839043,0.02534256883133952,0.7594282986964203,25,30,10
19,6722,0.015925750006399998,0.19929621475837123,0.02534255248255349,0.7594354827526747,25,30,10
19,6723,0.015927750527181452,0.19929621475830062,0.025342544918477147,0.7594334897960399,25,30,10
19,6724,0.015930554713425207,0.19929621475827314,0.025342542892174268,0.7594306876361264,25,30,10
19,6725,0.015934600590576387,0.19929621475831816,0.025342544557612617,0.7594266400934919,25,30,10
19,6726,0.015931551791305076,0.1992962147583355,0.025342544855789864,0.7594296885945685,25,30,10
19,6727,0.015933632999640606,0.199296214758305,0.02534482206547657,0.7594253301765768,25,30,10
19,6728,0.015941603534514136,0.1998978920641002,0.024735174215272954,0.7594253301861117,25,30,10
19,6729,0.016174886330799953,0.19989789206675113,0.024735396367610053,0.7591918252348381,25,30,10
19,6730,0.016176988745796955,0.1998978920667157,0.024728785703873653,0.7591963334836129,25,30,10
19,6731,0.01618511663423383,0.1998978920667341,0.024728921446702464,0.7591880698523288,25,30,10
19,6732,0.016185114196757496,0.19989789206673378,0.02472892136902878,0.7591880723674791,25,30,10
19,6733,0.016182238914448793,0.19989789206675193,0.024728922673783033,0.7591909463450152,25,30,10
19,6734,0.016184415438203495,0.1998978920667361,0.02472892109065451,0.759188771404405,25,30,10
19,6735,0.01618533047718372,0.19931864034499802,0.02530725776376254,0.7591887714140545,25,30,10
19,6736,0.015952047746035477,0.19931864034234859,0.025307035702515013,0.7594222762090997,25,30,10
19,6737,0.01595211604235293,0.1993189553364289,0.025306652407317755,0.7594222762138991,25,30,10
19,6738,0.015951193475236474,0.19992911642953032,0.024697413891002776,0.7594222762042293,25,30,10
19,6739,0.0159360928267318,0.19992911642946762,0.024697276999664602,0.7594375137441347,25,30,10
19,6740,0.015937021427974558,0.19992763237199782,0.024697832448621164,0.7594375137514052,25,30,10
19,6741,0.01593409311914459,0.19992763237200686,0.024697833137717742,0.7594404413711296,25,30,10
19,6742,0.01593409069361824,0.19990579462442234,0.024719673306065684,0.7594404413758926,25,30,10
19,6743,0.015933997722014207,0.19990579462441238,0.02472627646070371,0.7594339311928685,25,30,10
19,6744,0.015930230952493175,0.1999057946244052,0.02472627698699123,0.7594376974361091,25,30,10
19,6745,0.01593119491206947,0.1999057946244391,0.024726279919297194,0.7594367305441933,25,30,10
19,6746,0.015927147462164514,0.1999057946243944,0.024726278762878945,0.7594407791505613,25,30,10
19,6747,0.0159222267965668,0.19990579462422584,0.024730971839619285,0.7594410067395875,25,30,10
19,6748,0.01592821709741966,0.19989996120522566,0.024730814957938566,0.7594410067394155,25,30,10
19,6749,0.01593126680275206,0.19989691132875906,0.024730815133833545,0.7594410067346548,25,30,10
19,6750,0.01592820298365077,0.19989691132876733,0.02473081473392313,0.7594440709536578,25,30,10
19,6751,0.015930393048759525,0.19989691132884935,0.024726228233831363,0.7594464673885589,25,30,10
19,6752,0.01593392229533185,0.1998969113289173,0.06036584782290031,0.7238033185528504,25,30,10
19,6753,0.015697633353753845,0.1998969113256564,0.06036562783218585,0.724039827488404,25,30,10
19,6754,0.015697505737399906,0.1998969199599472,0.06036574681195466,0.7240398274906975,25,30,10
19,6755,0.015700434061074756,0.19989691995993816,0.060365746107753034,0.7240368998712334,25,30,10
19,6756,0.015707356484193816,0.19989691995996473,0.06036575057503349,0.7240299729808073,25,30,10
19,6757,0.01570754912835759,0.1998969199600182,0.06036583704395042,0.7240296938676731,25,30,10
19,6758,0.016167067693783992,0.1998973952338886,0.06425028432759515,0.7196852527447315,25,30,10
19,6759,0.016170921832304837,0.1998935489412643,0.0642502764769805,0.7196852527494496,25,30,10
19,6760,0.016170910546650742,0.19989354894125552,0.0642502758724239,0.7196852646396692,25,30,10
19,6761,0.016167985628178963,0.19989354894124806,0.06425027803270829,0.7196881873978641,25,30,10
19,6762,0.016164993077141584,0.1998935489412615,0.06424799860857633,0.7196934593730201,25,30,10
19,6763,0.016157097205379677,0.19989371551901003,0.06425572791210404,0.7196934593635058,25,30,10
19,6764,0.01616101725299808,0.19989371551906224,0.06425573111831852,0.7196895361096205,25,30,10
19,6765,0.016161017622061985,0.19989383448205647,0.06425561178847033,0.7196895361074104,25,30,10
19,6766,0.01616401575458463,0.19991305239116702,0.06423339574679818,0.7196895361074488,25,30,10
19,6767,0.016161197982634778,0.19990540434054027,0.06424386157132443,0.7196895361054989,25,30,10
19,6768,0.01616517998889148,0.19990540434056023,0.06424387822417767,0.7196855374463689,25,30,10
19,6769,0.016165261478487784,0.19990540434057408,0.06436906478322486,0.7195602693977119,25,30,10
19,6770,0.016159197516679814,0.19990540434055554,0.06436906399535712,0.7195663341474063,25,30,10
19,6771,0.016159948679824586,0.19990540434047335,0.06436894023987774,0.7195657067398232,25,30,10
19,6772,0.016162888738008488,0.19990540434049003,0.06436893875703613,0.7195627681644643,25,30,10
19,6773,0.01616415714066065,0.19990540434050988,0.06436895598932572,0.7195614825295028,25,30,10
19,6774,0.01616413330748348,0.19990540434050189,0.06436895741470611,0.7195615049373074,25,30,10
19,6775,0.01570420806741625,0.19990492906848487,0.06482887148025634,0.7195619913838436,25,30,10
19,6776,0.015704209304666678,0.19990492906848487,0.06482887149463305,0.7195619901322164,25,30,10
19,6777,0.015701021106257994,0.19990492906841276,0.06482878569061853,0.7195652641347116,25,30,10
19,6778,0.015700811415394606,0.1999049290683893,0.06482892653956075,0.719565332976656,25,30,10
19,6779,0.01570379206701505,0.19990492906839868,0.06483552908678482,0.719555749777802,25,30,10
19,6780,0.015703574854600853,0.19990492906729151,0.06483390075697354,0.7195575953211347,25,30,10
19,6781,0.015648564626561737,0.19990492906713844,0.06483381116214645,0.719612695144154,25,30,10
19,6782,0.01564752600773152,0.19990492906711846,0.064833877017525,0.7196136679076255,25,30,10
19,6783,0.015647526902677452,0.19990492906711835,0.06483387704062266,0.7196136669895822,25,30,10
19,6784,0.015646423222951733,0.19991689717335304,0.0648230126193031,0.7196136669843927,25,30,10
19,6785,0.01564342597722557,0.1999168971733435,0.06481640855792321,0.7196232682915082,25,30,10
19,6786,0.015643409361593762,0.1999168971733258,0.06480980383637344,0.7196298896287076,25,30,10
19,6787,0.01564321705155879,0.19991689717333397,0.06480977439405725,0.7196301113810506,25,30,10
19,6788,0.015651188316030087,0.1999083774364946,0.06481032284241191,0.7196301114050638,25,30,10
19,6789,0.01565731990473777,0.19990837743652276,0.06481260112602884,0.7196217015327112,25,30,10
19,6790,0.01565740799296869,0.19990837743708553,0.0648126032772644,0.7196216112926819,25,30,10
19,6791,0.01565241355745331,0.19991336865271417,0.0648126064922208,0.719621611297612,25,30,10
19,6792,0.015652347494068682,0.1999133686526976,0.06481260830898145,0.7196216755442526,25,30,10
19,6793,0.015649421673864364,0.19991336865276033,0.06481253039172215,0.7196246792816536,25,30,10
19,6794,0.0157182106788878,0.19991336865406745,0.024833573257868315,0.7595348474091764,25,30,10
19,6795,0.015716195654619538,0.19991336865410234,0.024833692160692672,0.7595367435305856,25,30,10
19,6796,0.015719093626874507,0.19991336865623713,0.024708625370051616,0.7596589123468367,25,30,10
19,6797,0.01571609401517827,0.19992409973904113,0.02470089389890659,0.7596589123468739,25,30,10
19,6798,0.01571616348079512,0.1999240997390462,0.024700750231728925,0.7596589865484296,25,30,10
19,6799,0.015712256461991387,0.19992409973902117,0.02470074791345799,0.7596628958855294,25,30,10
19,6800,0.01571623476413146,0.19992409973904732,0.02470075127102338,0.759658914225798,25,30,10
19,6801,0.01571718283842755,0.19992409973909095,0.024702375231390593,0.7596563421910909,25,30,10
19,6802,0.01571721952247075,0.1999240997390997,0.02470237278717113,0.7596563079512585,25,30,10
19,6803,0.01571325366314887,0.1999240997390471,0.024706810461187417,0.7596558361366172,25,30,10
19,6804,0.015641569481521154,0.19992409973586495,0.024701788743122045,0.7597325420394921,25,30,10
19,6805,0.015638554081443955,0.19992409973586567,0.02470179033295576,0.7597355558497347,25,30,10
19,6806,0.015636575446985237,0.19992607758774775,0.02470179112522384,0.7597355558400435,25,30,10
19,6807,0.015633525363695104,0.19992912076490582,0.024701798031229773,0.7597355558401696,25,30,10
19,6808,0.015639586670350356,0.19992912076492486,0.0247017983726603,0.7597294941920645,25,30,10
19,6809,0.015639617650996834,0.19992912076492547,0.024701796927826224,0.7597294646562516,25,30,10
19,6810,0.015632644723910193,0.19992912076488994,0.024701793940883912,0.7597364405703161,25,30,10
19,6811,0.015623656665516876,0.19993864788402899,0.02470125489471658,0.7597364405557377,25,30,10
19,6812,0.01562365506076355,0.19993864788402912,0.024701282844674814,0.7597364142105327,25,30,10
19,6813,0.01562763330080947,0.19993864788404647,0.02470128556137002,0.7597324332537744,25,30,10
19,6814,0.015620661463736576,0.1999386478840119,0.024701254123656646,0.7597394365285953,25,30,10
19,6815,0.015623601874395139,0.1999386478840025,0.024703532478794765,0.7597342177628079,25,30,10
19,6816,0.015642558239342606,0.19988783872437768,0.024735385254343885,0.7597342177819363,25,30,10
19,6817,0.0156413420529814,0.19988783872434965,0.024735371365101084,0.7597354478575682,25,30,10
19,6818,0.01564531842014189,0.1998688768474398,0.02475035644373066,0.7597354482886866,25,30,10
19,6819,0.015648332511512743,0.1998688768474381,0.024750355234412835,0.7597324354066352,25,30,10
19,6820,0.015655250526825887,0.19986887684747268,0.02475035877745375,0.7597255138482466,25,30,10
19,6821,0.015652287085315568,0.19986887684532448,0.024750237538432213,0.7597285985309269,25,30,10
19,6822,0.015888631578772332,0.19986887684894167,0.02475048694730169,0.7594920046249836,25,30,10
19,6823,0.015881714668481588,0.1994539950823686,0.0251722860550553,0.7594920041940937,25,30,10
19,6824,0.015881731866749568,0.19945399508239534,0.025172287502638335,0.759491985548216,25,30,10
19,6825,0.015881680320590476,0.19945399508239536,0.025172287549157818,0.7594920370478555,25,30,10
19,6826,0.015881653434921747,0.19945399508239514,0.025167930738802937,0.7594964207438789,25,30,10
19,6827,0.01588184802437054,0.1994539950824418,0.025167930879097772,0.7594962260140892,25,30,10
19,6828,0.01587880101906878,0.1994539950824421,0.025167927430215453,0.7594992764682729,25,30,10
19,6829,0.0158827248585949,0.199453995082477,0.02516792998121671,0.7594953500777105,25,30,10
19,6830,0.01587974926046129,0.19945399508303005,0.025167932766910015,0.759498322889598,25,30,10
19,6831,0.01587679500527072,0.19945399508303116,0.025165653771578197,0.7595035561401191,25,30,10
19,6832,0.015876829660171357,0.19945399508300488,0.0251656523384339,0.7595035229183893,25,30,10
19,6833,0.015873833428427915,0.19945399508301317,0.025165652434365717,0.7595065190541926,25,30,10
19,6834,0.015871888553352694,0.1994554091300359,0.025166183271854776,0.7595065190447561,25,30,10
19,6835,0.015864180726497434,0.19945540912996676,0.025166208263753244,0.759514201879782,25,30,10
19,6836,0.01586719610505945,0.19945255728236722,0.025166044732875856,0.7595142018796969,25,30,10
19,6837,0.015867193990578735,0.19945255728236688,0.0251661273358486,0.7595141213912052,25,30,10
19,6838,0.01587001453503899,0.19945255728232078,0.02516612575383064,0.7595113024288093,25,30,10
19,6839,0.015870188225424933,0.199452557281796,0.025166215233958285,0.7595110392588209,25,30,10
19,6840,0.04041776880379465,0.19945255733939699,0.0006182794928081108,0.7595113943640003,25,30,10
19,6841,0.04042467044501429,0.19945255733887876,0.0006182797025068038,0.7595044925136,25,30,10
19,6842,0.04042453061229497,0.1994525573388595,0.0006160001311659859,0.75950691191768,25,30,10
19,6843,0.04042155237650417,0.19945255733884298,0.0006160004241617644,0.7595098898604915,25,30,10
19,6844,0.01697598245889468,0.1994525575871118,0.024055385624807846,0.7595160743291864,25,30,10
19,6845,0.016990809002688238,0.1994525575892234,0.024055364024406264,0.759501269383683,25,30,10
19,6846,0.01699081254599093,0.18069425062654665,0.04281312085900461,0.7595018159684608,25,30,10
19,6847,0.011311994651376786,0.1806942504888535,0.0484977931982587,0.7594959616615143,25,30,10
19,6848,0.011305054275028394,0.18069425048881954,0.048497819726071596,0.7595028755100836,25,30,10
19,6849,0.011293144530326458,0.1806942504872614,0.048499374303523336,0.7595132306788916,25,30,10
19,6850,0.011529506279272222,0.18069425049041676,0.04849958698754928,0.7592766562427642,25,30,10
19,6851,0.011522656084085328,0.18069425049040022,0.048499584597714106,0.7592835088278026,25,30,10
19,6852,0.011522654836445623,0.18069464252454062,0.04849919381125512,0.7592835088277609,25,30,10
19,6853,0.011523652383405233,0.18069464252459327,0.04849923783356294,0.759282467258441,25,30,10
19,6854,0.011523496599714385,0.1806946425246467,0.048499208189421855,0.7592826526862193,25,30,10
19,6855,0.011523386371437086,0.18113133211742402,0.04806262882990867,0.7592826526812324,25,30,10
19,6856,0.011520338280834597,0.18113133211737803,0.04806271005856003,0.7592856195432295,25,30,10
19,6857,0.01153919693806402,0.18070848268429188,0.048466700669366994,0.759285619708279,25,30,10
19,6858,0.01154221071380533,0.1807084826842906,0.04846669956815669,0.7592826070337487,25,30,10
19,6859,0.011556214260281368,0.18070848268539577,0.048465113715375735,0.7592701893389485,25,30,10
19,6860,0.04955709535392572,0.18070848268622172,0.048471226348857845,0.7212631956109959,25,30,10
19,6861,0.049560341222086225,0.18070848268622133,0.048471226568304084,0.7212599495233897,25,30,10
19,6862,0.051077466985848925,0.1807088663581797,0.04893467243729809,0.7192789942186745,25,30,10
19,6863,0.05108745131458264,0.18070886635825117,0.04893456223521671,0.7192691200919503,25,30,10
19,6864,0.051087487941545336,0.18070922689306976,0.04893416507347788,0.719269120091908,25,30,10
19,6865,0.05109046780469472,0.18070922689306948,0.04893419919602504,0.7192661061062118,25,30,10
19,6866,0.051093617587174324,0.1807092268931242,0.04893414915815528,0.7192630063615472,25,30,10
19,6867,0.05109049172912309,0.18070922689254218,0.048932526721470436,0.7192677546568652,25,30,10
19,6868,0.05108744348750945,0.18070922689252447,0.0489325269412601,0.7192708026787075,25,30,10
19,6869,0.0510497146054863,0.18117451682331503,0.048504966066922305,0.7192708025042779,25,30,10
19,6870,0.051049764922570774,0.19993276620105913,0.029747212952066747,0.7192702559243043,25,30,10
19,6871,0.05104972972348962,0.1999327662010597,0.029747254444801294,0.7192702496306499,25,30,10
19,6872,0.05105274755697921,0.1999327662010595,0.029747252164765942,0.7192672340771957,25,30,10
19,6873,0.051049751351571464,0.19993276620106812,0.029747167619031793,0.7192703148283287,25,30,10
19,6874,0.05104743566780627,0.1994990064731142,0.030183243027433037,0.7192703148316465,25,30,10
19,6875,0.05105432129813064,0.19948948245575363,0.030185881419540848,0.719270314826575,25,30,10
19,6876,0.051052254640214144,0.19948948245579742,0.030185884589428297,0.7192723783145603,25,30,10
19,6877,0.05104440920073881,0.19948948245568232,0.03018587871151948,0.7192802296320595,25,30,10
19,6878,0.04638783538498272,0.19948996073040856,0.03484266032531205,0.7192795435592972,25,30,10
19,6879,0.046387870428533935,0.19948996073043593,0.03484262416761561,0.7192795446734154,25,30,10
19,6880,0.04644591739610898,0.19948996073053446,0.03484268432652236,0.7192214375468349,25,30,10
19,6881,0.046915276865410825,0.19948957705836787,0.0343744960988941,0.719220649977328,25,30,10
19,6882,0.04667887780462086,0.19948957705467965,0.03437424354153642,0.7194573015991637,25,30,10
19,6883,0.04644256778323135,0.19948957705153295,0.03437403097793247,0.7196938241873037,25,30,10
19,6884,0.04643061234172238,0.19948957705041065,0.034373992718809164,0.7197058178890581,25,30,10
19,6885,0.04643146881760815,0.19948871567000165,0.03437399762337186,0.7197058178890186,25,30,10
19,6886,0.046435714961665646,0.19948871567151946,0.034374022237529764,0.7197015471292854,25,30,10
19,6887,0.046432807987956855,0.19948871567151027,0.03437410406873754,0.7197043722717956,25,30,10
19,6888,0.0464328049022682,0.19948871567151055,0.03437410477392213,0.719704374652299,25,30,10
19,6889,0.04642961523624033,0.19948871567145546,0.03437421784184284,0.7197074512504615,25,30,10
19,6890,0.04642635335348353,0.1994887156714562,0.03437421712826574,0.7197107138467949,25,30,10
19,6891,0.046426354497583006,0.19948871567144771,0.03437421647199364,0.7197107133589756,25,30,10
19,6892,0.04642242952245973,0.19948871567141258,0.03437421543914905,0.7197146393669788,25,30,10
19,6893,0.0464193812663708,0.1994887156714119,0.03437421472877741,0.7197176883334399,25,30,10
19,6894,0.04641941949432153,0.19948871567142068,0.03437421334411522,0.7197176514901424,25,30,10
19,6895,0.04035925712295984,0.19948823717232236,0.04043458224193361,0.7197179234627855,25,30,10
19,6896,0.04035533299033827,0.19950307954817184,0.04042366400350897,0.7197179234579822,25,30,10
19,6897,0.040423053399404864,0.19950307954941093,0.040356216675980966,0.7197176503752045,25,30,10
19,6898,0.0404239795586559,0.19950307954944563,0.04035621965212517,0.7197167212397746,25,30,10
19,6899,0.04042394207408893,0.19950307954944532,0.040356102850756,0.7197168755257111,25,30,10
19,6900,0.04042494015315275,0.19950208125552177,0.04035610306090278,0.719716875530424,25,30,10
19,6901,0.04042303164106856,0.19950399161437526,0.04035610121646929,0.719716875528088,25,30,10
19,6902,0.04042215893706768,0.19950399161435184,0.040356100158417806,0.7197177492901641,25,30,10
19,6903,0.040425135990521104,0.19950399161437918,0.04035610301254075,0.7197147693825601,25,30,10
19,6904,0.04042226956448026,0.19950399161439808,0.04035610436498013,0.7197176344561426,25,30,10
19,6905,0.04041929269317292,0.1995069700077708,0.04035610284265902,0.7197176344563984,25,30,10
19,6906,0.04058764279598685,0.19950697000873896,0.04018775237710285,0.7197176348181726,25,30,10
19,6907,0.04058766036337398,0.1995069700087838,0.04018779562423878,0.7197175740036046,25,30,10
19,6908,0.040586980868822495,0.19994319824442275,0.039752246884122995,0.7197175740026323,25,30,10
19,6909,0.040589905166637824,0.19993988795782125,0.03975263287061434,0.7197175740049271,25,30,10
19,6910,0.04059081759527298,0.19993897623843207,0.03975263216387348,0.7197175740024216,25,30,10
19,6911,0.04059379666740101,0.19993897623844067,0.039752631265826385,0.7197145958283321,25,30,10
19,6912,0.04059384893695461,0.19993897623843174,0.039752631087548354,0.7197145437370654,25,30,10
19,6913,0.04058862284424865,0.19993897623684195,0.03975259871251126,0.7197198022063982,25,30,10
19,6914,0.0405886857076361,0.1999389762368415,0.03975260075619527,0.7197197372993274,25,30,10
19,6915,0.05058976562769879,0.19993897631856097,0.029751520704781393,0.7197197373489591,25,30,10
19,6916,0.05059076102337429,0.1999376508381873,0.029751850784700006,0.7197197373537386,25,30,10
19,6917,0.050593703171425676,0.19993765083818693,0.029751852819445413,0.7197167931709422,25,30,10
19,6918,0.050593597843452714,0.19993765083821372,0.029751881182234912,0.7197168701360988,25,30,10
19,6919,0.05059067455847604,0.19993765083823634,0.02975350652520281,0.719718168078085,25,30,10
19,6920,0.05059090447054979,0.1999376508382654,0.02975359039674467,0.7197178542944404,25,30,10
19,6921,0.05059062281126457,0.1999376508382455,0.02975350469759963,0.7197182216528906,25,30,10
19,6922,0.050715080322889065,0.19993765084040618,0.029753736790396133,0.7195935320463088,25,30,10
19,6923,0.04047665684025386,0.20031908929737852,0.03961072255699249,0.7195935313053744,25,30,10
19,6924,0.04047368007220728,0.20031908929735154,0.03961072041748016,0.7195965102129602,25,30,10
19,6925,0.043591503590528095,0.19993765097769076,0.03678701374188898,0.7196838316898925,25,30,10
19,6926,0.04359138067842655,0.19993765097769917,0.03678701251383726,0.7196839558300374,25,30,10
19,6927,0.04359458667383704,0.1999376509777531,0.036787018827270736,0.7196807435211392,25,30,10
19,6928,0.043597598918872375,0.19993765097776262,0.03678710277719278,0.7196776473261721,25,30,10
19,6929,0.043594656465645906,0.1999376509777625,0.03678710921363579,0.7196805833429559,25,30,10
19,6930,0.04359374437479523,0.19993765097770166,0.03678714683844483,0.7196814578090581,25,30,10
19,6931,0.04359173027599105,0.19994004625020856,0.03678676566014954,0.7196814578136508,25,30,10
19,6932,0.04359173122029926,0.19994004625020886,0.036786765664800825,0.7196814568646909,25,30,10
19,6933,0.04359096347423895,0.19994004625179823,0.036786799952365896,0.7196821903215969,25,30,10
19,6934,0.043592980452931564,0.19993835585538078,0.03678647337002588,0.7196821903216621,25,30,10
19,6935,0.043594406892124946,0.19869861895783572,0.038024783806340355,0.7196821903436995,25,30,10
19,6936,0.04359535276082495,0.19869861895788662,0.03802320747029154,0.7196828208109971,25,30,10
19,6937,0.04359324949131474,0.1986986189563074,0.038023171941075136,0.7196849596113029,25,30,10
19,6938,0.04359617459288143,0.1986986189562888,0.03802317103511718,0.7196820354157129,25,30,10
19,6939,0.043604198016436564,0.19869058856299696,0.03802317800005215,0.7196820354205145,25,30,10
19,6940,0.04360435550921025,0.19869058856305977,0.0380230769241983,0.7196819790035317,25,30,10
19,6941,0.04360414649290492,0.19869058856301422,0.03802307275508587,0.7196821921889955,25,30,10
19,6942,0.04360118300864368,0.19869058856300653,0.03802307209089466,0.7196851563374557,25,30,10
19,6943,0.04360123538344687,0.198690588563015,0.03802307219292879,0.7196851038606098,25,30,10
19,6944,0.04360809985847738,0.19869058856303887,0.038023113213791405,0.7196781983646929,25,30,10
19,6945,0.043611009423932846,0.19869058856302005,0.038023029309352474,0.7196753727036949,25,30,10
19,6946,0.04362090552583744,0.19869058856302613,0.03802768724852214,0.7196608186626148,25,30,10
19,6947,0.04362108149570984,0.19869040083632636,0.03802769899797653,0.7196608186699871,25,30,10
19,6948,0.04361868883414168,0.1999311035840777,0.036789388938383974,0.7196608186433966,25,30,10
19,6949,0.043607722492048924,0.19993110358399824,0.0367846820605822,0.7196764918633707,25,30,10
19,6950,0.04406885295152418,0.1999311035841144,0.0367848599718179,0.7192151834925434,25,30,10
19,6951,0.04407077895294224,0.1999296766172859,0.036784360927584574,0.7192151835021869,25,30,10
19,6952,0.043612715739095635,0.19992967661716093,0.03678418491293666,0.7196734227308065,25,30,10
19,6953,0.0436157646321959,0.19992967661716127,0.03678430076796083,0.7196702579826817,25,30,10
19,6954,0.04360880847305919,0.19992967661711736,0.03678426062128383,0.7196772542885392,25,30,10
19,6955,0.043610664198928874,0.19992967661717959,0.03678418382974384,0.7196754753541476,25,30,10
19,6956,0.0436106275265345,0.19992967661717068,0.03678430039234468,0.7196753954639504,25,30,10
19,6957,0.043613639417839585,0.19992967661718006,0.03679090421997937,0.7196657797450012,25,30,10
19,6958,0.0436146733553546,0.19992967661711813,0.03679089852857237,0.719664751498955,25,30,10
19,6959,0.0436116765207247,0.19992967661712766,0.036791014103421456,0.7196676327587267,25,30,10
19,6960,0.043611711675191,0.19992967661713593,0.03679089882203275,0.7196677128856408,25,30,10
19,6961,0.043487237821055506,0.19992967661494787,0.036790636299459833,0.7197924492645369,25,30,10
19,6962,0.043487112691881144,0.19992967661495617,0.03679063436491817,0.7197925763282446,25,30,10
19,6963,0.04343232427531421,0.1999296766148943,0.03679053550056751,0.7198474636092236,25,30,10
19,6964,0.043432377396373706,0.19992967661488542,0.03679053332378295,0.7198474126649574,25,30,10
19,6965,0.04343248242422689,0.1999296766148676,0.03679053502886416,0.719847305932041,25,30,10
19,6966,0.0434294339479235,0.19992967661488525,0.03679053333957628,0.7198503560976147,25,30,10
19,6967,0.04343236444041235,0.19992967661487623,0.036790532671298386,0.7198474262734128,25,30,10
19,6968,0.04343532572849489,0.19992967661488367,0.036790531690651926,0.7198444659659694,25,30,10
19,6969,0.043436078971834616,0.19992853119568404,0.03679092386669327,0.7198444659657881,25,30,10
19,6970,0.04343607840811937,0.19992853119568463,0.03679092150744628,0.7198444688887495,25,30,10
19,6971,0.04350683701371318,0.19985754781182619,0.03679114598827503,0.7198444691861855,25,30,10
19,6972,0.04350710196375664,0.19985754781181914,0.03679114704917043,0.7198442031752537,25,30,10
19,6973,0.04350417320332901,0.19985754781183665,0.03679114982281358,0.7198471291620204,25,30,10
19,6974,0.043506030283324906,0.19985754781189816,0.03679115322291882,0.7198452686818578,25,30,10
19,6975,0.043438435369650995,0.19989391206232734,0.036822384181087194,0.7198452683869341,25,30,10
19,6976,0.04343651049929975,0.19989586683487148,0.03682235428854256,0.7198452683772861,25,30,10
19,6977,0.04344048384799823,0.19989586683489727,0.03682235708653778,0.7198412922305666,25,30,10
19,6978,0.04344062335533636,0.19989586683492383,0.03682224311901137,0.7198412666907283,25,30,10
19,6979,0.0434456180705191,0.199895866834906,0.03682224131528279,0.719836273779292,25,30,10
19,6980,0.04344775516049552,0.19989354873116644,0.036822422336237996,0.7198362737721,25,30,10
19,6981,0.04343678829429686,0.19990452972017075,0.036822408218275524,0.7198362737672568,25,30,10
19,6982,0.04343678954519592,0.1999045297201717,0.03682240831961195,0.7198362724150205,25,30,10
19,6983,0.04343691220057208,0.19990452972016326,0.03682241074845538,0.7198361473308093,25,30,10
19,6984,0.04343471369560131,0.1999267762804762,0.036802362688614705,0.7198361473353078,25,30,10
19,6985,0.04344562814612305,0.19992677628053815,0.037068553396824945,0.7195590421765138,25,30,10
19,6986,0.04344563060456218,0.19992677628051145,0.037068635462012965,0.7195589576529133,25,30,10
19,6987,0.043443302365674084,0.19992677628051947,0.03706863856688523,0.7195612827869211,25,30,10
19,6988,0.04344628301665077,0.19992677628052755,0.03706875443656215,0.7195581862662596,25,30,10
19,6989,0.04344333994054932,0.19992677628052738,0.03706875584499945,0.719561127933924,25,30,10
19,6990,0.04344106050252467,0.19992677628056055,0.037068874067799,0.7195632891491155,25,30,10
19,6991,0.04344008043747696,0.19992776249738853,0.037068867923076995,0.7195632891420567,25,30,10
19,6992,0.043443146017559504,0.19992467671040628,0.037068888132274144,0.7195632891397592,25,30,10
19,6993,0.04344316170907068,0.19992467671042455,0.03706888893085183,0.7195632726496523,25,30,10
19,6994,0.04344307690059718,0.19991741578064434,0.03707623466165462,0.719563272657103,25,30,10
19,6995,0.043445091404393954,0.19991741578061822,0.03707611541419962,0.7195613774007874,25,30,10
19,6996,0.04344193932561184,0.19991741578056377,0.03707616541642269,0.719564479477401,25,30,10
19,6997,0.04344493657404037,0.19989201907254586,0.037098564873756436,0.7195644794796567,25,30,10
19,6998,0.0434439562494969,0.19990440776200816,0.03708715651593271,0.7195644794725615,25,30,10
19,6999,0.04344781154999468,0.1999044077620426,0.03708715694799685,0.7195606237399653,25,30,10
19,7000,0.04344777573856287,0.19990440776201374,0.03708715272904821,0.7195606637703746,25,30,10
19,7001,0.04344178324623514,0.1999044077620137,0.037087269126793734,0.7195665398649568,25,30,10
19,7002,0.04344471060677712,0.1999044077619966,0.0370872698990469,0.7195636117321789,25,30,10
19,7003,0.04345673348634657,0.1999044077650995,0.03708073140881974,0.7195581273397339,25,30,10
19,7004,0.04344883245883249,0.19990440776507376,0.036814540837879155,0.7198322189382143,25,30,10
19,7005,0.04344792319733339,0.19990440776505744,0.03681454596043434,0.7198331230771744,25,30,10
19,7006,0.04344105134640718,0.1999044077650596,0.036814501929343664,0.7198400389591891,25,30,10
19,7007,0.043442871994470306,0.1999044077650759,0.03681460922554393,0.7198381110149096,25,30,10
19,7008,0.04344299249559151,0.19992668615846196,0.036792210333334824,0.7198381110126115,25,30,10
19,7009,0.04344088953960194,0.19992668615844233,0.03679220454610408,0.7198402197558516,25,30,10
19,7010,0.04351059702641601,0.19983441701018836,0.03681476590276236,0.7198402200606331,25,30,10
19,7011,0.04351059633908329,0.19983441701018845,0.03681464954102062,0.7198403371097075,25,30,10
19,7012,0.043509579034449734,0.19983441701027652,0.03681465689007646,0.719841347065197,25,30,10
19,7013,0.04349748847261334,0.19983441700716376,0.0368145895139826,0.7198535050062401,25,30,10
19,7014,0.04306367395393189,0.19983443394838502,0.03724838591175763,0.719853506185925,25,30,10
19,7015,0.043060655795944695,0.19984538201763302,0.037240456007949334,0.7198535061784724,25,30,10
19,7016,0.043068756409971556,0.19984538201870478,0.0372405679145592,0.7198452936567641,25,30,10
19,7017,0.0431385154576204,0.19984538202139324,0.037240749887872994,0.719775352633113,25,30,10
19,7018,0.04313541233994864,0.19984795241344855,0.03724128261340247,0.7197753526331998,25,30,10
19,7019,0.04314147425366528,0.19984795241347608,0.037241324532852865,0.7197692488000055,25,30,10
19,7020,0.043142508259727534,0.19984795241339712,0.037241317899745836,0.719768221427129,25,30,10
19,7021,0.04314952786513857,0.19984073310407285,0.03724151759644453,0.7197682214343436,25,30,10
19,7022,0.043086935965997164,0.1999254823097177,0.0372193605944606,0.7197682211298242,25,30,10
19,7023,0.039978221137432414,0.19992548208646505,0.04041539711814342,0.7196808996579613,25,30,10
19,7024,0.03991140665348841,0.19992548208377695,0.040415134053345826,0.7197479772093911,25,30,10
19,7025,0.039910442409704594,0.19992548208374303,0.040415015246199115,0.7197490602603556,25,30,10
19,7026,0.039910318863806776,0.19992559864328727,0.040415022232592406,0.7197490602603155,25,30,10
19,7027,0.040342817415780455,0.19992558170419358,0.03998254136860245,0.7197490595114239,25,30,10
19,7028,0.04034576012141775,0.19992558170419375,0.03998265726135295,0.7197460009130359,25,30,10
19,7029,0.04039241059282637,0.1999258741785833,0.03542384135898768,0.7242578738696029,25,30,10
19,7030,0.0403923825332706,0.19992587417918878,0.035423888057388914,0.7242578552301517,25,30,10
19,7031,0.04038950879295106,0.19992587417919855,0.03579677302262495,0.7238878440052255,25,30,10
19,7032,0.04038945621808069,0.19992587417921684,0.035796658768102486,0.7238880108345999,25,30,10
19,7033,0.040459268677191546,0.19992587418156113,0.03579697190873418,0.7238178852325129,25,30,10
19,7034,0.04045208417920072,0.1999330730648478,0.03579695752850123,0.7238178852274499,25,30,10
19,7035,0.04042719624852441,0.19993307380301542,0.03582184476510106,0.723817885183359,25,30,10
19,7036,0.04049401092293723,0.1999330738056873,0.0358220677823672,0.7237508474890081,25,30,10
19,7037,0.040494008772559154,0.1999330738056865,0.035822065659639614,0.7237508517621144,25,30,10
19,7038,0.040500927715702774,0.19993307380572126,0.035822067205661466,0.723743931272914,25,30,10
19,7039,0.04050378412343322,0.19993307380568548,0.03582206510185126,0.72374107696903,25,30,10
19,7040,0.040503905770094877,0.1999329607940063,0.035822056462019226,0.723741076973879,25,30,10
19,7041,0.04050686434404929,0.19993296079401568,0.03582205215810177,0.7237381227038329,25,30,10
19,7042,0.040501722864562176,0.1999329607929524,0.03582194196427578,0.7237433743782092,25,30,10
19,7043,0.040508878981124895,0.1999329607929632,0.035448958496778614,0.7241092017291328,25,30,10
19,7044,0.040506005230653314,0.1999329607929724,0.03544895969668984,0.7241120742796839,25,30,10
19,7045,0.04050598909364906,0.19993296079296322,0.03544895804084898,0.7241120920725383,25,30,10
19,7046,0.04043616274804683,0.1999329607906189,0.03544864441597663,0.7241822320453573,25,30,10
19,7047,0.006629755499308661,0.1999342052678141,0.0543762386964249,0.7390598005364537,25,30,10
19,7048,0.0066294520809251556,0.199934205267829,0.0543763402473673,0.7390600024038798,25,30,10
19,7049,0.006693330637829814,0.19993420527253922,0.054376558208141655,0.7389959058814903,25,30,10
19,7050,0.006690388166772332,0.1999371596790494,0.054376546270307816,0.7389959058838715,25,30,10
19,7051,0.006690421922766735,0.19993751747489574,0.05437615471834344,0.7389959058839952,25,30,10
19,7052,0.006693316334549297,0.19993751747486788,0.05437611245827673,0.7389930537323073,25,30,10
19,7053,0.00670527799521412,0.19993751747497435,0.05437620402572143,0.738981000504091,25,30,10
19,7054,0.006712317440461225,0.19993751747502703,0.054376207839313136,0.7389739572451994,25,30,10
19,7055,0.00670825885982807,0.19993089342272252,0.05438689046509546,0.7389739572523547,25,30,10
19,7056,0.00670723913261223,0.19993089342279335,0.054387012390099077,0.7389748550544961,25,30,10
19,7057,0.0006122729580333383,0.19992964820475667,0.03543196335488755,0.7640261154823221,25,30,10
19,7058,0.0005524500659843726,0.19992964820468412,0.03543181549561039,0.7640860862337209,25,30,10
19,7059,0.0005643965764633578,0.19992964820478154,0.03543187692691289,0.7640740782918419,25,30,10
19,7060,0.0005633967237564426,0.19992964820484332,0.0354318858631363,0.7640750692082637,25,30,10
19,7061,0.0005573523947532358,0.19992964820485193,0.035431846580981426,0.764081152819413,25,30,10
19,7062,0.0005574932416761889,0.1999296482048538,0.03543196359338227,0.7640808949600877,25,30,10
19,7063,0.0005614877577987501,0.19993652698503428,0.03542109030660298,0.7640808949505639,25,30,10
19,7064,0.0005614902085108221,0.19993652698503506,0.03542109242508569,0.7640808903813681,25,30,10
19,7065,0.0005625416661719144,0.19993652698496406,0.035421083540158944,0.7640798478087047,25,30,10
19,7066,0.000560460741874401,0.19993652698502537,0.03542112846420516,0.7640818838088949,25,30,10
19,7067,0.0005605498110567096,0.1999364295437499,0.03542113683637798,0.7640818838088153,25,30,10
19,7068,0.0006742342930119593,0.19993642954377852,0.03542128887746783,0.7639680472857415,25,30,10
19,7069,0.0008641045174370647,0.19993613707329316,0.03974355424135158,0.7594562041679179,25,30,10
19,7070,0.0008709555132585122,0.19992928202050952,0.039743558298522094,0.7594562041677098,25,30,10
19,7071,0.0008649639853678907,0.19993472800327397,0.0397441038437265,0.7594562041676314,25,30,10
19,7072,0.0008638766102287533,0.19993472800333525,0.039744025954260166,0.7594573694321762,25,30,10
19,7073,0.0008688725951686869,0.19993472800329098,0.03974390735744905,0.7594524920440919,25,30,10
19,7074,0.0008688735221726778,0.19993472800329204,0.03974390673076236,0.7594524917437735,25,30,10
19,7075,0.0008688208550309913,0.19993477347686825,0.03974391392671071,0.7594524917413906,25,30,10
19,7076,0.0008019634923922656,0.19993477347215002,0.039743696343663364,0.759519566691795,25,30,10
19,7077,0.0007979188725790519,0.19993477347210528,0.03974369260586264,0.7595236150494535,25,30,10
19,7078,0.0007940113823150222,0.1610387939833796,0.0786435795895368,0.7595236150447714,25,30,10
19,7079,0.0007939453630391694,0.16103879398337856,0.07864817665400359,0.7595190839995811,25,30,10
19,7080,0.0007909646913620053,0.1610387939833701,0.07864817800688456,0.759522063318386,25,30,10
19,7081,0.0007880486922435154,0.1610387939827643,0.07864813473528373,0.759525022589711,25,30,10
19,7082,0.0007910623445557327,0.16103593793968254,0.07864797711878478,0.759525022596978,25,30,10
19,7083,0.0007879396549391297,0.16103593793968268,0.07864326474916018,0.759532857656219,25,30,10
19,7084,0.0007929746009791805,0.16103593793963833,0.07864326347914671,0.7595278239802368,25,30,10
19,7085,0.0006813203896986952,0.16103593793957494,0.07864777007440997,0.7596349715963171,25,30,10
19,7086,0.0006773970636203762,0.16103593793953255,0.078647769009579,0.7596388959872687,25,30,10
19,7087,0.000677587888989676,0.1610359379395531,0.08681700913673861,0.7514694650347177,25,30,10
19,7088,0.0004359895612299859,0.1610359426365463,0.087058629346454,0.7514694384557677,25,30,10
19,7089,0.0004332903611640097,0.15932106100856636,0.08877621016476794,0.7514694384655006,25,30,10
19,7090,0.0004313282212921953,0.1593210610084875,0.08877620451721652,0.7514714062530028,25,30,10
19,7091,0.00042755893227610053,0.15932106100848878,0.08877611672062882,0.7514752633386054,25,30,10
19,7092,0.00042962493535903445,0.15932106100842694,0.08877614020388719,0.7514731738523264,25,30,10
19,7093,0.00042962492834025946,0.15932106100842724,0.08877613925580348,0.7514731748074284,25,30,10
19,7094,0.00042962559059822375,0.15876170744257298,0.08933549214641143,0.7514731748204173,25,30,10
19,7095,0.00043178144569421705,0.15876008900213998,0.0893349547292472,0.7514731748229186,25,30,10
19,7096,0.0004317408151005422,0.15876008900213984,0.08933483688426483,0.7514733332984944,25,30,10
19,7097,0.00043160092406799294,0.1587600890021015,0.0811608938231801,0.75964741625065,25,30,10
19,7098,0.00042860473090827836,0.15876008900210897,0.08116089385046321,0.7596504124165192,25,30,10
19,7099,0.00043161815963397015,0.15876008900211835,0.08116089602378812,0.7596473968144593,25,30,10
19,7100,0.00044287100164097344,0.15876008609679332,0.04126897712319329,0.7995280657783747,25,30,10
19,7101,0.00042558871840896997,0.15876008430096358,0.04117821574640919,0.7996361112342204,25,30,10
19,7102,0.0004253809215832495,0.1587600843009268,0.041178186642275696,0.7996363481352166,25,30,10
19,7103,0.00042849956599939546,0.158760084300954,0.04117818763110657,0.7996332285019421,25,30,10
19,7104,0.0004364516780952604,0.15876008430152472,0.041178228286479414,0.7996252357339025,25,30,10
19,7105,0.000436191056540683,0.16047831295932496,0.03946026026009105,0.799625235724043,25,30,10
19,7106,0.0004361040660763956,0.1604783129592973,0.039460260753947624,0.7996253222206782,25,30,10
19,7107,0.00043603510756764135,0.16047839017453933,0.039460252504442885,0.7996253222134497,25,30,10
19,7108,0.00043224903562629873,0.1604783901745055,0.03946025203800297,0.7996291087518648,25,30,10
19,7109,0.0004292562074930588,0.1604783901745146,0.03946025022592806,0.7996321033920638,25,30,10
19,7110,0.0004301198427017855,0.1604783901745853,0.039460256744751405,0.7996312332379616,25,30,10
19,7111,0.00036052057974397545,0.1604783901719326,0.03946003381054891,0.7997010554377744,25,30,10
19,7112,0.00036355441119937466,0.1604783901719328,0.039460033339088006,0.7996980220777801,25,30,10
19,7113,0.0003636039746489957,0.1604783901719409,0.03946003143687527,0.7996979744165351,25,30,10
19,7114,0.00036360463261185955,0.16047839017194077,0.03946003141506103,0.7996979737803867,25,30,10
19,7115,0.00036455273218160666,0.1604783901719763,0.03946003135179987,0.7996970257440426,25,30,10
19,7116,0.0003645529901132564,0.16047839017197674,0.039460032785680846,0.7996970240522294,25,30,10
19,7117,0.0005969019747969945,0.15939255466626845,0.040313519010383124,0.7996970243485539,25,30,10
19,7118,0.000592976869938796,0.1593925546662336,0.040315138323567846,0.7996993301402623,25,30,10
19,7119,0.0005899283238359838,0.15939255466623453,0.040315795260903335,0.7997017217490285,25,30,10
19,7120,0.0005749863670780858,0.15939255466612065,0.040315813805529385,0.7997166451612736,25,30,10
19,7121,0.0005728671551533082,0.1406349901359939,0.05907549754994598,0.7997166451589109,25,30,10
19,7122,0.0005757393868955695,0.14063212760166652,0.059075487850236634,0.7997166451612051,25,30,10
19,7123,0.0005757554403241577,0.1406321276016662,0.05907552725337965,0.7997165897046338,25,30,10
19,7124,0.0005735480634346513,0.14063212760170907,0.059075568995558096,0.799718755339302,25,30,10
19,7125,0.0005736689561824126,0.14063212760170077,0.05907556742333186,0.7997186360187887,25,30,10
19,7126,0.0005766486553536545,0.14063212760170904,0.05907556701206111,0.7997156567308802,25,30,10
19,7127,0.0005765265205941266,0.14063212760171717,0.05907556651565624,0.7997157793620364,25,30,10
19,7128,0.0005735133728417468,0.1406321276017081,0.05907556438321798,0.7997187946422356,25,30,10
19,7129,0.0005746707367694836,0.14063212760175445,0.05907555165333813,0.7997176500081413,25,30,10
19,7130,0.0005747259601386259,0.14062121059147065,0.05908641343783517,0.7997176500105588,25,30,10
19,7131,0.0005716921997664215,0.14062121059147958,0.059088692944039185,0.7997184042647179,25,30,10
19,7132,0.0005737145439606389,0.14062121059255753,0.05908647863455758,0.7997185962289273,25,30,10
19,7133,0.0005757468817546221,0.14062121059254049,0.05908643731143253,0.7997166052142753,25,30,10
19,7134,0.0005855786571052914,0.14062155818801503,0.059076258222509795,0.799716604932373,25,30,10
19,7135,0.0005857546069926565,0.14062155818799768,0.05907621825111638,0.7997164689538964,25,30,10
19,7136,0.0005827759033068314,0.1406215581879983,0.059076218376733956,0.7997194475319637,25,30,10
19,7137,0.0005857876910764263,0.14062155818801533,0.059078641560918854,0.7997140125599919,25,30,10
19,7138,0.0005858959465810319,0.14062105599894065,0.05907903548454138,0.7997140125699395,25,30,10
19,7139,0.0005838809213189834,0.14062105599897554,0.059079040475349925,0.7997160226043581,25,30,10
19,7140,0.0005870246523621141,0.14062105599908445,0.059074426161447924,0.799717493187108,25,30,10
19,7141,0.0005878407305113314,0.14062105599900993,0.059074458379407044,0.7997166448910743,25,30,10
19,7142,0.0005920490947316804,0.14062105600009261,0.059074607643585006,0.7997122872615929,25,30,10
19,7143,0.0005909618987655861,0.14062105600007363,0.059081143762496284,0.7997068383386667,25,30,10
19,7144,0.0005910281003639483,0.1406094385749458,0.05909269496670272,0.7997068383579898,25,30,10
19,7145,0.0005930524521197395,0.14060943857487584,0.059094890089266085,0.7997026188837405,25,30,10
19,7146,0.0008293823118690701,0.14060943857707278,0.05909510856060294,0.7994660705504575,25,30,10
19,7147,0.0008323781861971695,0.1406094385770637,0.05908850353567144,0.79946967970107,25,30,10
19,7148,0.0008344794742720727,0.15936703505265512,0.040328805776866226,0.7994696796962083,25,30,10
19,7149,0.000901191687657401,0.15936703505682853,0.04032902288338105,0.7994027503721347,25,30,10
19,7150,0.0009011916884395484,0.15936703505682853,0.04032902291972846,0.7994027503350051,25,30,10
19,7151,0.0009011400229462107,0.1593673354123193,0.0403287742420163,0.7994027503227198,25,30,10
19,7152,0.0009051158878219993,0.15936733541235448,0.040328777276409065,0.799398771423416,25,30,10
19,7153,0.0009081687758181287,0.15877682339580104,0.04091623642655802,0.7993987714018256,25,30,10
19,7154,0.0006788651275489571,0.15877682339363802,0.04091593876547291,0.7996283727133427,25,30,10
19,7155,0.0006759908860846508,0.15877682339364696,0.04091596692068515,0.7996312187995859,25,30,10
19,7156,0.000671943407112843,0.1587768233936205,0.04091596346513158,0.7996352697341378,25,30,10
19,7157,0.0006688767104364925,0.1587768233936462,0.04091596387375093,0.7996383360221693,25,30,10
19,7158,0.0006689501116137728,0.15877682339366983,0.04092257042446978,0.7996316560702494,25,30,10
19,7159,0.0006688820657092744,0.15877682339365184,0.04092257110510139,0.7996317234355402,25,30,10
19,7160,0.0006677392268226776,0.1593877967817052,0.040312740551108825,0.7996317234403649,25,30,10
19,7161,0.000666847525836982,0.15938779678167106,0.040312777239236514,0.7996325784532572,25,30,10
19,7162,0.0006669855039127671,0.15938779678169002,0.04031277661550405,0.799632441098895,25,30,10
19,7163,0.000663950146576777,0.15939097371469704,0.0403126350397926,0.7996324410989353,25,30,10
19,7164,0.000660994683110612,0.1593909737146792,0.04031052078170357,0.7996375108205084,25,30,10
19,7165,0.0006542378843212656,0.15939097371464162,0.04040269331108503,0.7995520950899538,25,30,10
19,7166,0.000657443776744063,0.1593909737146948,0.04040269508218123,0.7995488874263816,25,30,10
19,7167,0.0006603861725194807,0.15939097371469513,0.04040269709325754,0.7995459430195295,25,30,10
19,7168,0.0006534712831366577,0.15939097371466965,0.040402810031233145,0.7995527449709621,25,30,10
19,7169,0.0006535914605260183,0.15939097371469751,0.04040497581843017,0.7995504590063479,25,30,10
19,7170,0.0006566033839473517,0.15939097371470656,0.040404979961867885,0.7995474429394798,25,30,10
19,7171,0.0006564281312113846,0.15939097371467967,0.0404049520139562,0.7995476461401542,25,30,10
19,7172,0.0006445184079932128,0.1593909737145646,0.040404860284856674,0.799559647592586,25,30,10
19,7173,0.0006443575471736142,0.15939097371451882,0.04040257892834162,0.7995620898099663,25,30,10
19,7174,0.0006411518765699334,0.1593909737144647,0.04040269275512081,0.799565181653845,25,30,10
19,7175,0.0006410999441461576,0.15939097371447347,0.04040269289378456,0.7995652334475963,25,30,10
19,7176,0.0006440764389720601,0.15939097371453553,0.040402608287604495,0.7995623415588885,25,30,10
19,7177,0.0006440990016001553,0.1593909737146428,0.04040261910166823,0.7995623081820894,25,30,10
19,7178,0.0004014205202319315,0.1593906200214782,0.04064565125540458,0.7995623082028878,25,30,10
19,7179,0.00040837613197905026,0.15939062002152138,0.04064565385764232,0.7995553499888598,25,30,10
19,7180,0.0004083055343399231,0.1593906200214981,0.040639046833473004,0.7995620276106912,25,30,10
19,7181,0.00040837509062421825,0.15939062002149743,0.040639127763205156,0.7995618771246751,25,30,10
19,7182,0.0013225920425822648,0.1593906322078512,0.03972489863134235,0.7995618771182242,25,30,10
19,7183,0.0013225359631892325,0.1593906322078504,0.039724858574822115,0.7995619732541381,25,30,10
19,7184,0.0013215010916740914,0.15939063220790325,0.039724861343918484,0.7995630053565042,25,30,10
19,7185,0.0013214822528792153,0.15939063220789512,0.039724864411582766,0.7995630211276423,25,30,10
19,7186,0.0013235685843690467,0.15939063220789607,0.03972486203791008,0.7995609371698238,25,30,10
19,7187,0.0012596558464698223,0.15939063220371238,0.0397246455502993,0.7996250663995176,25,30,10
19,7188,0.0012740836476099636,0.1593447364389295,0.03975611348785416,0.7996250664256054,25,30,10
19,7189,0.0012741902774312916,0.15934424015965828,0.039756503137215855,0.7996250664256936,25,30,10
19,7190,0.001272212506731717,0.1593442401595795,0.03975653904989655,0.7996270082837914,25,30,10
19,7191,0.001269201851883287,0.15934424015957122,0.039756650872508036,0.7996299071160368,25,30,10
19,7192,0.0012672910957204837,0.1593461877017984,0.039756614084230264,0.7996299071182503,25,30,10
19,7193,0.001507494713620769,0.15934618770495346,0.03975684368275461,0.7993894738986708,25,30,10
19,7194,0.0015005236744491555,0.1593461877051547,0.03976158285285468,0.799391705767541,25,30,10
19,7195,0.0015004514391262428,0.1593461877051187,0.03976158023458032,0.7993917806211744,25,30,10
19,7196,0.00151120147555274,0.15934618770518308,0.03966929357771096,0.799473317241553,25,30,10
19,7197,0.0014936898181361396,0.15939516346140725,0.03963782950490559,0.7994733172155509,25,30,10
19,7198,0.0014857194408695398,0.1593951634613366,0.03963782339808002,0.7994812936997137,25,30,10
19,7199,0.001486676104088982,0.159395163460258,0.03963775902072955,0.7994804014149236,25,30,10
19,7200,0.0014976406315956067,0.15939516346009258,0.039633022886995384,0.7994741730213167,25,30,10
19,7201,0.001500671375140476,0.15939516346010973,0.03963301902153124,0.7994711461432188,25,30,10
19,7202,0.0015085887333014753,0.15939516346019825,0.03963765183904709,0.7994585959674532,25,30,10
19,7203,0.0015085715882269181,0.15939505038259114,0.03963778206185513,0.7994585959673267,25,30,10
19,7204,0.00151247865793622,0.15939505038261662,0.03963778440531836,0.7994546865541287,25,30,10
19,7205,0.0015154368294479725,0.15939505038262475,0.03964237072179047,0.7994471420661367,25,30,10
19,7206,0.001740766456029662,0.1593950503847043,0.03964252316128338,0.7992216599979828,25,30,10
19,7207,0.0017416258145006448,0.1593930879147039,0.03964362627532265,0.7992216599954731,25,30,10
19,7208,0.0015083294977070976,0.15939308791360662,0.03964340982677416,0.7994551727619124,25,30,10
19,7209,0.0015084522404341212,0.1593930879135983,0.03964341018629475,0.7994550496596732,25,30,10
19,7210,0.0005933444727781534,0.15939307586918317,0.04055853001986945,0.7994550496381698,25,30,10
19,7211,0.00035114114597068326,0.1593930758660719,0.04055830407005834,0.7996974789178996,25,30,10
19,7212,0.0003550631190625207,0.15939307586455367,0.04055830542705997,0.7996935555893242,25,30,10
19,7213,0.0003541350841080533,0.15939485714706222,0.0405574521841399,0.7996935555846902,25,30,10
19,7214,0.00035645108423315743,0.1406725892449737,0.0592774038790279,0.7996935557917679,25,30,10
19,7215,0.0003452696856170961,0.14067258924385595,0.059277252310852416,0.7997048887596772,25,30,10
19,7216,0.00033927904506053533,0.14067258924385612,0.05927729228000435,0.7997108394310816,25,30,10
19,7217,0.0003423266373247985,0.14067258924385595,0.05927725217115867,0.7997078319476632,25,30,10
19,7218,0.00034230962673775214,0.14067258924381995,0.0592819511663286,0.7997031499631162,25,30,10
19,7219,0.00033931371235805806,0.14067258924382794,0.05928194922253542,0.7997061478212809,25,30,10
19,7220,0.00033929769379308555,0.14067274319338727,0.059281811291544216,0.7997061478212778,25,30,10
19,7221,0.000339325876141304,0.1406727431932715,0.05928649995998945,0.7997014309706003,25,30,10
19,7222,0.0003393093125119577,0.1406727431932712,0.0592865009555445,0.7997014465386753,25,30,10
19,7223,0.00033648971411936004,0.1406727431938071,0.05928650322305617,0.7997042638690197,25,30,10
19,7224,0.00033641953195419404,0.1406727431938066,0.059286502705971085,0.7997043345682705,25,30,10
19,7225,0.00033641921909632313,0.14067298865740288,0.059286257555234284,0.799704334568269,25,30,10
19,7226,0.0003403984645247862,0.14067298865743827,0.059286264114966444,0.7997003487630729,25,30,10
19,7227,0.0003423877733309588,0.14123035331789235,0.058726910149075176,0.7997003487597039,25,30,10
19,7228,0.00034228067449922474,0.14123035331736575,0.05872918676494832,0.799698179243189,25,30,10
19,7229,0.0003502350160530163,0.14123035331744502,0.058724491836590474,0.7996949198299137,25,30,10
19,7230,0.0003542633373605121,0.14123035331747158,0.058719792611107643,0.7996955907340627,25,30,10
19,7231,0.00035722551949722895,0.14123035331749864,0.05871979528328594,0.7996926258797206,25,30,10
19,7232,0.00035948590149805865,0.1412303533174475,0.05871979313582562,0.7996903676452309,25,30,10
19,7233,0.016350828921066197,0.1412303533898601,0.058729557636253836,0.7836892600528219,25,30,10
19,7234,0.016347872836902234,0.14123035338985085,0.058729555547350765,0.7836922182258977,25,30,10
19,7235,0.016339902611299962,0.14123035338980827,0.05881728567997992,0.7836124583189132,25,30,10
19,7236,0.01633963883204238,0.14123035338981516,0.05881728425236513,0.7836127235257787,25,30,10
19,7237,0.016343562742254972,0.1412303533898591,0.05881728741506815,0.7836087964528191,25,30,10
19,7238,0.01634685589980718,0.14122705632537957,0.05881729130734009,0.7836087964674745,25,30,10
19,7239,0.016346852532011874,0.14122705632537974,0.05881729133219724,0.7836087998104126,25,30,10
19,7240,0.01635384672787777,0.14122705632538105,0.058819597472241456,0.7835994994745009,25,30,10
19,7241,0.00036250396680057603,0.14122705625296816,0.05881627909989818,0.7995941606803342,25,30,10
19,7242,0.000355723972469751,0.1412270562529516,0.058816359917522903,0.7996008598570569,25,30,10
19,7243,0.00035663763294469186,0.14122705625299534,0.05880772095775638,0.7996085851563046,25,30,10
19,7244,0.0003547003317046621,0.1412286088793733,0.05880810564210839,0.7996085851468148,25,30,10
19,7245,0.00034679982655944666,0.1412286088793118,0.05880818325535216,0.7996164080387775,25,30,10
19,7246,0.00034984840323257373,0.14122860887931182,0.05880806797034106,0.7996134747471156,25,30,10
19,7247,0.0003498040682435752,0.14122849370586474,0.058808227478604584,0.799613474747288,25,30,10
19,7248,0.0003497877837500131,0.14122849370585536,0.058808309297997796,0.7996134092123978,25,30,10
19,7249,0.00034978616766699134,0.14122849370583734,0.05880822550298379,0.7996134946235128,25,30,10
19,7250,0.0003499078631073075,0.1412284937061035,0.05881058671521965,0.7996110117155704,25,30,10
19,7251,0.0003971518124770357,0.14122849370610685,0.05881065699986274,0.7995636974815539,25,30,10
19,7252,0.0003938590457793162,0.14123139702876333,0.05881104645864069,0.7995636974668172,25,30,10
19,7253,0.00039599799292021023,0.14123139702872048,0.058811004850854914,0.799561600127505,25,30,10
19,7254,0.00039100234019299443,0.14123139702874687,0.05881100475353896,0.7995665958775217,25,30,10
19,7255,0.0003880080151430279,0.14123139702875467,0.05880630323118599,0.7995742917249171,25,30,10
19,7256,0.0003879892867970356,0.141231397028747,0.058806223402288964,0.7995743902821677,25,30,10
19,7257,0.00046170110089127446,0.1412313970329654,0.05880646233026916,0.7995004395358749,25,30,10
19,7258,0.00041046510718829236,0.1412313970329355,0.05880639058834217,0.799551747271535,25,30,10
19,7259,0.00041185242076206466,0.14123140928796585,0.05880499101977191,0.7995517472715022,25,30,10
19,7260,0.0004087487738213924,0.1412314092879652,0.05880499059946888,0.7995548513387466,25,30,10
19,7261,0.0004087500282292225,0.14123140928793712,0.05871483778809949,0.7996450028957356,25,30,10
19,7262,0.0004086449238196059,0.1412314092876713,0.05871255894191223,0.7996473868465982,25,30,10
19,7263,0.0004116408998313815,0.1412314092876799,0.058712558357272904,0.7996443914552168,25,30,10
19,7264,0.0004127822907114424,0.14123140928760985,0.05871266869483615,0.7996431397268435,25,30,10
19,7265,0.0004097148737244947,0.14123140928761813,0.05871255239623628,0.799646323442422,25,30,10
19,7266,0.00033600182821954703,0.14123140928339914,0.05871231337790328,0.799720275510479,25,30,10
19,7267,0.0003381926389241879,0.14123140928546085,0.05871240828077298,0.7997179897948427,25,30,10
19,7268,0.000334269563544848,0.14123140928540873,0.058712401109160435,0.7997219200418866,25,30,10
19,7269,0.0003380721500689907,0.14123140928333797,0.058712306571722064,0.7997182119948715,25,30,10
19,7270,0.0003360044452965423,0.1412314092833816,0.05871001789052527,0.7997225683807971,25,30,10
19,7271,0.00033616209580666516,0.1412314092834082,0.058710016645695806,0.7997224119750898,25,30,10
19,7272,0.0003300805372910623,0.14123140928343283,0.058707712779767426,0.799730797399509,25,30,10
19,7273,0.0005665582693198021,0.14099525324126522,0.05870739065411976,0.7997307978352959,25,30,10
19,7274,0.0005665921535348715,0.1409952532412343,0.05870966811768569,0.7997284864875458,25,30,10
19,7275,0.0005695372861856815,0.14099525324126197,0.058711947513335874,0.799723261959217,25,30,10
19,7276,0.0005666071675021864,0.1409952532412435,0.058709668777958184,0.7997284708132966,25,30,10
19,7277,0.0005596172585988887,0.1409952532411988,0.05870978093029442,0.7997353485699084,25,30,10
19,7278,0.0005597412470872681,0.14099525324119036,0.05870978173985877,0.7997352237718637,25,30,10
19,7279,0.000563717475548991,0.14099525324123463,0.05870990196885912,0.7997311273143574,25,30,10
19,7280,0.001017947020729609,0.1409952532413506,0.05871005990905245,0.7992767398288676,25,30,10
19,7281,0.0010139877884625273,0.14099525324131615,0.05870996892521568,0.7992807900450059,25,30,10
19,7282,0.0010139350500373615,0.14099514342722966,0.05871013147772932,0.7992807900450041,25,30,10
19,7283,0.0010140233026346788,0.140995143427301,0.05871013617884402,0.7992806970912205,25,30,10
19,7284,0.0010071009468825512,0.14099514342723932,0.05871013029438944,0.7992876253314891,25,30,10
19,7285,0.0010076923497213818,0.15971488559659938,0.03998979692455326,0.799287625129126,25,30,10
19,7286,0.0010094970696047452,0.15971488559666144,0.039991342881407405,0.7992842744523275,25,30,10
19,7287,0.001009496767784173,0.15971488559666128,0.03999134493700596,0.7992842726985496,25,30,10
19,7288,0.0010064300531450517,0.15971488559666974,0.03999134400187055,0.7992873403483156,25,30,10
19,7289,0.0010104945778712038,0.1597148855967362,0.03998909435242081,0.7992855254729726,25,30,10
19,7290,0.0010154702568665054,0.15971488559670047,0.03998747029839597,0.7992821738480379,25,30,10
19,7291,0.001015380767293502,0.1597148855966285,0.03998746693374578,0.7992822667023332,25,30,10
19,7292,0.001008461186763556,0.15971488559658342,0.039987461186186894,0.799289192030467,25,30,10
19,7293,0.0010082693229804078,0.15971488559655544,0.039987460062415166,0.7992893850180499,25,30,10
19,7294,0.001007322262146629,0.15971488559650213,0.03998745572341577,0.7992903364179362,25,30,10
19,7295,0.0010102699286942635,0.15971488559650276,0.039987339926870494,0.7992875045479334,25,30,10
19,7296,0.0010342149087614499,0.15971488559671546,0.039987358187299094,0.799263541307225,25,30,10
19,7297,0.0010362105949386173,0.1597134472171337,0.039986800861358716,0.7992635413265698,25,30,10
19,7298,0.0010455901238302801,0.1597134410666539,0.03997742746307622,0.7992635413464406,25,30,10
19,7299,0.0010455754908907232,0.1597134410666451,0.03997750929735188,0.799263474145113,25,30,10
19,7300,0.0010455579180717659,0.15971344106663743,0.039977511783744445,0.7992634892315471,25,30,10
19,7301,0.0010495337711302123,0.15971344106666432,0.03997751472309745,0.7992595104391088,25,30,10
19,7302,0.0010495162503808436,0.15971344106665467,0.03997751406498063,0.7992595286179848,25,30,10
19,7303,0.0010456605162878078,0.1597134410666202,0.03997751160421839,0.7992633868128745,25,30,10
19,7304,0.0010495674967912736,0.15971344106664664,0.039977431022360635,0.7992595604142022,25,30,10
19,7305,0.0010526909664231414,0.15971344106668472,0.03997743667405668,0.799256431292836,25,30,10
19,7306,0.0010525495888270013,0.15971344106665783,0.039977526088365,0.7992564832561507,25,30,10
19,7307,0.0012926694693823609,0.15971344106886398,0.03997771839121334,0.7990161710705405,25,30,10
19,7308,0.0012927755194010679,0.15971344106891,0.03997773190006817,0.7990160515116211,25,30,10
19,7309,0.001286784548044575,0.15971344106890042,0.03997773177496716,0.7990220426080882,25,30,10
19,7310,0.001344750187579318,0.1597134410690354,0.03997775522236456,0.7989640535210211,25,30,10
19,7311,0.0013476221270038156,0.15971344106901697,0.03997774168147686,0.7989611951225026,25,30,10
19,7312,0.0013455022597132302,0.15971344106907034,0.039977744528694265,0.7989633121425225,25,30,10
19,7313,0.0012875512543539572,0.1597134410689441,0.03997775510482466,0.7990212525718775,25,30,10
19,7314,0.0014794632639131158,0.15951929299998158,0.03997998990985557,0.79902125382625,25,30,10
19,7315,0.0010222008478801984,0.15951929299986578,0.03997983047485023,0.7994786756774043,25,30,10
19,7316,0.0010243380919007037,0.15951929299983156,0.039979711117273574,0.7994766577909946,25,30,10
19,7317,0.0010243368135994437,0.1595192929998226,0.03997971093817366,0.7994766592484049,25,30,10
19,7318,0.0010273338555902413,0.15951929299984913,0.03997971131652256,0.799473661828039,25,30,10
19,7319,0.0010342558846849956,0.15951929299987527,0.03997971469649399,0.7994667364189467,25,30,10
19,7320,0.0010313638890586717,0.15951929299986684,0.03997971676107795,0.7994696263499976,25,30,10
19,7321,0.0010313299036324567,0.15951933879170477,0.03997970495950661,0.7994696263451572,25,30,10
19,7322,0.001031241761030826,0.1595193387917315,0.0399797059156449,0.7994697135315937,25,30,10
19,7323,0.0010343299598657729,0.15951933879173352,0.039979789090115556,0.7994665421582858,25,30,10
19,7324,0.0010105739400336942,0.15951933879151237,0.039979854708105986,0.7994902325603488,25,30,10
19,7325,0.0010036172255585426,0.15951933879147764,0.03997985369278752,0.799497190290177,25,30,10
19,7326,0.0007663546470424244,0.159519338789244,0.03997966129119977,0.7997346452725144,25,30,10
19,7327,0.0007663018230999884,0.15951933878925303,0.03997966002342191,0.7997346993642256,25,30,10
19,7328,0.0007662337770067657,0.15951933878923572,0.03997954542767687,0.799734882006081,25,30,10
19,7329,0.0007632369420445,0.15951933878926228,0.039979462843621916,0.7997379614250717,25,30,10
19,7330,0.0007672321423129268,0.1595193387893331,0.03997954902374488,0.7997338800446099,25,30,10
19,7331,0.0007662333950443241,0.15951933878928026,0.03997958516019058,0.7997348426554853,25,30,10
19,7332,0.0005327243411292096,0.15975306973099096,0.039979363694031635,0.7997348422338492,25,30,10
19,7333,0.0005329000446280719,0.15975306973101785,0.039979447151707224,0.7997345830726478,25,30,10
19,7334,0.0005357756876638519,0.15975306973100817,0.03997952625890391,0.7997316283224252,25,30,10
19,7335,0.0006055054689486517,0.15975306973416808,0.03997980614387964,0.7996616186530048,25,30,10
19,7336,0.0006056631340165093,0.15975306973419465,0.04622761065115105,0.793413656480639,25,30,10
19,7337,0.0006127033514385066,0.15975306973424802,0.046227570062765955,0.7934066568515482,25,30,10
19,7338,0.0006098287737036495,0.15975306973447145,0.04631931949628013,0.7933177819955453,25,30,10
19,7339,0.0006097423369655224,0.15975306973423956,0.04622757088170423,0.7934096170470911,25,30,10
19,7340,0.0006095968768237399,0.15975306973423767,0.046227487713162645,0.7934098456757763,25,30,10
19,7341,0.0006097195336805026,0.15975306973422904,0.04622748808911003,0.793409722642981,25,30,10
19,7342,0.0006137642412536428,0.1597530697343179,0.04622741325219886,0.7934057527722302,25,30,10
19,7343,0.0006087858085077815,0.15975306973438075,0.04622741729054532,0.7934107271665667,25,30,10
19,7344,0.0005389196443113759,0.1597530697312032,0.04622875924606146,0.7934792513784246,25,30,10
19,7345,0.0005360607495056683,0.15975306973117062,0.04622872786758277,0.7934821416517416,25,30,10
19,7346,0.0005450952119298126,0.15975306973174366,0.046228795943036374,0.7934730391132905,25,30,10
19,7347,0.0005451265215189003,0.1597530697317613,0.04622717412295731,0.7934746296237628,25,30,10
19,7348,0.000543094288646427,0.15975306973176023,0.046227176009807136,0.7934766599697868,25,30,10
19,7349,0.0003492558606712657,0.1599487585933541,0.046225326849694645,0.7934766586962806,25,30,10
19,7350,0.0003513757961004462,0.15994875859331936,0.04622532333189806,0.7934745422786826,25,30,10
19,7351,0.00035339281161421383,0.15994875859329358,0.046225320987280535,0.7934725276078125,25,30,10
19,7352,0.00035323529068024255,0.15994875859326724,0.04622523927632635,0.7934727668397266,25,30,10
19,7353,0.00035325167498149866,0.15994872504449276,0.04622525643595956,0.7934727668445666,25,30,10
19,7354,0.0003532349285382363,0.15994836602469154,0.046225632207050095,0.7934727668397206,25,30,10
19,7355,0.0003532875783853639,0.1599483037878886,0.04622564179166695,0.7934727668420595,25,30,10
19,7356,0.0005906536923284873,0.15994830378796812,0.04622573071409315,0.7932353118056106,25,30,10
19,7357,0.0010412775850556855,0.1599483098745739,0.045775100464887204,0.7932353120754846,25,30,10
19,7358,0.0010442361293018017,0.1599453574008605,0.04577509439665264,0.7932353120731864,25,30,10
19,7359,0.001044506296730954,0.1599453574019018,0.04577511332908192,0.7932350229722868,25,30,10
19,7360,0.001043317429668362,0.1599453574018722,0.04577505726929597,0.7932362678991648,25,30,10
19,7361,0.001041304647476515,0.15994535740191604,0.045775062354090866,0.793238275596518,25,30,10
19,7362,0.001038238630828685,0.15994535740192445,0.04577506195044905,0.7932413420167993,25,30,10
19,7363,0.001038237653719164,0.15994535740192442,0.04577506214137933,0.7932413428029785,25,30,10
19,7364,0.0010421977328808748,0.15994535740194973,0.04577503594621437,0.7932374089189558,25,30,10
19,7365,0.0010352763911779391,0.15994535740191457,0.045775034922591516,0.7932443312843168,25,30,10
19,7366,0.001034374240716689,0.15994535740250426,0.04577508243324708,0.7932451859235329,25,30,10
19,7367,0.0010301275825266986,0.1599453574014273,0.04577506194568219,0.7932494530703649,25,30,10
19,7368,0.0010300770657516224,0.159945357401419,0.04577505982766121,0.7932495057051692,25,30,10
19,7369,0.001029898151928458,0.15994535740138138,0.04577505624510482,0.7932496882015867,25,30,10
19,7370,0.0010258895620006052,0.159945357401328,0.04577501241950614,0.7932537406171667,25,30,10
19,7371,0.0010229988003702109,0.15993738163644428,0.04578587894605999,0.7932537406171272,25,30,10
19,7372,0.0010251355556697341,0.15993738163639248,0.045785876609310945,0.7932516061986284,25,30,10
19,7373,0.0010221585376831608,0.15994017710460579,0.045786058173535905,0.7932516061841761,25,30,10
19,7374,0.0010271353537724987,0.1599401771045437,0.045787675808244416,0.7932450117334402,25,30,10
19,7375,0.0008157099623814371,0.15994016978594863,0.04599910753086886,0.7932450127208023,25,30,10
19,7376,0.0008226820279388157,0.15991117724701312,0.04602112799965761,0.7932450127253915,25,30,10
19,7377,0.0008238324405241726,0.15991117724703238,0.046021155456803256,0.7932438348556414,25,30,10
19,7378,0.0008239010462413767,0.1599111772470413,0.0460211550809616,0.793243766625757,25,30,10
19,7379,0.0008309426531271083,0.15990430600188874,0.04602098471442703,0.7932437666305583,25,30,10
19,7380,0.0005965552639647238,0.15990430600181674,0.046020893871099935,0.7934782448631199,25,30,10
19,7381,0.0005965564619606349,0.15990430600181701,0.04602089389198898,0.7934782436442347,25,30,10
19,7382,0.0005896726507417922,0.1599112022659295,0.046020881443681196,0.7934782436396489,25,30,10
19,7383,0.0005895668821445195,0.15991130639355874,0.04602088308486293,0.7934782436394352,25,30,10
19,7384,0.0008219369110343495,0.15991130639668757,0.04602109360300549,0.7932456630892739,25,30,10
19,7385,0.0008408960771746072,0.15991130639733753,0.046021171406401676,0.7932266261190876,25,30,10
19,7386,0.0008339070891628079,0.15994051990543223,0.04599894688873898,0.7932266261166674,25,30,10
19,7387,0.0008339221973434197,0.15994051990543237,0.045998947395644675,0.7932266105015809,25,30,10
19,7388,0.0008368646636562013,0.15993776695576087,0.045998757881258984,0.7932266104993253,25,30,10
19,7389,0.0008369360370512226,0.15993776695576087,0.04599875881453961,0.7932265381926495,25,30,10
19,7390,0.000833956334545515,0.15993776695575232,0.045998760188039126,0.7932295165216644,25,30,10
19,7391,0.0008339771202435073,0.1599377669557566,0.046001922828266206,0.7932263330957344,25,30,10
19,7392,0.000830121753718266,0.15993776695572154,0.046000298209245234,0.7932318130813159,25,30,10
19,7393,0.0005908150996024067,0.15993776695254086,0.04600172927608673,0.7934696886717708,25,30,10
19,7394,0.000589842239945791,0.15993776695409204,0.04600170524055125,0.7934706855654119,25,30,10
19,7395,0.0005898252823515912,0.15993776695408202,0.046001703104007315,0.7934707046595599,25,30,10
19,7396,0.00038470190548245864,0.15995731240785283,0.046187282271944144,0.7934707034147217,25,30,10
19,7397,0.0008496146648680455,0.1599573124079362,0.04618750925315132,0.7930055636740455,25,30,10
19,7398,0.0008475503821369025,0.15995731240801528,0.04618763088472155,0.7930075063251273,25,30,10
19,7399,0.0008504934668141131,0.1599542437096203,0.046187756496100754,0.7930075063274659,25,30,10
19,7400,0.0009294991446933875,0.15993504766512168,0.0461279466069599,0.7930075065832262,25,30,10
19,7401,0.000929428899478158,0.15993504766509503,0.046128028121144846,0.793007495314283,25,30,10
19,7402,0.0009292914044459397,0.15993504766508654,0.046128025603885854,0.7930076353265827,25,30,10
19,7403,0.0009293612693576205,0.1599350476651139,0.04612802703011675,0.793007564035413,25,30,10
19,7404,0.000932321902257299,0.15993504766513156,0.04612802835638105,0.7930046020762314,25,30,10
19,7405,0.0009312132722094555,0.1599350476646128,0.0461326883030046,0.793001050760174,25,30,10
19,7406,0.000928251428805146,0.1599350476645947,0.04613272693184133,0.7930039739747596,25,30,10
19,7407,0.0009281703382762214,0.15990114179177783,0.046166713894605735,0.7930039739753412,25,30,10
19,7408,0.0009280460763808443,0.15990114179178552,0.04616671113765101,0.7930041009941836,25,30,10
19,7409,0.0009389777431340292,0.1599011417918548,0.04616671541445381,0.7929931650505584,25,30,10
19,7410,0.0009459371462265355,0.15990114179188858,0.046166636403877206,0.7929862846580087,25,30,10
19,7411,0.0009380903580741288,0.15990114179181852,0.04616663089597343,0.7929941369541349,25,30,10
19,7412,0.0009380903253884063,0.15990114179181789,0.04616670677245633,0.7929940611103379,25,30,10
19,7413,0.000934987845562176,0.1599011417918179,0.04616670727226729,0.7929971630903531,25,30,10
19,7414,0.0009359725385490635,0.15990114179181134,0.046166669953284625,0.7929962157163554,25,30,10
19,7415,0.0009359704339882528,0.1599011417918109,0.046166785818604915,0.7929961019555963,25,30,10
19,7416,0.0009359490772860896,0.15990114179180645,0.046163621119157165,0.7929992880117506,25,30,10
19,7417,0.0009170603469023896,0.15990114179119214,0.04616354496420892,0.793018252897697,25,30,10
19,7418,0.0009213563579915225,0.1599011417912137,0.0461634306813832,0.793014071169412,25,30,10
19,7419,0.0009252280721407548,0.1599011417907501,0.04616345815741736,0.7930101719796921,25,30,10
19,7420,0.000928223127434038,0.15990114179075857,0.0461634582978325,0.7930071767839754,25,30,10
19,7421,0.0009192052530885623,0.15990114179019518,0.046163390951804065,0.7930162620049133,25,30,10
19,7422,0.0009192567485911086,0.15990114179020365,0.046163277691438916,0.7930163237697672,25,30,10
19,7423,0.0004612129156791965,0.15990114179010953,0.04616140577921826,0.7934762395149935,25,30,10
19,7424,0.00045721651160218464,0.15990114178899562,0.04616137419268906,0.7934802675067135,25,30,10
19,7425,0.00045716474163529563,0.15990114178898698,0.046161371564961834,0.7934803219044163,25,30,10
19,7426,0.0004971225995466297,0.15990576297233894,0.04611679233026024,0.7934803220978545,25,30,10
19,7427,0.0005012394871810402,0.1599057629723932,0.04648973095453782,0.7931032665858899,25,30,10
19,7428,0.0005022335728021483,0.15990576297238385,0.0464850303893638,0.793106973065452,25,30,10
19,7429,0.0005010946038989259,0.1599057629724627,0.046485038069482155,0.793108104354158,25,30,10
19,7430,0.0005030553545806642,0.15990576297249975,0.04648508390237918,0.7931060977705424,25,30,10
19,7431,0.0004960835311146862,0.1599057629724658,0.04648519539141875,0.7931129581050027,25,30,10
19,7432,0.0017352071425545648,0.15991791057655652,0.04523387466769758,0.7931130076131921,25,30,10
19,7433,0.0017352772413922644,0.15991049924750744,0.04524121589783504,0.7931130076132662,25,30,10
19,7434,0.0017381340371462298,0.15991049924748119,0.03899341108810219,0.7993579556272716,25,30,10
19,7435,0.0017422048336194998,0.1592891799386323,0.03961065926667669,0.7993579559610728,25,30,10
19,7436,0.0017432913022150077,0.1592891799386145,0.0396128915539967,0.7993546372051751,25,30,10
19,7437,0.0017394548984881384,0.1592891799407038,0.0396129550906937,0.7993584100701158,25,30,10
19,7438,0.0017503788250981074,0.1592891799407573,0.03961295989039484,0.7993474813437511,25,30,10
19,7439,0.0017523572096998451,0.1592891799407909,0.039612960641341566,0.799345502208169,25,30,10
19,7440,0.001752424067651258,0.1592891799408081,0.0396128455482157,0.7993455504433261,25,30,10
19,7441,0.0017524243596761327,0.15928917994080904,0.03961948877590135,0.7993389069236149,25,30,10
19,7442,0.0017483632144961402,0.15991006177206846,0.03900266842553826,0.7993389065878985,25,30,10
19,7443,0.0017463296600709766,0.15991006177207656,0.039002668043825676,0.7993409405240282,25,30,10
19,7444,0.0017472776487357806,0.1599100617721121,0.03900267160546164,0.7993399889736915,25,30,10
19,7445,0.0017523420373126897,0.15991006177208594,0.039002667217619504,0.7993349289729828,25,30,10
19,7446,0.0017493971206259753,0.15991006177208544,0.03900255222911439,0.799337988878175,25,30,10
19,7447,0.001746333302975875,0.15991006177209358,0.03900255181551982,0.7993410531094117,25,30,10
19,7448,0.0017441969002912768,0.1599100617720824,0.039000274705141995,0.7993454666224856,25,30,10
19,7449,0.001742234831661448,0.15991006177201234,0.03900256162467984,0.7993451417716477,25,30,10
19,7450,0.0017422851958444898,0.15991006176988962,0.03900249517853505,0.799345157855732,25,30,10
19,7451,0.0017432488653028589,0.1599100617699242,0.03900020422458459,0.7993464851401896,25,30,10
19,7452,0.0017102923449114544,0.1599427405989231,0.03900048210523801,0.7993464849509284,25,30,10
19,7453,0.0017093108523629406,0.15994274059886895,0.039000475750198965,0.7993474727985702,25,30,10
19,7454,0.0003488236077707629,0.1599504816543709,0.04035327172050089,0.7993474230173604,25,30,10
19,7455,0.0013080880237263779,0.15993023879123194,0.039414249340707704,0.7993474238443357,25,30,10
19,7456,0.0012970954563067938,0.1599302387911604,0.039414243923666194,0.7993584218288681,25,30,10
19,7457,0.0013000938599050738,0.15993023879115273,0.039414245896640276,0.7993554214523033,25,30,10
19,7458,0.0013020188207995853,0.15993023879123217,0.03941425264682832,0.7993534897411412,25,30,10
19,7459,0.0013023699621929927,0.15993023879134133,0.039414259149342636,0.7993531320971244,25,30,10
19,7460,0.0013023874873124902,0.1599302387913419,0.03941425971341725,0.7993531140079295,25,30,10
19,7461,0.0012994590016342294,0.15993023879136775,0.0394142597227732,0.7993560424842259,25,30,10
19,7462,0.0012991425024311953,0.1599302387912861,0.0394142536961214,0.7993563650101625,25,30,10
19,7463,0.0012992348365396709,0.1599302387912942,0.03941425372862258,0.7993562726435447,25,30,10
19,7464,0.00176317617701372,0.15993023879346122,0.039414653432288636,0.7988919315972376,25,30,10
19,7465,0.0017742125661393134,0.15993023879354912,0.039408045549256185,0.7988875030910566,25,30,10
19,7466,0.001783358110587773,0.15993023879363275,0.0394080544380056,0.798878348657775,25,30,10
19,7467,0.0008199857386983403,0.159930238571252,0.04037142788149298,0.7988783478085586,25,30,10
19,7468,0.0008201439818795294,0.15993023857128907,0.04037143269517603,0.7988781847516573,25,30,10
19,7469,0.0008211415255256426,0.15993023857131589,0.04074441772582762,0.7985042021773349,25,30,10
19,7470,0.0008211421165665266,0.15993023857131639,0.04074441779271425,0.7985042015194065,25,30,10
19,7471,0.0008279924222347182,0.1599302385713422,0.04074441942380167,0.7984973495826249,25,30,10
19,7472,0.0009017414695427099,0.1599302385745464,0.040744680636793394,0.7984233393191209,25,30,10
19,7473,0.000894890190537925,0.15993023857452968,0.040744680404653705,0.7984301908302822,25,30,10
19,7474,0.0008948898208139445,0.15993023857452107,0.04074467978190654,0.798430191822762,25,30,10
19,7475,0.0008970428908366637,0.159930238574504,0.04074467806325275,0.7984280404714101,25,30,10
19,7476,0.0008981144627868664,0.1599302385744337,0.040371689967734416,0.7987999569950469,25,30,10
19,7477,0.0008952412768329822,0.15993255817260238,0.040372243555601664,0.7987999569949644,25,30,10
19,7478,0.0008971682686305418,0.15993255817267324,0.04037224867722359,0.7987980248814739,25,30,10
19,7479,0.0008880415789494808,0.15993255817259885,0.04037223960101663,0.7988071606474364,25,30,10
19,7480,0.0008880252121868551,0.1599325581725896,0.0403723547872454,0.7988070618279791,25,30,10
19,7481,0.0008881998371370792,0.15993255817258978,0.04037239512367281,0.7988068468666013,25,30,10
19,7482,0.001124491867396389,0.1596816286980499,0.04038703186033909,0.798806847574217,25,30,10
19,7483,0.0011305547420882832,0.15968162869805097,0.04038714828616854,0.7988006682736946,25,30,10
19,7484,0.001131836359268736,0.15968162869797337,0.04038714520463654,0.7987993897381238,25,30,10
19,7485,0.0011297696250599336,0.15968162869801655,0.04038722854765051,0.7988013731292756,25,30,10
19,7486,0.0011310486836439695,0.1596816286979302,0.04038722677792857,0.7988000958404995,25,30,10
19,7487,0.0011338496944637891,0.15968162869792907,0.040387186717037615,0.7987973348905717,25,30,10
19,7488,0.0011367409842721694,0.15967909537314873,0.04038682874724873,0.7987973348953326,25,30,10
19,7489,0.0006697862580535834,0.15967909537094604,0.0403864274510294,0.7992646909199731,25,30,10
19,7490,0.0006697869985010878,0.15967909537095454,0.04038634762820044,0.799264770002346,25,30,10
19,7491,0.0006667711667154976,0.15967909537096237,0.040386344587435084,0.799267788874889,25,30,10
19,7492,0.0006697303655974204,0.1596790953709896,0.04038635879757455,0.79926481546584,25,30,10
19,7493,0.0006657366996800627,0.15968363513656805,0.04038581270267375,0.7992648154610796,25,30,10
19,7494,0.0006605259734268827,0.15968363513648534,0.04038584681659186,0.7992699920734978,25,30,10
19,7495,0.0006633489527446971,0.15968363513648456,0.040385845270310694,0.799267170640462,25,30,10
19,7496,0.0006634196552583306,0.15968363513649408,0.04038592842535817,0.7992670167828905,25,30,10
19,7497,0.000660546201321797,0.1596836351365036,0.04038593046081441,0.7992698882013614,25,30,10
19,7498,0.0006575515250652833,0.15924970605026956,0.04082285421536734,0.7992698882092991,25,30,10
19,7499,0.0006545543681289113,0.1592497060502764,0.040822854213067375,0.7992728853685287,25,30,10
19,7500,0.005977476961216473,0.15935437300673935,0.03539526454597023,0.7992728854860751,25,30,10
19,7501,0.005977475611463513,0.15935437300673028,0.03539537840242862,0.7992727729793785,25,30,10
19,7502,0.005980419929685581,0.15935437300672994,0.03539537837969635,0.7992698286838887,25,30,10
19,7503,0.0059774224959856,0.15935437300673855,0.035395378429269896,0.7992728260680068,25,30,10
19,7504,0.005980418278158171,0.15935437300675606,0.035395378725212284,0.7992698299898743,25,30,10
19,7505,0.005977406083734986,0.1593543730067467,0.03539529555836457,0.7992729253511547,25,30,10
19,7506,0.005980347563928104,0.15935437300674637,0.03539529624934044,0.799269983179986,25,30,10
19,7507,0.005983412737719558,0.15935437300673796,0.03539529664783542,0.7992669176077081,25,30,10
19,7508,0.000673404690775016,0.15924970609332453,0.04080997172100261,0.7992669174949006,25,30,10
19,7509,0.0006702860672402625,0.15924970609329792,0.04080997221872659,0.799270035620738,25,30,10
19,7510,0.0006674123049594087,0.1592497060933071,0.04080997216530299,0.7992729094364333,25,30,10
19,7511,0.0006671491785797806,0.159249706093314,0.040809969658364004,0.799273175069745,25,30,10
19,7512,0.0006641884975499332,0.15924970609330447,0.040809968963003165,0.7992761364461453,25,30,10
19,7513,0.0006563599956313292,0.15924970609324413,0.04080993471459283,0.7992839991965345,25,30,10
19,7514,0.0006590768970469704,0.15924970609319844,0.040810014314108356,0.7992812026956487,25,30,10
19,7515,0.000419832783736611,0.15950413841935387,0.040794826806964266,0.7992812019899476,25,30,10
19,7516,0.0006561285136652433,0.1595041384220132,0.04079504700362538,0.7990446860606985,25,30,10
19,7517,0.0006539929847664241,0.15950413842206543,0.04079505024864507,0.7990468183445252,25,30,10
19,7518,0.0006539566696709455,0.15950413842205713,0.04079493680020684,0.799046968108067,25,30,10
19,7519,0.0006540243194483943,0.15950413842206682,0.04079493907925744,0.7990468981792295,25,30,10
19,7520,0.000650835368685656,0.1595041384220831,0.04079493477029002,0.799050091438943,25,30,10
19,7521,0.0006508365714622805,0.15950413842208738,0.04079963665475894,0.7990453883516938,25,30,10
19,7522,0.0006477870962316801,0.15951491471872642,0.04079190983338054,0.7990453883516634,25,30,10
19,7523,0.0006448068601685683,0.15951491471874393,0.04079182812474638,0.7990484502963432,25,30,10
19,7524,0.0006448058222794792,0.15951491471873536,0.040791827526223574,0.7990484519327634,25,30,10
19,7525,0.0006447541087258019,0.15951491471872722,0.040791827400586546,0.7990485037719622,25,30,10
19,7526,0.000651710868689497,0.15951491471876145,0.040791830468140534,0.7990415439444102,25,30,10
19,7527,0.000814292258690707,0.1595149147182252,0.04079186953392504,0.798878923489161,25,30,10
19,7528,0.0008074417162235933,0.15951491471822155,0.04078719779208872,0.7988904457734682,25,30,10
19,7529,0.0008076886640804689,0.15948306831661513,0.04081879723614157,0.7988904457831656,25,30,10
19,7530,0.0008048687559886264,0.15948306831661532,0.04081879932207531,0.7988932636053235,25,30,10
19,7531,0.0007978956898581017,0.15948306831658043,0.040818910147635966,0.7989001258459283,25,30,10
19,7532,0.0008090744578576043,0.15948306831660033,0.040818830262940364,0.7988890269626044,25,30,10
19,7533,0.0008082847277855207,0.15948306831658343,0.040818828578165677,0.798889818377468,25,30,10
19,7534,0.006661055644164343,0.1594830684783763,0.03495469056364073,0.7989011853138202,25,30,10
19,7535,0.006658990718317438,0.15948306847841107,0.03495469421876712,0.7989032465845058,25,30,10
19,7536,0.006658995316768977,0.15948306847841154,0.03495469628023268,0.7989032399245883,25,30,10
19,7537,0.0066590280597015805,0.1594830684783759,0.03495468198450928,0.7989032214774144,25,30,10
19,7538,0.0066659573954515996,0.1594830684784197,0.03495472355280019,0.7988962505733297,25,30,10
19,7539,0.006668880586210757,0.15948306847838423,0.03495471989237581,0.7988933310430304,25,30,10
19,7540,0.006435493254271157,0.15948306847574337,0.034954499063872775,0.7991269392061138,25,30,10
19,7541,0.006432619166227934,0.15948306847578814,0.03495450235005318,0.7991298100079318,25,30,10
19,7542,0.0005701589392126799,0.15948306827107225,0.040792720715019604,0.7991540520746971,25,30,10
19,7543,0.0005704206871523827,0.1594830682711082,0.0407927243063364,0.799153786735405,25,30,10
19,7544,0.0005665539575941109,0.15948306827105607,0.04079268113420957,0.7991576966371423,25,30,10
19,7545,0.000569286994035893,0.15948949140231813,0.040783524976159086,0.7991576966274891,25,30,10
19,7546,0.0005691474835516244,0.15948949140229984,0.040783524335549784,0.7991578367786011,25,30,10
19,7547,0.0005670977579312123,0.15948949140229843,0.04078352515958364,0.799159885680189,25,30,10
19,7548,0.0005859985305963349,0.15948949140243118,0.040783538058965944,0.7991409720080088,25,30,10
19,7549,0.0005740885863035918,0.15948949140232485,0.04078352979281925,0.7991528902185546,25,30,10
19,7550,0.0005769632933493029,0.15948949140228888,0.04078349735854334,0.7991500479458208,25,30,10
19,7551,0.0005841089796631113,0.15886237442492568,0.04140346864079872,0.799150047954615,25,30,10
19,7552,0.0005909592341069577,0.15886237442495182,0.04140347245879733,0.7991431938821463,25,30,10
19,7553,0.0005900821207395891,0.1588623744249169,0.04140346769219271,0.7991440757621533,25,30,10
19,7554,0.0005871429273174265,0.15886237442491705,0.04140509055123264,0.7991453920965352,25,30,10
19,7555,0.0005871589339238172,0.15886237442496123,0.04140509272666832,0.7991453739144488,25,30,10
19,7556,0.0005844089993277666,0.15888756823471045,0.04138264883451905,0.7991453739314451,25,30,10
19,7557,0.0006551298095791854,0.15888756823687356,0.0413828380283275,0.7990744639252216,25,30,10
19,7558,0.0006551310750275849,0.15888756823688216,0.04138295475881052,0.7990743459292815,25,30,10
19,7559,0.0006520662000064332,0.1588875682368906,0.04138295387407369,0.799077411689031,25,30,10
19,7560,0.000651872477540834,0.15888736512133453,0.04138335072674983,0.7990774116743766,25,30,10
19,7561,0.0006486649295623749,0.1588873651231307,0.041420457405694465,0.7990435125416152,25,30,10
19,7562,0.0006426979477433057,0.1588873651231665,0.04142046931564792,0.7990494676134449,25,30,10
19,7563,0.0006417696130205628,0.15888736512313176,0.04142034975546091,0.7990505155083892,25,30,10
19,7564,0.0006415614397235516,0.15888736512310395,0.041420346287119304,0.7990507271500558,25,30,10
19,7565,0.0006413346130746488,0.15949670921786377,0.04081122902538409,0.7990507271436798,25,30,10
19,7566,0.0006414035825381717,0.15949649079379502,0.04081137848237382,0.7990507271412952,25,30,10
19,7567,0.0006354120731993383,0.1595133358623638,0.04080052492305705,0.7990507271413821,25,30,10
19,7568,0.0006354120623507305,0.15951333586234626,0.04080063953096726,0.7990506125443382,25,30,10
19,7569,0.0006356587906151284,0.15994988381632083,0.04036384485623471,0.7990506125368312,25,30,10
19,7570,0.0006326455927115854,0.15995269956098973,0.040364042314273284,0.7990506125320269,25,30,10
19,7571,0.0006326302805682855,0.15995269956098018,0.04036870365531963,0.7990459665031334,25,30,10
19,7572,0.0006256587067715639,0.15995269956093622,0.04036869907914629,0.7990529426531472,25,30,10
19,7573,0.0006254465708294133,0.15995269956091665,0.040368814694984774,0.7990530391732708,25,30,10
19,7574,0.0006323662595962697,0.15995269956096936,0.040368820436237435,0.7990461137431987,25,30,10
19,7575,0.0006333675620835579,0.15995269956103125,0.040368824929196204,0.7990451079476908,25,30,10
19,7576,0.0006323443552923648,0.15995269956096916,0.040368807714581456,0.799046148369159,25,30,10
19,7577,0.0006415029486412951,0.15995269965152034,0.04036894193791138,0.7990368554619287,25,30,10
19,7578,0.00064849011790232,0.15995269965155484,0.040369021370032454,0.7990297888605119,25,30,10
19,7579,0.0006512022093223971,0.15995012556716195,0.040368883358675604,0.7990297888648414,25,30,10
19,7580,0.0006533199548021296,0.15995012556710023,0.04036887987579449,0.7990276746023046,25,30,10
19,7581,0.0006542463320121792,0.1599501255671265,0.04036418011012576,0.7990314479907369,25,30,10
19,7582,0.0006571021798689393,0.14119895250982595,0.05911249729682251,0.799031448013484,25,30,10
19,7583,0.0006489231300467686,0.14119895250981512,0.05911254401267013,0.7990395803474694,25,30,10
19,7584,0.0006525283046958524,0.14119895251114617,0.059014278688744114,0.7991342404954175,25,30,10
19,7585,0.0006524917006211482,0.14119895251113834,0.05901427915128523,0.7991342766369585,25,30,10
19,7586,0.00041917439507827703,0.14119895250850623,0.05901397945010791,0.7993678936463111,25,30,10
19,7587,0.00041224357600755325,0.14119895250848033,0.0590138978166617,0.7993749060988538,25,30,10
19,7588,0.000403070518597979,0.14119895241949154,0.05901379311111311,0.7993841839508007,25,30,10
19,7589,0.0004029996121933376,0.1411989524195083,0.05901367745088797,0.7993843705174136,25,30,10
19,7590,0.00039702616351302585,0.14119895241951752,0.05901368065468462,0.799390340762288,25,30,10
19,7591,0.0003931712692591548,0.14119895241945665,0.059013675321404495,0.7993942009898825,25,30,10
19,7592,0.0003931527742542295,0.14119895241942976,0.05901367137758202,0.7993942234287367,25,30,10
19,7593,0.000640275431492031,0.14119895861596926,0.05886288196312771,0.7992978839894137,25,30,10
19,7594,0.0006362113917549373,0.14119895861590637,0.058489943177644096,0.7996748868146965,25,30,10
19,7595,0.0006360895647211925,0.14119895861591483,0.05848994282732137,0.7996750089920439,25,30,10
19,7596,0.0006360166323943339,0.1411989586159054,0.058489944446022596,0.799675080305679,25,30,10
19,7597,0.0006380313903570242,0.1411989586158705,0.05848982484455354,0.7996731851492201,25,30,10
19,7598,0.0006380313536112014,0.14119895861586973,0.05848982473051083,0.7996731853000095,25,30,10
19,7599,0.0006351400436338339,0.15995071084654588,0.03974096382282457,0.7996731852869963,25,30,10
19,7600,0.0006350837622500563,0.15995071084497473,0.03974093473714893,0.7996732706556269,25,30,10
19,7601,0.0006350317437759651,0.15995071084495704,0.03974093525280027,0.799673322158467,25,30,10
19,7602,0.0006350340603246591,0.15995071084497497,0.03974097599179169,0.7996732791029089,25,30,10
19,7603,0.0006380302988406796,0.15995071084498386,0.039740974157018175,0.7996702846991574,25,30,10
19,7604,0.0003942152403234017,0.15995070464796163,0.03998331608151211,0.7996717640302031,25,30,10
19,7605,0.00039513977729479957,0.15995070464800532,0.03998169614823416,0.7996724594264664,25,30,10
19,7606,0.00039224931869929905,0.15995070464804287,0.03998158579506781,0.7996754602381907,25,30,10
19,7607,0.0004204306356101726,0.15995070473300102,0.03519217087783493,0.8044366937535549,25,30,10
19,7608,0.0004282798967179386,0.1599507047330711,0.03519217746306217,0.8044288379071496,25,30,10
19,7609,0.0004353815955678265,0.15995070473308032,0.043365124412851896,0.7962487892585033,25,30,10
19,7610,0.00043538127225728723,0.15995070473308,0.043365124367041305,0.7962487896276245,25,30,10
19,7611,0.0004374136789432073,0.15995070473306375,0.04336512217340442,0.7962467594145913,25,30,10
19,7612,0.0004373960423028242,0.1599507047330456,0.04336512132591463,0.7962467778987393,25,30,10
19,7613,0.0004365350667334841,0.15995070473301062,0.043365078343679336,0.7962476818565787,25,30,10
19,7614,0.00043959892919887526,0.15995070473300232,0.04336507879439121,0.7962446175434095,25,30,10
19,7615,0.0011199226820442299,0.1592627682544108,0.04337269122225035,0.7962446178412964,25,30,10
19,7616,0.001055270560817738,0.15926276825333693,0.04337258362337179,0.796309377562476,25,30,10
19,7617,0.0010701062549193434,0.1592627682533985,0.043372589463763364,0.7962945360279206,25,30,10
19,7618,0.0011288520597238295,0.15918156078305612,0.04339505112934499,0.7962945360278766,25,30,10
19,7619,0.0004486676771208825,0.15986146227253836,0.0433953343203038,0.7962945357300386,25,30,10
19,7620,0.0004456563380298253,0.15986146227252468,0.04339553221554193,0.7962973491739054,25,30,10
19,7621,0.00044583321135455,0.1598614622725887,0.0433955361642242,0.7962971683518342,25,30,10
19,7622,0.00044981000188786777,0.1598614622726236,0.04339553916478501,0.7962931885607051,25,30,10
19,7623,0.00044967044771324766,0.15986146227260478,0.04339542342132382,0.7962934438583593,25,30,10
19,7624,0.00044477477690181094,0.15986146227254408,0.03522247375404212,0.8044712891965129,25,30,10
19,7625,0.00043282832222950025,0.15986146227244713,0.03522246532334724,0.8044832440819772,25,30,10
19,7626,0.000432709716230998,0.15986146227245604,0.0352224649456164,0.8044833630656975,25,30,10
19,7627,0.0004356575908183989,0.15986146227248407,0.03522474308619381,0.8044781370505046,25,30,10
19,7628,0.0004424009165031008,0.1598614622724723,0.03522474344973452,0.8044713933612908,25,30,10
19,7629,0.0004431619496938015,0.15944725325296447,0.03563819143286222,0.8044713933644801,25,30,10
19,7630,0.0004471402239973074,0.15944725325300046,0.03563819452087468,0.8044674120021282,25,30,10
19,7631,0.00044419345215013256,0.15944725325300074,0.035638112521970466,0.8044704407728793,25,30,10
19,7632,0.0004521477996861491,0.1594472532533228,0.035641955030952924,0.8044586439160387,25,30,10
19,7633,0.00045521297799052643,0.15944725325331388,0.035641954854290156,0.804455578914406,25,30,10
19,7634,0.0004523383190441488,0.15944725325332312,0.03564357793408728,0.804456830493546,25,30,10
19,7635,0.000459258615054636,0.15944725325336737,0.0356420750697192,0.8044514130618593,25,30,10
19,7636,0.00042919304008348885,0.15944725316561914,0.035738710521417826,0.8043848432728808,25,30,10
19,7637,0.0004910273340106325,0.15944725316567795,0.035745198757268094,0.8043165207430445,25,30,10
19,7638,0.0004911330683469438,0.1594471383914681,0.035745207801860655,0.8043165207383254,25,30,10
19,7639,0.0004909580603582469,0.1594471383914939,0.0357452102058575,0.8043166933422913,25,30,10
19,7640,0.0004931864100195144,0.15944473063117576,0.03574538961867407,0.8043166933401313,25,30,10
19,7641,0.0004343458749223627,0.1594447306311204,0.03573870346636557,0.8043822200275925,25,30,10
19,7642,0.0004383053082628433,0.1594447306311459,0.03573870574023359,0.8043782583203583,25,30,10
19,7643,0.00043594418757482526,0.1590110250934381,0.03617477239533978,0.804378258323648,25,30,10
19,7644,0.0004308242818628377,0.15901102509243828,0.036174734953954145,0.8043834156717453,25,30,10
19,7645,0.0004320764983599445,0.15901102509248718,0.03617473976969812,0.8043821586394554,25,30,10
19,7646,0.00043829173046240513,0.15944087611228747,0.035738673516448084,0.8043821586408026,25,30,10
19,7647,0.000430318209340824,0.15944087611222568,0.03573866744129664,0.8043901382371372,25,30,10
19,7648,0.00042751465536596575,0.15944087611224428,0.03573866873352318,0.804392940498867,25,30,10
19,7649,0.0004315429455500277,0.1594408761122707,0.03573866912197371,0.8043889118202061,25,30,10
19,7650,0.00042429890819045696,0.15944087611222169,0.0357386662859881,0.8043961586936003,25,30,10
19,7651,0.0004204640779674727,0.15944472022131162,0.035738657011544085,0.8043961586891772,25,30,10
19,7652,0.00042034225548185375,0.15944472022132047,0.03573877351125846,0.8043961640119396,25,30,10
19,7653,0.0004173979822399398,0.15944472022132009,0.035738656661683514,0.8043992251347568,25,30,10
19,7654,0.00041442019114399173,0.15944472022134681,0.03573865815235484,0.8044022014351552,25,30,10
19,7655,0.00041449000896104057,0.15944472022135606,0.03573865812570329,0.8044021316439804,25,30,10
19,7656,0.00041454694368594976,0.15944472022144746,0.03574028163337864,0.8044004512014888,25,30,10
19,7657,0.00042141101693677957,0.159444720221382,0.03573866092648669,0.8043952078351954,25,30,10
19,7658,0.0004214813687891022,0.15944472022141812,0.03573866491387073,0.8043951334959231,25,30,10
19,7659,0.00041848079412071796,0.15944472022138992,0.03573638728103452,0.8044004117034557,25,30,10
19,7660,0.0004176251805290118,0.1594447202218279,0.0357363457419906,0.8044013088556532,25,30,10
19,7661,0.0004136311879682081,0.1594447202217655,0.035736225357352366,0.8044054232329144,25,30,10
19,7662,0.0004145423342870397,0.15944472022178288,0.035736227045643346,0.804404510398287,25,30,10
19,7663,0.0004144896925697295,0.15944472022174563,0.035736222303824235,0.8044045677818608,25,30,10
19,7664,0.0004144942632123934,0.15944472022174583,0.03573622144802059,0.8044045640670217,25,30,10
19,7665,0.00041363559370410636,0.15985954160698024,0.035322258735373514,0.8044045640639428,25,30,10
19,7666,0.000417542759989853,0.15985954160699697,0.03532225840350727,0.8044006572295066,25,30,10
19,7667,0.00041749025071165306,0.1598595416069971,0.03532225770117067,0.8044007104411213,25,30,10
19,7668,0.0004066451872097293,0.15985954160667487,0.03531841472352172,0.8044153984825946,25,30,10
19,7669,0.0004094506229755163,0.15985954160665627,0.03531841340028529,0.8044125943700838,25,30,10
19,7670,0.0004093780707555679,0.15985961474753882,0.035318412811837493,0.804412594369869,25,30,10
19,7671,0.0004113401288335915,0.1598596147476358,0.03532312076705106,0.8044059243564802,25,30,10
19,7672,0.0004194547775525796,0.15985961474772514,0.03532312821682377,0.8043978022578991,25,30,10
19,7673,0.0003636873733252265,0.1599378523352555,0.03530065803845167,0.8043978022529683,25,30,10
19,7674,0.00036382623558644427,0.1599378523352824,0.0353006585508179,0.8043976628783137,25,30,10
19,7675,0.00035883258925958515,0.15993785233529134,0.035300665274725765,0.804402649800724,25,30,10
19,7676,0.000359743930806019,0.15993785233530838,0.03530074953746867,0.8044016541964176,25,30,10
19,7677,0.00036057957650723207,0.15993785233479815,0.03530075270565224,0.804400815383043,25,30,10
19,7678,0.0003606187063809377,0.15993785233480678,0.035300781252089956,0.8044007477067231,25,30,10
19,7679,0.0003566407926914968,0.15993785233478047,0.03530078041275525,0.8044047264597736,25,30,10
19,7680,0.00034852612666407044,0.1599378523346914,0.03530077153107067,0.8044128500075748,25,30,10
19,7681,0.0003484736971774628,0.15950189612471427,0.03573678017053351,0.8044128500075758,25,30,10
19,7682,0.00036458738588985326,0.1595018961257695,0.035736846823046294,0.8043966696652953,25,30,10
19,7683,0.0003616064669254122,0.1595018961257609,0.035736847203030116,0.8043996502042845,25,30,10
19,7684,0.00036371725848043416,0.15950189612568422,0.0357321808884775,0.804402205727359,25,30,10
19,7685,0.0003635951978819187,0.15950189612569265,0.035732180553728995,0.8044023281226971,25,30,10
19,7686,0.0003666046207055287,0.15950189612570093,0.03573218001144134,0.8043993192421529,25,30,10
19,7687,0.00036359058645016513,0.15950189612571067,0.03573231129280623,0.8044022019950335,25,30,10
19,7688,0.00035754778105866533,0.1595018961257111,0.035732311333319576,0.804408244759911,25,30,10
19,7689,0.0003545529429386097,0.15950189612570267,0.03573458815414518,0.8044089627772141,25,30,10
19,7690,0.0003605969787628401,0.15950189612568466,0.03600080075223599,0.8041367061433171,25,30,10
19,7691,0.0003605072442967676,0.15950217058900315,0.036000616025942206,0.8041367061407584,25,30,10
19,7692,0.000468202401120712,0.15950217058906715,0.036000869583653276,0.8040287574261594,25,30,10
19,7693,0.00046841608686839,0.15950217058911187,0.03600302124611309,0.8040263920779073,25,30,10
19,7694,0.0003547279495677198,0.15950217058904723,0.03600276965398288,0.8041403318074027,25,30,10
19,7695,0.00035757993584397725,0.1595021705889753,0.03600048641016583,0.8041397630650156,25,30,10
19,7696,0.0003645358313198264,0.1595021705890274,0.03600048961282681,0.8041328039668265,25,30,10
19,7697,0.00036872987786719776,0.15950234681025965,0.040692292721761045,0.7994366305901143,25,30,10
19,7698,0.0003687294827913579,0.15950234681025105,0.04069237457899771,0.799436549127962,25,30,10
19,7699,0.00036172045932591763,0.15950234681021663,0.040426159231888026,0.7997097734985712,25,30,10
19,7700,0.00036301880705107224,0.15950234681029948,0.040426165779205527,0.7997084686034455,25,30,10
19,7701,0.0003629489141305322,0.1595023468102904,0.040426165074339486,0.7997085392012414,25,30,10
19,7702,0.0004145843529591796,0.15950252294502643,0.04037435373400256,0.7997085389680139,25,30,10
19,7703,0.0004165991643439731,0.15950252294500025,0.04037589130762059,0.7997049865830372,25,30,10
19,7704,0.0004127454968031137,0.1595025229449571,0.0403759447028473,0.7997087868553944,25,30,10
19,7705,0.0004089787310192209,0.1595025229449854,0.040375864365769225,0.799712633958228,25,30,10
19,7706,0.00041106380934173326,0.15950252294498588,0.0403758639640201,0.7997105492816536,25,30,10
19,7707,0.0004110121187886695,0.15950252294499448,0.040375906089555685,0.7997105588466629,25,30,10
19,7708,0.0004139899511031858,0.1595025229451981,0.04037592863309086,0.7997075584706095,25,30,10
19,7709,0.00041090575063803056,0.15950252294519887,0.04037587473717491,0.7997106965669897,25,30,10
19,7710,0.0003534510398488199,0.15950252201017454,0.04043333041337473,0.7997106965366036,25,30,10
19,7711,0.0003565857013589445,0.1595025220102016,0.040431054996745895,0.7997098372916952,25,30,10
19,7712,0.00035343268930654347,0.15950252201013873,0.04043104993551882,0.7997129953650375,25,30,10
19,7713,0.00035639581394596365,0.1595025220101472,0.04043113148038385,0.7997099506955248,25,30,10
19,7714,0.0003533635924467169,0.15950252201010387,0.040431129832288776,0.7997129845651627,25,30,10
19,7715,0.0003533107093218701,0.15950252201012152,0.0404311301698602,0.7997130371106984,25,30,10
19,7716,0.00035049012073146813,0.15994079774904532,0.03999567501233892,0.7997130371178858,25,30,10
19,7717,0.0003445695771107158,0.15994079774884132,0.03999576832871563,0.7997188643453336,25,30,10
19,7718,0.0003405933467368543,0.1599407977487886,0.03999580396905953,0.7997228049354165,25,30,10
19,7719,0.00034152296764936827,0.15994079774883257,0.0399956917034527,0.7997219875800667,25,30,10
19,7720,0.00033859680598992235,0.15994079774884168,0.039994069382744704,0.7997265360624248,25,30,10
19,7721,0.0003416279937258281,0.15994079774886732,0.039994068276922354,0.7997235059804858,25,30,10
19,7722,0.0003415261026561392,0.1599407977489978,0.03999407766774064,0.7997235984806064,25,30,10
19,7723,0.0003462908724477433,0.15994079774890702,0.039994071017955185,0.7997188403606907,25,30,10
19,7724,0.000348303383997635,0.15994079774886255,0.039994067312326076,0.7997168315548144,25,30,10
19,7725,0.00035124981622787173,0.1599407977488621,0.039994068712180114,0.7997138837227307,25,30,10
19,7726,0.00034927205142385007,0.15994079774879247,0.03999405755176001,0.7997158726480242,25,30,10
19,7727,0.00034632780218846497,0.159940797748792,0.03999867700479548,0.7997141974442247,25,30,10
19,7728,0.0003483779491509366,0.15994079774875666,0.03999867041853582,0.799712153883557,25,30,10
19,7729,0.00035130545288622093,0.1599407977487393,0.0399986696272989,0.7997092271710757,25,30,10
19,7730,0.0003352285406284082,0.15994079774766654,0.039998603617330326,0.7997253700943746,25,30,10
19,7731,0.0003361751921111157,0.15994079774770176,0.03999390577290708,0.79972912128728,25,30,10
19,7732,0.00033311024009980187,0.15994386716757808,0.039993901304911816,0.7997291212874101,25,30,10
19,7733,0.0003301842415010751,0.1599438671676134,0.039993903392211864,0.7997320451986735,25,30,10
19,7734,0.0003330595660842564,0.15994386716759512,0.0399939020730323,0.7997291711932885,25,30,10
19,7735,0.000330567763672312,0.15994352009826496,0.039996740938217125,0.7997291711998459,25,30,10
19,7736,0.00033357894699549175,0.15994352009828247,0.03999674174064204,0.7997261592140802,25,30,10
19,7737,0.00033263238117403805,0.15994352009823887,0.03999673871420544,0.7997271088063824,25,30,10
19,7738,0.00033257950383450293,0.15994352009824744,0.03999673885019772,0.7997271615477213,25,30,10
19,7739,0.0003365574724033432,0.15994352009827387,0.039996741797436404,0.7997231806318874,25,30,10
19,7740,0.00033766328192985347,0.1599435200983111,0.040126231240765725,0.7995925853789967,25,30,10
19,7741,0.000346880532933505,0.15994387135249782,0.04011666259224231,0.7995925855223301,25,30,10
19,7742,0.00034472616544397694,0.15994387135250535,0.0401166625827987,0.7995947398992556,25,30,10
19,7743,0.0003477236196226581,0.15994387135255883,0.04011666789320999,0.7995917371346121,25,30,10
19,7744,0.0003477736715456756,0.15994387135254956,0.04011828994960898,0.7995900650262989,25,30,10
19,7745,0.0003479684959382022,0.15994387135254146,0.04011829436640699,0.7995898657851163,25,30,10
19,7746,0.0003509847165541358,0.15994387135254068,0.040118293329072054,0.7995868506018362,25,30,10
19,7747,0.00034803953481928995,0.15994387135254085,0.04011825540222544,0.7995898337104176,25,30,10
19,7748,0.0003480392459671015,0.15994387135254054,0.04012295699460824,0.7995851324068873,25,30,10
19,7749,0.00034936049309897534,0.15994387135310542,0.040123031069250616,0.7995837370845483,25,30,10
19,7750,0.00034729255444067666,0.1599438713531489,0.040121411939920276,0.7995874241524933,25,30,10
19,7751,0.00035407295147922644,0.15993764100371907,0.040120861890019045,0.7995874241547857,25,30,10
19,7752,0.0003570794460672967,0.1599420147394575,0.040113481659766935,0.7995874241547114,25,30,10
19,7753,0.0003570785864159657,0.15994201473945766,0.04011343970555403,0.7995874669685752,25,30,10
19,7754,0.00035415229113543335,0.15994201473947547,0.040113441936344287,0.7995903910330477,25,30,10
19,7755,0.0003531756555733295,0.15994201473944158,0.04011506093799512,0.799589748666993,25,30,10
19,7756,0.0003533013448059824,0.1599420147394608,0.040115063371262305,0.7995896205444738,25,30,10
19,7757,0.0003463259459679977,0.15994201473944358,0.04011514237871659,0.7995965169358739,25,30,10
19,7758,0.00035062789256031055,0.15994201474051736,0.04011518646777429,0.79959217089915,25,30,10
19,7759,0.0003505761680579644,0.15994201474050876,0.04011052265282676,0.7995968864386083,25,30,10
19,7760,0.00035052320966688687,0.15994201474050077,0.040110494172904645,0.7995969678769296,25,30,10
19,7761,0.0003473333407326175,0.15994201474050013,0.0401104895863475,0.799600162332422,25,30,10
19,7762,0.0003472824318948421,0.1599417904350322,0.0401107647957583,0.7996001623373163,25,30,10
19,7763,0.00034733166842501205,0.1599417904350397,0.04011076430687842,0.7996001135896585,25,30,10
19,7764,0.00041095662934025024,0.1599417904361894,0.04011247619090754,0.7995347767435647,25,30,10
19,7765,0.0004178190558055945,0.1599417904362316,0.03998299415259788,0.7996573963553657,25,30,10
19,7766,0.0004095776859503038,0.15994179043564058,0.03998291918828436,0.7996657126901257,25,30,10
19,7767,0.0004117578855546754,0.15994179043826526,0.039982953003113726,0.7996634986730675,25,30,10
19,7768,0.0004107594746393659,0.15994179043822093,0.03998294869253863,0.7996645013946023,25,30,10
19,7769,0.0004138254917385396,0.15994179043821297,0.03998294721395935,0.7996614368560904,25,30,10
19,7770,0.0004148057419060007,0.15994179043824786,0.039982910276075805,0.7996604935437714,25,30,10
19,7771,0.0004148409260895769,0.15994203127871742,0.039982634261079675,0.7996604935341146,25,30,10
19,7772,0.0004098473527400256,0.1599464702053512,0.039983188907752924,0.7996604935341572,25,30,10
19,7773,0.00040683393262997254,0.1599464702052889,0.039983182914690156,0.7996635129473922,25,30,10
19,7774,0.00040462471489803,0.15994647020529582,0.03998318327778708,0.7996657218020202,25,30,10
19,7775,0.00039943232004951426,0.15994647020265343,0.039983176612077086,0.7996709208652212,25,30,10
19,7776,0.000399447480918206,0.1599464702026537,0.039983177183226554,0.7996709051332027,25,30,10
19,7777,0.0003995692114303647,0.15994647020264513,0.03998326009906025,0.7996707004868655,25,30,10
19,7778,0.00040245966277080615,0.1599464702026365,0.0399832580488645,0.7996678120857296,25,30,10
19,7779,0.0006363504563456452,0.15994647020273534,0.04024802808489096,0.7991691512560304,25,30,10
19,7780,0.0006333530445484077,0.15994647020274394,0.040248110821647656,0.7991720659310624,25,30,10
19,7781,0.0006323741780033913,0.1599464702027003,0.040248107192473584,0.7991730484268251,25,30,10
19,7782,0.01679294313542149,0.15994647020653058,0.0402555291991722,0.783005057458878,25,30,10
19,7783,0.016782046660193034,0.1599464702064605,0.040385009438983197,0.7828864736943651,25,30,10
19,7784,0.016779034283825697,0.1599464702064339,0.04038500799894235,0.7828894875108,25,30,10
19,7785,0.016717107231955873,0.15994647020421227,0.040475496441229074,0.7828609261226046,25,30,10
19,7786,0.016717108141557115,0.15994647020421257,0.040475496416420016,0.7828609252378114,25,30,10
19,7787,0.016718035755435953,0.15994647020423805,0.04047547126899748,0.7828600227713296,25,30,10
19,7788,0.016722029142798845,0.1341309720449327,0.06628697603425149,0.782860022778018,25,30,10
19,7789,0.01673292635729371,0.13413097204498461,0.06628690058397599,0.7828492010137468,25,30,10
19,7790,0.016732821642593237,0.1341309720449671,0.06628689995271081,0.7828493063597297,25,30,10
19,7791,0.01672713568345522,0.13413097204753816,0.06628854737025403,0.7828533448987534,25,30,10
19,7792,0.016724084723276092,0.13413097204755628,0.06628846569497998,0.7828564775341884,25,30,10
19,7793,0.016734123235053685,0.1341309720476301,0.06615898800564132,0.7829759167116755,25,30,10
19,7794,0.016745035726395026,0.13413097204770108,0.0661589114666186,0.7829650807592858,25,30,10
19,7795,0.01674410777776981,0.13413097204767513,0.0661589486063021,0.7829659715682533,25,30,10
19,7796,0.016742199591869907,0.13410157145205023,0.06619025739738814,0.7829659715586922,25,30,10
19,7797,0.016737040998041415,0.13410157144942664,0.06618867321820267,0.7829727143343298,25,30,10
19,7798,0.016800795953269446,0.1341015714531202,0.06618889168934891,0.7829087409042623,25,30,10
19,7799,0.016801726806374585,0.13410157145316431,0.0661888953715355,0.7829078063689262,25,30,10
19,7800,0.016801844791007884,0.13410157145319038,0.06618727429878332,0.7829093094570196,25,30,10
19,7801,0.01673502477914986,0.13410157144950524,0.0661870553646921,0.7829763484066541,25,30,10
19,7802,0.016735987759918396,0.13410157144953336,0.06618701944094461,0.782975421349605,25,30,10
19,7803,0.016502082065407372,0.13410157144942614,0.06605153168126812,0.7833448148038997,25,30,10
19,7804,0.016504096849964,0.13410157144940016,0.06605152835696734,0.7833428033436698,25,30,10
19,7805,0.01650605919104214,0.13410157144947088,0.06605153295238414,0.7833408364071042,25,30,10
19,7806,0.016504201845106287,0.1341015714494266,0.06605161069223973,0.7833426160132286,25,30,10
19,7807,0.016504216702935674,0.13410157144943452,0.06592232838941618,0.783471883458215,25,30,10
19,7808,0.01649710889517986,0.13410157144935167,0.06592231848550381,0.7834790011699658,25,30,10
19,7809,0.016490128374980192,0.13410157144930673,0.06583007094468801,0.7835782292310262,25,30,10
19,7810,0.016479998956628526,0.1352253460506206,0.06471642591239996,0.7835782290803535,25,30,10
19,7811,0.016477108219365683,0.1352253460506206,0.06471642592571816,0.783581119804298,25,30,10
19,7812,0.016938175684952084,0.1352253460507086,0.06471670450757105,0.7831197737567708,25,30,10
19,7813,0.016941050054656483,0.13522534605069078,0.06471662214548052,0.7831169817491748,25,30,10
19,7814,0.01647991235563575,0.13522534605058661,0.0647163444195829,0.7835783971741972,25,30,10
19,7815,0.00032232393689763663,0.13522534604676528,0.0647089220568772,0.7997434079594623,25,30,10
19,7816,0.00032924197017069224,0.13522534604679953,0.06470892503084862,0.7997364869521835,25,30,10
19,7817,0.00033211637674934583,0.135225346046782,0.06470900627001877,0.799733531306452,25,30,10
19,7818,0.00034720315121631874,0.13522534604687306,0.0649751681313653,0.7994522826705476,25,30,10
19,7819,0.0003442592229160644,0.13522534604687275,0.06497517010698305,0.7994552246232304,25,30,10
19,7820,0.00033153674907702486,0.13522534604674946,0.06470900951367095,0.7997341076905049,25,30,10
19,7821,0.00033153677531192876,0.1352253460467498,0.0647090081261632,0.7997341090517774,25,30,10
19,7822,0.00032854150894906265,0.13522833816293992,0.06470901127628824,0.7997341090518247,25,30,10
19,7823,0.0003321664472505452,0.13522833816296317,0.0647090093504133,0.7997304860393748,25,30,10
19,7824,0.0003351439167572886,0.13525722792527356,0.06467714211864059,0.7997304860393305,25,30,10
19,7825,0.0005675028180750346,0.13525722792732908,0.06467727635913006,0.7994979928954673,25,30,10
19,7826,0.0005684991418261691,0.13525722792738165,0.06467728014413338,0.7994969927866603,25,30,10
19,7827,0.0005755573641267548,0.1352497757790497,0.06467767406536662,0.7994969927914585,25,30,10
19,7828,0.0005755573403987317,0.13524977577904937,0.064679213647395,0.7994954532331584,25,30,10
19,7829,0.0005764852228499265,0.11649902699675088,0.08342903454021573,0.7994954532401857,25,30,10
19,7830,0.0006989423973089203,0.11537525131363345,0.08443035274952292,0.7994954535395383,25,30,10
19,7831,0.0007070092595281687,0.1153752513137047,0.08443035891291142,0.7994873805138591,25,30,10
19,7832,0.0007070792156804182,0.11537525131371472,0.08443265150876489,0.7994850179618435,25,30,10
19,7833,0.0007009483825987156,0.11538176670309755,0.08443226695258979,0.7994850179617172,25,30,10
19,7834,0.0007079632091115633,0.1153817667031491,0.08443226918690072,0.7994780009008418,25,30,10
19,7835,0.0007069645466647133,0.11538176670309593,0.08443388782996536,0.7994773809202768,25,30,10
19,7836,0.0007079435782830258,0.11538176670313018,0.0844338927841358,0.7994763969344535,25,30,10
19,7837,0.0007018586254848047,0.11538176670312059,0.08443389202715729,0.7994824826442398,25,30,10
19,7838,0.0007047342363908528,0.11538176670311195,0.08443382037111505,0.7994796786893846,25,30,10
19,7839,0.0006996710728776997,0.14119798132571465,0.05862266890906085,0.7994796786923496,25,30,10
19,7840,0.0005881098614898559,0.1411976268054803,0.058734584940034085,0.7994796783929986,25,30,10
19,7841,0.0007770804750331067,0.14119762683903667,0.058740133791261355,0.7992851588946718,25,30,10
19,7842,0.0007770613752031265,0.1411976268390285,0.05874241646718939,0.7992828953185817,25,30,10
19,7843,0.0007801265423847889,0.14119762683901974,0.058744037342193106,0.7992782092764051,25,30,10
19,7844,0.0007802677923573729,0.14119762684109832,0.05874404297417076,0.799278062392376,25,30,10
19,7845,0.000772269492348639,0.14119762684103598,0.05874403947425958,0.799286064192358,25,30,10
19,7846,0.0007782272732912044,0.1411976268410427,0.05874403987676151,0.7992801060089064,25,30,10
19,7847,0.0007762647975121583,0.14120033596209738,0.05874329324118335,0.799280105999209,25,30,10
19,7848,0.0007874065892060609,0.14120033596220402,0.05874331205590313,0.7992689453926887,25,30,10
19,7849,0.0007805055321955796,0.141200335962205,0.05874331170940268,0.7992758467961982,25,30,10
19,7850,0.000772342556176156,0.1412003359621154,0.058741050859814896,0.7992862706218951,25,30,10
19,7851,0.0005390106076926161,0.14120033595996231,0.05874086769472799,0.7995197857376186,25,30,10
19,7852,0.0005381019569462985,0.1412012475756103,0.05874086472246669,0.7995197857449784,25,30,10
19,7853,0.0005350709545050723,0.14119340715376785,0.058751736146706195,0.7995197857450226,25,30,10
19,7854,0.0005432589769311456,0.14119340715384973,0.058751743554114215,0.7995115903151067,25,30,10
19,7855,0.0005433104162378221,0.14119340715385803,0.05875174369299583,0.7995115387369099,25,30,10
19,7856,0.0005433632968625427,0.14119340715384035,0.05875336404580592,0.799509865503493,25,30,10
19,7857,0.0005394550501830914,0.1411934071538145,0.05875336164364751,0.7995137761523567,25,30,10
19,7858,0.0005425908487392497,0.14119340715380665,0.05875336311828354,0.7995106388791724,25,30,10
19,7859,0.0005426078508609745,0.14119340715381493,0.05875336162271047,0.7995106233726155,25,30,10
19,7860,0.0005426778579379598,0.14119340715382367,0.058753362240029736,0.7995105527482099,25,30,10
19,7861,0.000545835929201483,0.14117967757928315,0.05876393374314546,0.7995105527483715,25,30,10
19,7862,0.0005428383625592281,0.14117967757923042,0.058763930892681275,0.7995135531655306,25,30,10
19,7863,0.000542818448517953,0.14114767514281693,0.058795953252912314,0.7995135531557545,25,30,10
19,7864,0.0005466049147803153,0.141147675142861,0.05879603271852701,0.7995096872238332,25,30,10
19,7865,0.0005447478706463323,0.1411476751428725,0.058796035213449845,0.7995115417730326,25,30,10
19,7866,0.0005447654442978154,0.14114767514288312,0.05879606639881187,0.7995114930140084,25,30,10
19,7867,0.0005437998949728385,0.15989791154631,0.040046795551913046,0.7995114930068055,25,30,10
19,7868,0.000546798577317655,0.15987983020551116,0.040061878200598075,0.7995114930165744,25,30,10
19,7869,0.0005486546869250267,0.15987983020549967,0.0400618756952654,0.7995096394123111,25,30,10
19,7870,0.0005416655001231396,0.15987983020545468,0.04005958204633871,0.7995189222480846,25,30,10
19,7871,0.0005446781232829912,0.15990883705626605,0.04002756256246469,0.7995189222579875,25,30,10
19,7872,0.0005447468290743556,0.15990883705423298,0.04002596659450343,0.7995204495221903,25,30,10
19,7873,0.0005415727325012617,0.15993344728386757,0.04000453046164489,0.7995204495219873,25,30,10
19,7874,0.0005335508650300243,0.15993344728380554,0.04000452501549161,0.7995284768356741,25,30,10
19,7875,0.0005295730897567867,0.1599334472837694,0.040004484523623145,0.7995324951028517,25,30,10
19,7876,0.0005335522418651841,0.15992892488220817,0.040005027780517004,0.7995324950954108,25,30,10
19,7877,0.0005306090320060851,0.15992892488220845,0.04000502773832538,0.7995354383474613,25,30,10
19,7878,0.0005336040153599094,0.15992892488221702,0.04000340538325853,0.7995340657191657,25,30,10
19,7879,0.0006013851946722957,0.15986091846458475,0.04000363032635294,0.7995340660143913,25,30,10
19,7880,0.00060443555882415,0.15986091846458492,0.04000363039101699,0.7995310155855754,25,30,10
19,7881,0.0006005822209550577,0.15986531690973324,0.04000308528837041,0.7995310155809427,25,30,10
19,7882,0.00041285895153165143,0.1598653168792653,0.03999757185974092,0.7997242523094629,25,30,10
19,7883,0.000413786959442368,0.1598653168792745,0.03999757434972622,0.7997233218115578,25,30,10
19,7884,0.00041080753332811665,0.15986531687926558,0.03999757575051432,0.7997262998368927,25,30,10
19,7885,0.0004108758763525416,0.15986531687927463,0.039997535934023276,0.7997262713103502,25,30,10
19,7886,0.0004108234956538019,0.15986531687927463,0.039997534579726074,0.7997263250453464,25,30,10
19,7887,0.0004177802528299576,0.15985835780319035,0.0399975368939977,0.7997263250499829,25,30,10
19,7888,0.00041090031968759813,0.1598433850747982,0.04001938956008047,0.7997263250454353,25,30,10
19,7889,0.00040793965756087474,0.15984338507478896,0.04001934969907284,0.799729325568579,25,30,10
19,7890,0.0004079376231951618,0.15985805866257533,0.040004678143183196,0.799729325571048,25,30,10
19,7891,0.00039975182553472316,0.1598580586624931,0.04000629622597501,0.799735893285999,25,30,10
19,7892,0.0003976162525052874,0.1598580586625452,0.04000467696507162,0.7997396481198795,25,30,10
19,7893,0.0004006118511603759,0.15985805866254488,0.04000467761503132,0.799736651871265,25,30,10
19,7894,0.0003996991171947521,0.1598580586625114,0.04000467475647567,0.7997375674638199,25,30,10
19,7895,0.00040061112269042866,0.15985805866253658,0.04000467505932406,0.7997366551554507,25,30,10
19,7896,0.00040753542599887435,0.15985805866256256,0.04000467815475283,0.7997297277566874,25,30,10
19,7897,0.0004075328298843776,0.15987314404649056,0.039989595376708056,0.7997297277469184,25,30,10
19,7898,0.0004075318730403598,0.15987314404649056,0.03998959537616516,0.7997297287043051,25,30,10
19,7899,0.0004115786926400616,0.15987314404653544,0.03998959911039182,0.7997256781504336,25,30,10
19,7900,0.000411543188441602,0.15987314404651726,0.03998956838889982,0.7997257443761424,25,30,10
19,7901,0.0004144718425078917,0.1598731440465071,0.039989567637764976,0.7997228164732212,25,30,10
19,7902,0.0004114242829760885,0.1598731440465084,0.03998960594562904,0.7997258257248876,25,30,10
19,7903,0.00040101886666960197,0.15989339708732817,0.0399797583115615,0.7997258257344417,25,30,10
19,7904,0.0004010356774862217,0.15989339708731026,0.0399797196256917,0.7997258476095128,25,30,10
19,7905,0.0008771464947313817,0.15989339709454664,0.039980976197620824,0.7992484802131021,25,30,10
19,7906,0.0008771455785823193,0.15989339709453804,0.039980975624118814,0.7992484817027621,25,30,10
19,7907,0.0008742674920173912,0.1598933970945469,0.039980976245785387,0.7992513591676514,25,30,10
19,7908,0.0008743897437479259,0.1598933970945561,0.03998097687207067,0.7992512362896264,25,30,10
19,7909,0.0008722163164483429,0.159893397091442,0.0399809365883336,0.7992534500037769,25,30,10
19,7910,0.0008760719837382671,0.1598891483336954,0.03998132967398848,0.7992534500085787,25,30,10
19,7911,0.000876072008598619,0.1598891483336957,0.03998132968855291,0.799253449969154,25,30,10
19,7912,0.0008760585362796536,0.15986675609792222,0.040003735394269005,0.7992534499715316,25,30,10
19,7913,0.000872904908573955,0.15986675609787618,0.04000370358938915,0.7992566354041627,25,30,10
19,7914,0.0008728910698911853,0.15986675609787637,0.04000609856163012,0.7992542542706045,25,30,10
19,7915,0.0008729411912655119,0.15986675609788498,0.04000370327847315,0.7992565994323786,25,30,10
19,7916,0.0008728185191322817,0.1598667560978931,0.04000208222799366,0.7992583431549832,25,30,10
19,7917,0.0008698200278353054,0.15986675609788417,0.040002084157685254,0.7992613397165975,25,30,10
19,7918,0.0009265103997270189,0.15986675609797188,0.04000220330944668,0.7992045301928568,25,30,10
19,7919,0.00045336117316603544,0.15986675609074308,0.040005647733869026,0.7996742350022243,25,30,10
19,7920,0.0004553770913168964,0.15986675609070786,0.040005644722988676,0.7996722220949889,25,30,10
19,7921,0.0004523981310260497,0.15986675609073464,0.040005646811908165,0.7996751989663328,25,30,10
19,7922,0.00045239842662285603,0.15986675609073508,0.04000564685163985,0.7996751986310039,25,30,10
19,7923,0.0006858199336572321,0.1598667560954334,0.04000589995934693,0.7994415240115635,25,30,10
19,7924,0.0006859788219133287,0.15986675609547088,0.040005901813969756,0.7994413632686471,25,30,10
19,7925,0.0006889215549458676,0.15986675609547035,0.040005901717373865,0.7994384206322109,25,30,10
19,7926,0.0006888467597264651,0.1598745633451535,0.039998169265425224,0.7994384206296955,25,30,10
19,7927,0.0006889002666144201,0.15987456334514485,0.03999346718074077,0.799443069207501,25,30,10
19,7928,0.0006980516827987809,0.15987456334625227,0.039993552026670834,0.7994338329442789,25,30,10
19,7929,0.0006859587673999881,0.15987456334514488,0.039993469271758265,0.7994460086156976,25,30,10
19,7930,0.0009164464114691889,0.15987456334526115,0.039993570751103366,0.799215419492167,25,30,10
19,7931,0.0009173738206993824,0.15987456334529618,0.039993571604650544,0.7992144912293546,25,30,10
19,7932,0.0009174425402599875,0.15987456334530492,0.039993572221106354,0.7992144218933294,25,30,10
19,7933,0.0009214166826296533,0.15989299211567903,0.039971169305978875,0.7992144218957131,25,30,10
19,7934,0.0009174363595884942,0.15989299211565292,0.03997116540604523,0.7992184061187142,25,30,10
19,7935,0.000920380294007826,0.15989299211565305,0.039971163921906167,0.7992154636684338,25,30,10
19,7936,0.0009133546689573198,0.1598929921156,0.03997116263421025,0.7992224905812328,25,30,10
19,7937,0.0009103753744519361,0.15989299211559233,0.03997116460989556,0.7992254679000607,25,30,10
19,7938,0.0009164786299550197,0.15989299211557684,0.039971298572682515,0.7992192306817861,25,30,10
19,7939,0.0009194756698634821,0.15989299211561234,0.039971301120880785,0.7992162310936441,25,30,10
19,7940,0.0009194079135633147,0.15989299211560326,0.039976002448724186,0.7992115975221101,25,30,10
19,7941,0.0009184786761963161,0.1598929921155684,0.039975999468049965,0.7992125297401865,25,30,10
19,7942,0.0008586705844409959,0.15989299211545427,0.0399758814717555,0.7992724558283506,25,30,10
19,7943,0.0008616628511363919,0.15989299211544486,0.039975882144546844,0.7992694628888731,25,30,10
19,7944,0.0008615942550424753,0.1598929921154361,0.03997588293257971,0.799269530696943,25,30,10
19,7945,0.0008657165517305238,0.15989299211557975,0.039976009809077874,0.7992652815236131,25,30,10
19,7946,0.0008687847376726868,0.15989299211556318,0.03997601014837801,0.7992622129983876,25,30,10
19,7947,0.0008717787844254259,0.15989299211555424,0.03997130804004895,0.7992639210599729,25,30,10
19,7948,0.0009355915673640851,0.15982930480420032,0.03997118214036759,0.7992639214880692,25,30,10
19,7949,0.0009356433005863227,0.1598293048042089,0.03997118082830841,0.7992638710668976,25,30,10
19,7950,0.0009366082688610819,0.15982930480425211,0.039971263906294345,0.7992628230205936,25,30,10
19,7951,0.0009396219920260592,0.15981542745596022,0.03998212752427614,0.7992628230277389,25,30,10
19,7952,0.0009375728324061594,0.15981542745601324,0.039982133374137946,0.7992648663374439,25,30,10
19,7953,0.000937589346262285,0.1598154274560051,0.03998207976243076,0.799264903435303,25,30,10
19,7954,0.0007041592820351373,0.15981542745588853,0.0399819796917422,0.7994984335703355,25,30,10
19,7955,0.0008608594458293051,0.15965870163083712,0.0399820057618501,0.7994984331614847,25,30,10
19,7956,0.0008607901968310229,0.15965870163083623,0.03998206350028738,0.7994984446720467,25,30,10
19,7957,0.0013199715644512807,0.15965870163300538,0.039982332215186975,0.7990389945873578,25,30,10
19,7958,0.0012553076024784087,0.15972359707031622,0.03998210103503226,0.7990389942921745,25,30,10
19,7959,0.0021465134449993204,0.1584124551235096,0.040402036301710714,0.7990389951297824,25,30,10
19,7960,0.001687349277060986,0.1584124551213498,0.04040176758425412,0.7994984280173371,25,30,10
19,7961,0.0016901135853958904,0.15841245512141813,0.04040189070377732,0.7994955405894104,25,30,10
19,7962,0.0019223019467488152,0.15841245512456306,0.04040196814774043,0.7992632747809495,25,30,10
19,7963,0.001924353328475775,0.1584124551245277,0.04040193612129383,0.7992612554257046,25,30,10
19,7964,0.0016967954502061264,0.15863992362610188,0.04040202552212294,0.7992612554015709,25,30,10
19,7965,0.001693813575209322,0.15863992362609416,0.04040040250448703,0.7992658602942113,25,30,10
19,7966,0.0007957039354295165,0.15995757898056034,0.039980857632083804,0.7992658594519277,25,30,10
19,7967,0.0007957562979378774,0.15995791029271836,0.03998047395746087,0.7992658594518842,25,30,10
19,7968,0.0005565354164394518,0.1599579102895539,0.039980261030980124,0.7995052932630279,25,30,10
19,7969,0.0005535926558918046,0.15995791028955433,0.0399802590385268,0.7995082380160278,25,30,10
19,7970,0.0005534692744287842,0.15995791028956274,0.03998020031279711,0.799508420123212,25,30,10
19,7971,0.0005504212976063974,0.15995791028956285,0.03998020030653565,0.7995114681062955,25,30,10
19,7972,0.0005506502793207497,0.15995791028960862,0.039980203613493324,0.7995112358175779,25,30,10
19,7973,0.0005476023398970385,0.15995791028960876,0.03998020365440766,0.7995142837160871,25,30,10
19,7974,0.0005496007880760657,0.1599579102895645,0.03998019995432253,0.7995122889680374,25,30,10
19,7975,0.0005497224394815307,0.1599579102895825,0.03998020127042304,0.7995121660005136,25,30,10
19,7976,0.0005426200138034132,0.15995791028940406,0.03998007140623154,0.7995193982905611,25,30,10
19,7977,0.0005396757384113616,0.15995791028940434,0.03998011161566571,0.7995223023565186,25,30,10
19,7978,0.0005427409151901581,0.15995791028939588,0.03998007177143182,0.799519277023982,25,30,10
19,7979,0.0005508585712035564,0.15995791029207201,0.03998010417095459,0.7995111269657695,25,30,10
19,7980,0.0005488425263190564,0.1599579102920978,0.03998010355928549,0.7995131436222974,25,30,10
19,7981,0.000545900404053904,0.15995791029209794,0.039980186070018214,0.7995160032338298,25,30,10
19,7982,0.0005459014528552833,0.15995791029210749,0.03998018623345992,0.7995160020215772,25,30,10
19,7983,0.0005459186947771846,0.15995791029211703,0.03998018747010805,0.7995159835429976,25,30,10
19,7984,0.0005449893984091393,0.15995791029208134,0.039980184446420514,0.7995169158630889,25,30,10
19,7985,0.0005419241516090528,0.15996084036745992,0.039980319617757436,0.7995169158631735,25,30,10
19,7986,0.0005418721868949064,0.15996084036748714,0.03998032064135335,0.7995169668042645,25,30,10
19,7987,0.0005419072811214242,0.15996084036749467,0.03998031816985243,0.7995169341815314,25,30,10
19,7988,0.0006613648255361595,0.1599608403696713,0.039980624387978995,0.7993971704168135,25,30,10
19,7989,0.0006613313114974724,0.15996084036967032,0.03998073918354694,0.7993970891352853,25,30,10
19,7990,0.0006612975589450807,0.15994027586543016,0.04000133744756895,0.7993970891280563,25,30,10
19,7991,0.0006613344201886455,0.15994027586543844,0.04000133501602779,0.7993970546983457,25,30,10
19,7992,0.0006642935414216633,0.15994027586544685,0.040001335601880725,0.7993940949912512,25,30,10
19,7993,0.0006652224986688521,0.15994027586548143,0.04000133857063211,0.799393163065218,25,30,10
19,7994,0.0006662199667560348,0.15994027586551754,0.040001424147357134,0.7993920800203697,25,30,10
19,7995,0.0006731391423823832,0.15994027586555315,0.04000146057305107,0.7993851244190138,25,30,10
19,7996,0.00043670668305222993,0.1599402758608456,0.04000120827729521,0.799621809178808,25,30,10
19,7997,0.0004395414000821779,0.15994027586081722,0.04000128825457317,0.7996188944845284,25,30,10
19,7998,0.00044251810197337997,0.1599402758608719,0.04000133075466865,0.799615875282487,25,30,10
19,7999,0.00044951168084627594,0.15994027586095283,0.04000141966508378,0.7996087927931181,25,30,10
19,8000,0.0004497048105648567,0.15994027586097143,0.040001503552384285,0.7996085157760805,25,30,10
19,8001,0.00045249190446613395,0.15994027586093545,0.040001418923567754,0.7996058133110318,25,30,10
19,8002,0.00045352553086187364,0.15994027586087348,0.04000133099937245,0.7996048676088932,25,30,10
19,8003,0.0004523624890304928,0.15994027585824036,0.04000129910278734,0.7996060625499426,25,30,10
19,8004,0.0004523782129183043,0.15994027585825818,0.04000130057211438,0.79960604535671,25,30,10
19,8005,0.0004523942485384714,0.15994027585825848,0.04000118521816444,0.7996061446750395,25,30,10
19,8006,0.0004533779713659293,0.1599402758583108,0.04000124269958533,0.7996051034707388,25,30,10
19,8007,0.0004635856589186444,0.15994027585827802,0.04000121885236255,0.7995949196304417,25,30,10
19,8008,0.00046775956953800117,0.15996710842937717,0.039970212365550824,0.7995949196355346,25,30,10
19,8009,0.0016155932064559131,0.1599468553903103,0.03884263174315971,0.7995949196600749,25,30,10
19,8010,0.0016177328262593947,0.1599468553902659,0.03884262856933785,0.7995927832141372,25,30,10
19,8011,0.0018497899489800828,0.15970708265374847,0.0388503438896737,0.7995927835075982,25,30,10
19,8012,0.0018650663801117102,0.1597070826864435,0.03885059857012583,0.7995772523633196,25,30,10
19,8013,0.001865081104011536,0.15970726981869288,0.03885039671402137,0.7995772523632749,25,30,10
19,8014,0.0021043696976460946,0.15970726982087333,0.03885058390649421,0.7993377765749873,25,30,10
19,8015,0.002104404756614125,0.1597072698208921,0.038852863961239124,0.7993354614612553,25,30,10
19,8016,0.0019848761552936074,0.1597072698186962,0.03885255629845999,0.799455297727551,25,30,10
19,8017,0.0019848755380921634,0.15970726981866043,0.03885251375154608,0.7994553408917022,25,30,10
19,8018,0.0017485471972418063,0.15970726981648975,0.03885232586785455,0.7996918571184147,25,30,10
19,8019,0.0015162957884656974,0.15994768533818993,0.038844162048804226,0.7996918568245411,25,30,10
19,8020,0.0015133354535906615,0.159947685338181,0.03884416141572522,0.7996948177925042,25,30,10
19,8021,0.001513334521776237,0.15994768533818962,0.03884416357725693,0.7996948165627782,25,30,10
19,8022,0.001517139484479477,0.15994768533829348,0.03884422123156981,0.7996909539456583,25,30,10
19,8023,0.0015170705430063477,0.15994768533827564,0.03884425839190135,0.7996909857268177,25,30,10
19,8024,0.0015170354716795623,0.15994768533825687,0.03884197831645365,0.7996933008736109,25,30,10
19,8025,0.0015170893545047109,0.1599163444921561,0.038873265265049736,0.7996933008882904,25,30,10
19,8026,0.0015171269079297686,0.15991634449216474,0.038873265363764314,0.7996932632361422,25,30,10
19,8027,0.0015142362226785886,0.1599163444921648,0.03896553526216196,0.799603884022996,25,30,10
19,8028,0.0015112751267169836,0.1599163444920503,0.03896541135159417,0.7996069690296398,25,30,10
19,8029,0.0015142184390396676,0.15991634449209624,0.038967692406102324,0.7996017446627629,25,30,10
19,8030,0.0015082272045660614,0.15991634449208703,0.03896769491272845,0.7996077333906196,25,30,10
19,8031,0.001508213608482849,0.15991634449201464,0.03896541038288409,0.7996100315166196,25,30,10
19,8032,0.001511264376290704,0.1599163444920145,0.03896548628088174,0.7996069048508141,25,30,10
19,8033,0.001511267093739348,0.15991634449205855,0.03896548880189171,0.7996068996123117,25,30,10
19,8034,0.0015052027500518075,0.1599163444920125,0.03896540486289001,0.7996130478950468,25,30,10
19,8035,0.0015081442613565177,0.15991634449201247,0.038965406413930335,0.7996101048327019,25,30,10
19,8036,0.001505148278757713,0.1599163444920125,0.03896532397674386,0.7996131832524871,25,30,10
19,8037,0.0015050938450048828,0.15991634449202077,0.038965325514395764,0.7996132361485796,25,30,10
19,8038,0.0015120128609473107,0.15990913159470022,0.03896561938876245,0.799613236155591,25,30,10
19,8039,0.0015149919573595925,0.15990913159470854,0.03896573625812087,0.7996101401898117,25,30,10
19,8040,0.0015159033572170076,0.15993969546099218,0.0389342609994733,0.7996101401823185,25,30,10
19,8041,0.0015158485588540856,0.15993969546100076,0.03893414522197429,0.7996103107581718,25,30,10
19,8042,0.001518775011471858,0.159939695460992,0.03893414454235351,0.7996073849851836,25,30,10
19,8043,0.0015296194758707702,0.15993969546104445,0.03884188187990742,0.799688803183178,25,30,10
19,8044,0.0015146419551270998,0.15993969546092857,0.03884178955774918,0.7997038730261957,25,30,10
19,8045,0.0015077242786249556,0.1599464902824274,0.03884191241968067,0.7997038730192675,25,30,10
19,8046,0.001505708337576512,0.15994649028246244,0.03884191338290696,0.7997058879970546,25,30,10
19,8047,0.001502694569094302,0.15994649028244456,0.03884191253519545,0.7997089026132659,25,30,10
19,8048,0.0015026962793203722,0.15994649028244518,0.0388419109867496,0.7997089024514851,25,30,10
19,8049,0.0014997538721150613,0.15994649028244504,0.03884191098573351,0.7997118448597067,25,30,10
19,8050,0.0015026959927904545,0.15950786080764523,0.03927759833508797,0.7997118448644767,25,30,10
19,8051,0.0015047113959491892,0.15950583882158204,0.039277604922882084,0.799711844859587,25,30,10
19,8052,0.001513831744234649,0.15950583882268946,0.03927998061953383,0.7997003488135423,25,30,10
19,8053,0.0015249359794391676,0.15950583882376837,0.03928003038467157,0.7996891948121211,25,30,10
19,8054,0.0015158319504642544,0.1595058388226705,0.03927765539637019,0.7997006738304953,25,30,10
19,8055,0.0015128336447138818,0.15950583882262692,0.039277682117409125,0.7997036454152506,25,30,10
19,8056,0.001512716601033025,0.15950583882157474,0.03927763787892182,0.7997038066984709,25,30,10
19,8057,0.00044202175233886467,0.1595256976657508,0.040328473458234884,0.7997038071236787,25,30,10
19,8058,0.00043410066236449906,0.15952569766571575,0.04032846902238595,0.7997117326495371,25,30,10
19,8059,0.00042002280193323687,0.15952569763304023,0.040328326072665205,0.7997259534923651,25,30,10
19,8060,0.00041611586278889295,0.15952569763301383,0.0403282092741396,0.7997299772300609,25,30,10
19,8061,0.0004081647521129545,0.15952569763298097,0.040420467666228525,0.7996456699486802,25,30,10
19,8062,0.00040516748510722236,0.15952844016818407,0.04042072240032612,0.7996456699463853,25,30,10
19,8063,0.00040504784985686035,0.15952844016819254,0.04042072135173245,0.7996457906302209,25,30,10
19,8064,0.000471900145054387,0.15989744955599383,0.03998485936154669,0.7996457909374057,25,30,10
19,8065,0.0004689192518571257,0.15989744955598553,0.03998489900896498,0.799648732183193,25,30,10
19,8066,0.000465782098976446,0.1598974495559766,0.03998501285048042,0.7996517554945671,25,30,10
19,8067,0.0004659234488444974,0.15989744955599539,0.03998501423468772,0.7996516127604729,25,30,10
19,8068,0.0004648535006673676,0.1598974495560485,0.039985018597330384,0.7996526783459542,25,30,10
19,8069,0.0004648362548804687,0.15989744955603868,0.03998507051082385,0.7996526436782574,25,30,10
19,8070,0.00046282373752729836,0.15989744955608262,0.03998507586914217,0.7996546508372486,25,30,10
19,8071,0.0004628416532394355,0.15989744955609175,0.03998507815563308,0.7996546306350366,25,30,10
19,8072,0.000396130052830878,0.15996414227549904,0.03998509734595177,0.7996546303257192,25,30,10
19,8073,0.000858131390432922,0.15996414227764105,0.03998699362343439,0.7991907327084927,25,30,10
19,8074,0.0008650354902134715,0.15996414227765776,0.03998699582444596,0.7991838264076838,25,30,10
19,8075,0.0008679952331035372,0.15996414227767589,0.0399869971506133,0.7991808653386081,25,30,10
19,8076,0.0008650161703783328,0.15996414227766728,0.03998699692181708,0.7991838446301383,25,30,10
19,8077,0.0008650335665587379,0.15996414227763903,0.03989473302785605,0.799276091127947,25,30,10
19,8078,0.000862060200918305,0.1599641422776214,0.03989473171417513,0.7992790658072859,25,30,10
19,8079,0.0008640752724762928,0.1599641422775865,0.03989472871182662,0.7992770537381112,25,30,10
19,8080,0.0008641275992308671,0.1599641422775945,0.03989473027504313,0.7992769998481323,25,30,10
19,8081,0.0008640577360070181,0.15996422201990496,0.03989472039603986,0.7992769998480488,25,30,10
19,8082,0.001100062289806594,0.1443853738293721,0.05523756401173859,0.7992769998690841,25,30,10
19,8083,0.00110293437429226,0.1443853738293716,0.055237565374457225,0.7992741264218804,25,30,10
19,8084,0.0011059152672525654,0.14438537382937994,0.055242225912274415,0.7992664849910949,25,30,10
19,8085,0.0011078776037974358,0.14438537382945033,0.05524223005977352,0.7992645185069804,25,30,10
19,8086,0.0011123472946694298,0.14438537383051656,0.05524230015559537,0.7992599787192205,25,30,10
19,8087,0.0011154088095513474,0.14438537383050729,0.0552423009922977,0.7992569163676454,25,30,10
19,8088,0.001345861309737868,0.1443853738305625,0.05524237631296902,0.7990263885467322,25,30,10
19,8089,0.0013428797647455392,0.14438537383055436,0.055242492599830814,0.799029253804871,25,30,10
19,8090,0.0013428793319311644,0.14438537383055416,0.055247193653039366,0.799024553184477,25,30,10
19,8091,0.001339885923569273,0.1443853738305999,0.055242495045424,0.7990322452004085,25,30,10
19,8092,0.001342827114648576,0.1443853738306074,0.05524249584910824,0.7990293032056376,25,30,10
19,8093,0.0013389648351787757,0.1443853738306429,0.055242428155757466,0.7990332331784227,25,30,10
19,8094,0.0008761571525696467,0.14438537382847627,0.05524523040153929,0.7994932386174163,25,30,10
19,8095,0.0008831289942316256,0.14437866356132584,0.055244968822353996,0.7994932386220901,25,30,10
19,8096,0.0008831661114978302,0.14437866356131002,0.05524506236550294,0.7994931079616907,25,30,10
19,8097,0.000883219271427194,0.14437866356130188,0.05524506222322357,0.7994930549440487,25,30,10
19,8098,0.000884201414532226,0.14437866356135504,0.05524502758771016,0.7994921074364036,25,30,10
19,8099,0.0008881947651744642,0.14437866356141618,0.055245032034744665,0.7994881096386658,25,30,10
19,8100,0.0008843414760879208,0.1443786635613552,0.05524502861613152,0.7994919663464265,25,30,10
19,8101,0.0008843252441440992,0.14437866356130138,0.055251628141794684,0.7994853830527612,25,30,10
19,8102,0.001001647290433666,0.14437866356142695,0.055255497166323074,0.7993641919818175,25,30,10
19,8103,0.0010094805043921221,0.14434880879195414,0.055277518715018355,0.7993641919886367,25,30,10
19,8104,0.0007829866054895377,0.14434880879192458,0.05527744569929964,0.7995907589032876,25,30,10
19,8105,0.0007819878207822675,0.14434880879187076,0.05527736590512097,0.7995918374822274,25,30,10
19,8106,0.0007849490047597596,0.14434880879189696,0.05527266539592112,0.7995935768074236,25,30,10
19,8107,0.0007879621225121841,0.1443488087919152,0.05553890614902974,0.7993243229365443,25,30,10
19,8108,0.0006703585835391438,0.1443488087917345,0.055534993090889676,0.7994458395338379,25,30,10
19,8109,0.0006703779136176363,0.14434880879176126,0.05553491252176821,0.7994459007728544,25,30,10
19,8110,0.0006742854206718203,0.1443488087918138,0.0555349153885057,0.7994419903990101,25,30,10
19,8111,0.0006742688094358736,0.14434880879178746,0.05526867596514078,0.7997082464336372,25,30,10
19,8112,0.0006702921505582791,0.1443488087917166,0.05526867237244091,0.7997122266852856,25,30,10
19,8113,0.0006654714569694597,0.1437436589366462,0.055878642915583185,0.7997122266908027,25,30,10
19,8114,0.0006619474734155373,0.14374365893560748,0.055878574859533285,0.799715818731445,25,30,10
19,8115,0.0006588105952848973,0.14374365893561497,0.05588084019656339,0.7997166902725381,25,30,10
19,8116,0.0006577569043726423,0.14374365893568566,0.05588084394620319,0.79971774021374,25,30,10
19,8117,0.0006560606747865442,0.14374530518069212,0.055880893649395434,0.7997177404951272,25,30,10
19,8118,0.0009474756370890254,0.14374530518293077,0.05588309468555883,0.7994241244944225,25,30,10
19,8119,0.000945407951486995,0.14374530518297565,0.0558764940527345,0.7994327928128038,25,30,10
19,8120,0.0009424652267953931,0.14374530518297549,0.05587637607951075,0.7994358535107193,25,30,10
19,8121,0.0009433652689603492,0.14435382635108282,0.05526695487946995,0.7994358535004877,25,30,10
19,8122,0.0007144251448691043,0.15992536452742165,0.03992435682857681,0.799435853499133,25,30,10
19,8123,0.0007144263642460817,0.1599253645274218,0.039924354792259024,0.7994358543160739,25,30,10
19,8124,0.0007163837729507669,0.15992536452739328,0.03992425550950892,0.7994339961901477,25,30,10
19,8125,0.0007173821408109651,0.1599253645274299,0.039924338783163926,0.7994329145485953,25,30,10
19,8126,0.0007145075955893299,0.159925364527494,0.03992434404317495,0.799435783833742,25,30,10
19,8127,0.0007085171111364047,0.15992536452751172,0.03992434479659825,0.7994417735647542,25,30,10
19,8128,0.0007085186295794421,0.15992536452751266,0.03992207859409335,0.7994440382488152,25,30,10
19,8129,0.0009460667100327426,0.1599253645276033,0.0399222654076733,0.7992063033546912,25,30,10
19,8130,0.0007085713002245309,0.15992536452752174,0.03992207675747072,0.7994439874147836,25,30,10
19,8131,0.000634063617132686,0.15990551181100882,0.040016437611436945,0.7994439869604233,25,30,10
19,8132,0.0006341390627729066,0.15990551181100993,0.04001652024945546,0.7994438288767632,25,30,10
19,8133,0.0006341986020980462,0.15992786140753398,0.03999411111359299,0.799443828876776,25,30,10
19,8134,0.0006381744423321386,0.15992786140756932,0.03999414270634865,0.7994398214437513,25,30,10
19,8135,0.000639225791972122,0.15992786140753473,0.03999417871067847,0.7994387340898164,25,30,10
19,8136,0.0006432065748069167,0.1599278614075425,0.039994255623245475,0.7994346763944067,25,30,10
19,8137,0.0006432766460597927,0.15992786140755158,0.0399943118270761,0.7994345501193142,25,30,10
19,8138,0.0006403349837924931,0.15992785552567643,0.039997259373678935,0.7994345501168538,25,30,10
19,8139,0.0006423129105259495,0.15992785552575625,0.03999714968894394,0.7994326818747759,25,30,10
19,8140,0.0006391918447604707,0.159927855525703,0.0399971867954873,0.7994357658340512,25,30,10
19,8141,0.0006472912067654448,0.15992785552589217,0.03999720298609582,0.7994276502812481,25,30,10
19,8142,0.0006502915894860501,0.1599278555259905,0.039997213595334445,0.7994246392891904,25,30,10
19,8143,0.00036584716252265477,0.15992785552377822,0.039995014917156284,0.7997112823965441,25,30,10
19,8144,0.00035971228248077053,0.1599118162168485,0.04001718911900685,0.7997112823816667,25,30,10
19,8145,0.0003607282361517177,0.1599118162167767,0.04001721050764033,0.7997102450394342,25,30,10
19,8146,0.0003698386969890815,0.15991181621784006,0.04001956996993279,0.7996987751152409,25,30,10
19,8147,0.00037290597595711973,0.1599118162177681,0.040021190991359944,0.7996940868149174,25,30,10
19,8148,0.00037003374058814883,0.15991181621777792,0.04002120418893612,0.7996969458527003,25,30,10
19,8149,0.00037197694055408177,0.15991181621783976,0.04002121116106817,0.7996949956805405,25,30,10
19,8150,0.00036999820195142473,0.15991181621775982,0.040021204898647904,0.799696980681643,25,30,10
19,8151,0.00036301017219195995,0.15991181621770634,0.04002120199429426,0.7997039716158095,25,30,10
19,8152,0.0003633357281043068,0.15867179839290413,0.0412608945436487,0.7997039713353449,25,30,10
19,8153,0.00036046223643074443,0.1586717983929218,0.04126089582580614,0.7997068435448434,25,30,10
19,8154,0.00036718411160387154,0.15867179814542592,0.041254174188569206,0.7997068435544041,25,30,10
19,8155,0.0003571523027168706,0.15867179814432675,0.041256513624733905,0.7997145359282257,25,30,10
19,8156,0.00035713596730070884,0.15867179814432583,0.04125647302507685,0.7997145928632997,25,30,10
19,8157,0.0003601618360268707,0.1586717981443439,0.04125876679077205,0.7997092732288603,25,30,10
19,8158,0.0003601838973326293,0.15867179814432583,0.04125651444180029,0.7997115035165444,25,30,10
19,8159,0.00035723900555656814,0.15867179814432597,0.0412518131976024,0.799719149652518,25,30,10
19,8160,0.0003562511219350025,0.15867179814418367,0.041251798958569015,0.7997201517753149,25,30,10
19,8161,0.00035619725361513664,0.15867179814417487,0.041251797356079374,0.799720207246133,25,30,10
19,8162,0.00035607426305627436,0.15867179814419174,0.04125017177747948,0.7997219558152748,25,30,10
19,8163,0.0003542906975525219,0.15867179814419277,0.04125022135796427,0.7997236898002926,25,30,10
19,8164,0.0003512956921467362,0.15867179814420182,0.0412501801376468,0.7997267260260067,25,30,10
19,8165,0.00035043610307885977,0.1586946809244979,0.041228156946417086,0.7997267260260081,25,30,10
19,8166,0.0003534323689244815,0.1586946809245068,0.041228157139729354,0.7997237295668412,25,30,10
19,8167,0.00035644629481118524,0.15869468092456032,0.041228160516364874,0.7997207122642653,25,30,10
19,8168,0.00034546953374793723,0.15870510480985164,0.04122871339943236,0.7997207122569698,25,30,10
19,8169,0.00033861991068514374,0.1980728701209753,0.001867797723297478,0.7997207122450425,25,30,10
19,8170,0.0003414747178760617,0.1980728701210724,0.0018677662073448614,0.7997178889537067,25,30,10
19,8171,0.0003470508956337282,0.19870657914406564,0.0012284809974187983,0.7997178889628818,25,30,10
19,8172,0.000350063799197566,0.1987065791440747,0.0012284831054332596,0.7997148739512943,25,30,10
19,8173,0.0003500632112415986,0.19870657914407375,0.0012284830068109386,0.7997148746378734,25,30,10
19,8174,0.0003460477805513649,0.19870657914403844,0.00122836409253146,0.7997190089828785,25,30,10
19,8175,0.00034911483854066885,0.19870657914402987,0.0012283660667592935,0.7997159399506703,25,30,10
19,8176,0.000340929731705193,0.19931509616266513,0.000628034167355274,0.7997159399382745,25,30,10
19,8177,0.00034383780779348954,0.1993150961626656,0.0006280342153148433,0.7997130318142261,25,30,10
19,8178,0.00034690329874804493,0.1999329388199864,7.1260671184360574e-06,0.7997130318141471,25,30,10
19,8179,0.00034689572841345,0.19993293881998592,2.4240722499706987e-06,0.7997177413793508,25,30,10
19,8180,0.0003508721883438719,0.1999329388200211,2.542942284119872e-06,0.7997136460493511,25,30,10
19,8181,0.0003498023286393223,0.1999329388200908,2.663917709684234e-06,0.7997145949335605,25,30,10
19,8182,0.0003567236611016679,0.19993293882011695,2.668211505259192e-06,0.7997076693072763,25,30,10
19,8183,0.0003565113876243586,0.19993293882004615,2.6134370705464847e-06,0.7997079363552593,25,30,10
19,8184,0.0003565251350477988,0.1999334668867706,2.0716181207937646e-06,0.7997079363600603,25,30,10
19,8185,0.00036468213050832226,0.19993346688790647,2.1098290904604894e-06,0.7996997411524941,25,30,10
19,8186,0.00036466545857394755,0.19993346688786176,2.106590199620931e-06,0.7996997610633642,25,30,10
19,8187,0.0003537056070769176,0.19993346688677258,4.353472561961008e-06,0.799708474033588,25,30,10
19,8188,0.00035379377130581314,0.19993346688674582,4.353962056792325e-06,0.799708385379891,25,30,10
19,8189,0.00035685901987122777,0.19993346688676344,7.515286856936247e-06,0.7997021588065077,25,30,10
19,8190,0.00042462148803501396,0.19993346688996003,7.776838440995653e-06,0.799634134783563,25,30,10
19,8191,0.00042435973364107207,0.19993346688989583,5.4894899764362454e-06,0.7996366838864857,25,30,10
19,8192,0.00042325337698038355,0.1999334668897334,5.4775439300386005e-06,0.799637802189355,25,30,10
19,8193,0.0004212913928320243,0.19993346688966424,5.357073136732049e-06,0.7996398846443656,25,30,10
19,8194,0.000419312726018192,0.19993346688959324,5.268162043483471e-06,0.7996419522223441,25,30,10
19,8195,0.0005478135119596648,0.19993346689273492,6.281569645788176e-06,0.7995124380256595,25,30,10
19,8196,0.0005481473530025803,0.19993346689271743,3.1210347799131624e-06,0.7995152647194999,25,30,10
19,8197,0.000551074866015734,0.19990852550474691,2.513491450066676e-05,0.7995152647147366,25,30,10
19,8198,0.0005561779227705897,0.19820816555104437,0.0017203918013246422,0.7995152647248602,25,30,10
19,8199,0.0005533044822161704,0.19821116451298354,0.0017202662775170968,0.7995152647272831,25,30,10
19,8200,0.0005463302274550168,0.19821116451300202,0.001720267376237174,0.7995222378833057,25,30,10
19,8201,0.0004857924026334025,0.19821116450979942,0.0017200085958805592,0.7995830344916867,25,30,10
19,8202,0.00048572168700044757,0.19821116450979034,0.0017200079700138786,0.7995831058331957,25,30,10
19,8203,0.000485772370749926,0.19821116450978157,0.001720008328923831,0.7995830547905447,25,30,10
19,8204,0.0004934122479948759,0.1982111645098171,0.001720026829587693,0.7995753964126006,25,30,10
19,8205,0.0004944097212798133,0.19821116450985213,0.001720033441672561,0.7995743923271955,25,30,10
19,8206,0.0004943384494398586,0.1982111645098433,0.001719948682908972,0.7995745483578078,25,30,10
19,8207,0.0005013285618836662,0.19820473256563975,0.0017193905122499151,0.7995745483602265,25,30,10
19,8208,0.0004944087601700041,0.19820473256560459,0.0017192717021519389,0.7995815869720733,25,30,10
19,8209,0.0004915002979018686,0.19820473256550714,0.0017192643847131015,0.7995845027518779,25,30,10
19,8210,0.0004834699327926556,0.1999304295415356,1.597783915283189e-06,0.7995845027417565,25,30,10
19,8211,0.0004766172963895433,0.19993042954151868,1.595571876903443e-06,0.7995913575902152,25,30,10
19,8212,0.00047954345707780776,0.19993042954150947,1.5937492928829253e-06,0.7995884332521201,25,30,10
19,8213,0.0004795952085351113,0.1999304295415184,1.5953441510399261e-06,0.7995883799057958,25,30,10
19,8214,0.0004745483317980044,0.19993546732497808,1.6044325841872213e-06,0.79958837991064,25,30,10
19,8215,0.0003450326404230794,0.19993546732180917,5.870179645519466e-07,0.7997189130198035,25,30,10
19,8216,0.00034797505899655535,0.19993546732180914,5.86987305245838e-07,0.7997159706318894,25,30,10
19,8217,0.00035002460648927357,0.19993546732177309,5.833188295207715e-07,0.7997139247529084,25,30,10
19,8218,0.0003542317057685797,0.1999354673218098,5.873329435931385e-07,0.7997097136394781,25,30,10
19,8219,0.00035729736935792957,0.19993546732180117,6.418549556072937e-07,0.7997065934538854,25,30,10
19,8220,0.00036122417166477847,0.19993546732183592,5.729015060323252e-06,0.7996975794914392,25,30,10
19,8221,0.00035970112749796995,0.19993647086480995,6.248508753741631e-06,0.7996975794989386,25,30,10
19,8222,0.0003665514095501809,0.19992949213366554,6.376957930968267e-06,0.7996975794988537,25,30,10
19,8223,0.00036949556603648874,0.19992615520758883,6.7697274398092086e-06,0.7996975794989352,25,30,10
19,8224,0.00036571149166851754,0.19869179025033518,0.0012449187636941056,0.7996975794943024,25,30,10
19,8225,0.00036968783295548014,0.19869179025038775,0.0012449250479259484,0.7996935968687312,25,30,10
19,8226,0.00037587217653437715,0.19869179025042422,0.0012449237018603795,0.7996874138711815,25,30,10
19,8227,0.00036870667726630587,0.198691790250353,0.001244918969607527,0.7996945841027735,25,30,10
19,8228,0.0003768066775871691,0.19869179025194142,0.0012449891509083292,0.7996864139195633,25,30,10
19,8229,0.00037673573844618403,0.19992975499486465,7.095347211857157e-06,0.7996864139194776,25,30,10
19,8230,0.00038369578283928063,0.19992975499492968,7.110538200848786e-06,0.7996794386840306,25,30,10
19,8231,0.00037739977675400486,0.1999297549949712,7.110815224037603e-06,0.799685734413051,25,30,10
19,8232,0.00037740149185490443,0.19992975499497137,7.110806801222059e-06,0.7996857327063727,25,30,10
19,8233,0.00037445786577590135,0.19992975499497123,7.110705723591828e-06,0.7996886764335294,25,30,10
19,8234,0.0003744415480278867,0.19992975499497093,7.11220429122858e-06,0.79968869125271,25,30,10
19,8235,0.00036345491886451175,0.1999297549949424,7.091596459622795e-06,0.7996996984897335,25,30,10
19,8236,0.00036352532071526686,0.19992975499496082,7.094288687454194e-06,0.7996996253956367,25,30,10
19,8237,0.0003624738736792569,0.19992975499506754,7.102113521506578e-06,0.7997006690177321,25,30,10
19,8238,0.00037339970427238483,0.19992975499514087,9.935331741754412e-05,0.7995974919831695,25,30,10
19,8239,0.0003654062962704844,0.1999297549935789,9.928226238789741e-05,0.7996055564477632,25,30,10
19,8240,0.00036232201141188597,0.1999332322134957,9.888932720483032e-05,0.7996055564478882,25,30,10
19,8241,0.0003584863053123073,0.199933232213497,0.00010116836521837756,0.799607113115973,25,30,10
19,8242,0.00035848386318282035,0.1999332322134614,0.00010116375736614742,0.7996071201659902,25,30,10
19,8243,0.00036540774872673344,0.19993323221348738,0.000101167574753518,0.7996001924630327,25,30,10
19,8244,0.0003574450243779996,0.1999332322134591,1.0542156018439203e-05,0.7996987806061447,25,30,10
19,8245,0.00035457157702008837,0.19993323221346843,1.054280524321056e-05,0.7997016534042689,25,30,10
19,8246,0.00035150484504186416,0.19993323221347686,1.054046120581287e-05,0.7997047224802762,25,30,10
19,8247,0.0003483715458891995,0.19990489146591844,4.201450803903437e-05,0.799704722480154,25,30,10
19,8248,0.001026953744867765,0.19990489146607746,4.2375443054039596e-05,0.7990257793460013,25,30,10
19,8249,0.0010248689576556596,0.1999068142056624,4.25374836635193e-05,0.7990257793530189,25,30,10
19,8250,0.0010269508460106352,0.19990681420563716,4.25352134774052e-05,0.7990236997348754,25,30,10
19,8251,0.001029909733292927,0.18450318787567344,0.015443202636647306,0.7990236997543866,25,30,10
19,8252,0.0010300499128797047,0.18450318787569145,0.015443203933733636,0.7990235582776956,25,30,10
19,8253,0.0010299449065558222,0.1845031878756742,0.01544320441655205,0.7990236628012183,25,30,10
19,8254,0.0010337806202320044,0.18450318787567233,0.015440925367958934,0.799022106136137,25,30,10
19,8255,0.0010346929072695156,0.18450318787569767,0.015440927637536189,0.7990211915794968,25,30,10
19,8256,0.001036776492551839,0.18450165893884612,0.015440372991403037,0.7990211915771992,25,30,10
19,8257,0.0010408053933084857,0.1999073675782297,3.063546588717462e-05,0.7990211915625751,25,30,10
19,8258,0.0010423109195583813,0.1999063884420617,3.0109080967054766e-05,0.7990211915574134,25,30,10
19,8259,0.0010383315908675693,0.199906388442036,2.502210236525916e-05,0.7990302578647315,25,30,10
19,8260,0.0010382246392228278,0.1999063884420088,2.5021646541224946e-05,0.7990303652722274,25,30,10
19,8261,0.001035072921550874,0.199906388441981,2.501964801155748e-05,0.7990335189884569,25,30,10
19,8262,0.0010352659085834817,0.19990619423620104,2.5020871351393716e-05,0.7990335189838633,25,30,10
19,8263,0.0012725208600517168,0.1999061942384026,2.5406052230024827e-05,0.7987958788493148,25,30,10
19,8264,0.0012705956425094805,0.19989725581775922,3.62696998479966e-05,0.7987958788398825,25,30,10
19,8265,0.0012696306618565603,0.19989725581771572,3.626708834799787e-05,0.798796846432079,25,30,10
19,8266,0.0012644073426343156,0.19989725581775883,3.626980980938773e-05,0.798802067029797,25,30,10
19,8267,0.0012623047894842736,0.19989725581779472,3.627267201232184e-05,0.798804166720708,25,30,10
19,8268,0.0012613060995739173,0.19989725581775908,3.628340579593081e-05,0.7988051546768703,25,30,10
19,8269,0.0012613587982058397,0.19989725581776818,3.6281534276033734e-05,0.7988051038497492,25,30,10
19,8270,0.0012573829204619085,0.19989725581773313,3.627851029775378e-05,0.7988090827515066,25,30,10
19,8271,0.0012503564091057128,0.1993161255808988,0.0006244352633369451,0.7988090827466579,25,30,10
19,8272,0.0012513056681117804,0.1993151613495852,0.000624450231005692,0.7988090827512966,25,30,10
19,8273,0.001251342112907058,0.19931516134959412,0.0006245323063764453,0.7988089642311215,25,30,10
19,8274,0.001256533745472381,0.19931516135020272,0.0006244951939766419,0.7988038097103476,25,30,10
19,8275,0.0012563409427774313,0.1980770056032299,0.001862843736629706,0.7988038097173622,25,30,10
19,8276,0.0012594427410291462,0.19807700560323005,0.001955106421436628,0.7987084452343034,25,30,10
19,8277,0.0012564830063417096,0.19807700560318547,0.0019534806795946545,0.7987130307108776,25,30,10
19,8278,0.0012565522144675997,0.19807700560322128,0.0019535657398559465,0.7987128764424547,25,30,10
19,8279,0.0012574284516710151,0.19807700560322986,0.001953484389965235,0.7987120815551333,25,30,10
19,8280,0.0005788456919854973,0.19807700560308183,0.001953139513624772,0.7993910091913072,25,30,10
19,8281,0.0005759035346088463,0.19807700560308203,0.0019531400508506903,0.7993939508114578,25,30,10
19,8282,0.0005788629374352742,0.19807700560309077,0.0019531406838563213,0.7993909907756169,25,30,10
19,8283,0.0005788115819115017,0.19807700560308247,0.0019531426071511832,0.7993910402078541,25,30,10
19,8284,0.0005857821496585106,0.19807700560312597,0.0019531437843443482,0.7993840684628705,25,30,10
19,8285,0.0005818226461473841,0.1980770056031,0.0019531413761966006,0.7993880303745553,25,30,10
19,8286,0.0005848868727729565,0.1980770056030917,0.0019531417617272423,0.7993849657624074,25,30,10
19,8287,0.0005988641665210056,0.19806302546787702,0.0019531445935063872,0.799384965772095,25,30,10
19,8288,0.0005988613032868256,0.19806302546787716,0.001953143593688156,0.799384969635147,25,30,10
19,8289,0.000598930754049404,0.19806302546790422,0.0019547678770694037,0.7993832759009761,25,30,10
19,8290,0.0006068349294677856,0.19806302546792756,0.001954762197245146,0.7993753774053587,25,30,10
19,8291,0.00037155992276914564,0.19806302546583204,0.0019544124530912563,0.7996110021583065,25,30,10
19,8292,0.0003864656607901463,0.19806302546594703,0.0019591219442713897,0.7995913869289901,25,30,10
19,8293,0.0003864655391677948,0.19806302546593876,0.0019591214007584866,0.7995913875941336,25,30,10
19,8294,0.0003865015846849316,0.19806302546592158,0.001963822246490276,0.7995866507029019,25,30,10
19,8295,0.00039042662008872226,0.1980630254659563,0.001871563054801438,0.7996749848591524,25,30,10
19,8296,0.0003883447390528177,0.19806302546599075,0.0018715660376973616,0.7996770637572578,25,30,10
19,8297,0.0004570455375301892,0.19806302546864385,0.0018703345544676339,0.7996095944393571,25,30,10
19,8298,0.0004570979672966701,0.19806302546864368,0.001870450418214197,0.7996094261458445,25,30,10
19,8299,0.0004570282739269657,0.19806308646478643,0.001870459117947555,0.7996094261433384,25,30,10
19,8300,0.00045588798221970166,0.19806308646486637,0.0018704679516840063,0.7996105576012293,25,30,10
19,8301,0.00045183543844972134,0.19806308646482138,0.0018703823617320589,0.7996146957349969,25,30,10
19,8302,0.0004518530905842782,0.19806308646483917,0.0018656815673510185,0.7996193788772256,25,30,10
19,8303,0.00044991161855638585,0.19806308646474202,0.0018656450569401008,0.7996213568597613,25,30,10
19,8304,0.00045092997083952176,0.19806308646467166,0.0018657213775102606,0.7996202621869786,25,30,10
19,8305,0.00045092850699792283,0.198073944733157,0.0018548645729496765,0.7996202621868952,25,30,10
19,8306,0.0004360248164091576,0.1980573941685926,0.0018863188401436676,0.7996202621748543,25,30,10
19,8307,0.00043903578653634875,0.1980573941686018,0.001886321525804225,0.7996172485190576,25,30,10
19,8308,0.0004508794123019503,0.19805739416872167,0.0018864733589076252,0.7996052530600691,25,30,10
19,8309,0.00043814572750387797,0.19805739416968263,0.0018863408707933032,0.7996181192320206,25,30,10
19,8310,0.0004351505702222412,0.19806039225278751,0.0018863379473093795,0.7996181192296813,25,30,10
19,8311,0.00043219278667872403,0.1980603922527888,0.0018863391680769897,0.7996210757924557,25,30,10
19,8312,0.00042705761043513376,0.1980603922522088,0.001886297202908903,0.7996262529344476,25,30,10
19,8313,0.0004200144639022444,0.19806039225217342,0.0018862931385266813,0.7996333001453984,25,30,10
19,8314,0.00042693422555766555,0.19806039225219751,0.001886280091869282,0.7996263934303766,25,30,10
19,8315,0.0004269342178958007,0.19806039225219735,0.0018862800879436562,0.7996263934419641,25,30,10
19,8316,0.00042500828353730485,0.19806039225212654,0.0018863569307559643,0.7996282425335811,25,30,10
19,8317,0.00035733195612260113,0.19806039224945737,0.0018860063375244704,0.7996962694568965,25,30,10
19,8318,0.00035739689936025836,0.19809179452351366,0.0018545391226397984,0.7996962694544872,25,30,10
19,8319,0.0003574132160103733,0.19809177764274113,0.0018545396866784403,0.7996962694545708,25,30,10
19,8320,0.0003504416639725178,0.19809177764269767,0.0018545366223542581,0.7997032440709764,25,30,10
19,8321,0.0003534920617358239,0.19809177764269814,0.001854538708143698,0.7997001915874232,25,30,10
19,8322,0.00035448680280915406,0.19809177764270722,0.0018546547948484404,0.799699080759636,25,30,10
19,8323,0.00035534641765322806,0.19809092070969447,0.0018546521059191695,0.799699080766734,25,30,10
19,8324,0.0003533836912988193,0.19809092070961437,0.0018546432843341298,0.7997010523147539,25,30,10
19,8325,0.0003563955799067199,0.19809092070959494,0.0018547253954670647,0.7996979583150324,25,30,10
19,8326,0.0003593416362007685,0.19809092070959466,0.0018546446925115645,0.7996950929616942,25,30,10
19,8327,0.0003623199348249606,0.19809092070960277,0.0018562515497549115,0.7996905078058189,25,30,10
19,8328,0.0003692754777685112,0.19809092070964657,0.001856255618288471,0.7996835481942979,25,30,10
19,8329,0.0003692769669842639,0.1980909207096475,0.0018562550236458234,0.799683547299724,25,30,10
19,8330,0.0003700636190064224,0.19809092070857579,0.0018561802019918733,0.7996828354704272,25,30,10
19,8331,0.0003671877922112653,0.19809092070859527,0.0018560991769314375,0.7996857923222632,25,30,10
19,8332,0.00036316790698892544,0.19809092070858508,0.0018560605550011508,0.7996898508294257,25,30,10
19,8333,0.00036518174565488843,0.19809092070855017,0.0018560575389391296,0.7996878400068563,25,30,10
19,8334,0.0003668257019801315,0.17227452184888153,0.027670812435088843,0.7996878400140504,25,30,10
19,8335,0.00036675500235015357,0.17227452184887151,0.027670809690489337,0.7996879134582897,25,30,10
19,8336,0.0003697149535055503,0.17227452184888947,0.02767092333439787,0.7996848398632079,25,30,10
19,8337,0.0003717294895748549,0.17227452184901346,0.027670984341289687,0.7996827643201228,25,30,10
19,8338,0.00037172996133646356,0.17227452184901373,0.02766936207158217,0.7996843861180684,25,30,10
19,8339,0.00037173344967057103,0.17227452184902264,0.03374018939400953,0.7936135553072979,25,30,10
19,8340,0.0003697711143183905,0.17227452184895256,0.033740068693127796,0.7936156383436019,25,30,10
19,8341,0.00037262837977932215,0.1722745218489059,0.03374006521074106,0.7936127845605745,25,30,10
19,8342,0.00036963040794486574,0.172274521848897,0.03374234465733472,0.7936135030858243,25,30,10
19,8343,0.0003695628286235844,0.17227452184888775,0.03374222814728195,0.7936136871752073,25,30,10
19,8344,0.0003696687744230186,0.17227440184506038,0.03374224219573483,0.7936136871847823,25,30,10
19,8345,0.00044745544010428356,0.17176113495471623,0.03417772192493726,0.7936136876802429,25,30,10
19,8346,0.00044749177225425973,0.1717611349547244,0.03417772078358801,0.793613652489434,25,30,10
19,8347,0.0004454774135386247,0.1717611349547594,0.03417772376507025,0.7936156638666323,25,30,10
19,8348,0.0004455468902175198,0.17176113495479492,0.03417772635713061,0.7936155917978576,25,30,10
19,8349,0.0003692729291977414,0.17226517138777026,0.033749964382348174,0.7936155913006844,25,30,10
19,8350,0.0003772083305893089,0.1722651713878225,0.033749853928720715,0.793607766352868,25,30,10
19,8351,0.0003815573813227086,0.19807517748391068,0.007935498791429569,0.7936077663433373,25,30,10
19,8352,0.0003814186207901838,0.19807517748401682,0.007935423776784948,0.7936079801184084,25,30,10
19,8353,0.0003883786757316695,0.19866791726838456,0.00733572392049984,0.7936079801353841,25,30,10
19,8354,0.00038937806731851856,0.19866791726830513,0.00733570555394894,0.7936069991104278,25,30,10
19,8355,0.0003947862020581937,0.19867024457666768,0.007327970113990435,0.7936069991072842,25,30,10
19,8356,0.00039083975156980935,0.1986626446469273,0.007339516501490111,0.7936069991000132,25,30,10
19,8357,0.00039085680473769263,0.19866264464693667,0.007341084985147838,0.7936054135631783,25,30,10
19,8358,0.0004547877287088001,0.19866264465014288,0.007341418832256253,0.7935411487888925,25,30,10
19,8359,0.0004617433016903715,0.19866264465018602,0.007339224367137556,0.7935363876809862,25,30,10
19,8360,0.00039781449791353925,0.19866264464697994,0.007338973035146041,0.7936005678199607,25,30,10
19,8361,0.0003828810602372791,0.19866264464688224,0.007341240349980734,0.7936132339429001,25,30,10
19,8362,0.0003798322359032256,0.19866264464683844,0.007341238709102555,0.7936162844081561,25,30,10
19,8363,0.0004446316368400947,0.19866264465002562,0.00734156454182952,0.7935511591713049,25,30,10
19,8364,0.000442656265400025,0.1986626446500809,0.0073400919877090395,0.7935546070968101,25,30,10
19,8365,0.0004356836891876781,0.19866264465001962,0.007340113974969125,0.7935615576858241,25,30,10
19,8366,0.0004386264031886621,0.19866264465001976,0.007340114031078719,0.7935586149157134,25,30,10
19,8367,0.0004376974061202969,0.19866264464998504,0.007340111073621119,0.793559546870274,25,30,10
19,8368,0.0004237196767770339,0.19866264464990444,0.0073354040943865466,0.7935782315789324,25,30,10
19,8369,0.0003590232404086459,0.19866264464677233,0.007335092702543149,0.7936432394102763,25,30,10
19,8370,0.0003481199976828398,0.1986626446467018,0.007339787978348985,0.7936494473772667,25,30,10
19,8371,0.0003511324677209717,0.19866264464671063,0.007337509687977195,0.7936487131975916,25,30,10
19,8372,0.000366076884179419,0.1986626446468251,0.007337517901625376,0.7936337605673706,25,30,10
19,8373,0.0003652202628348228,0.19866264464679959,0.007339137795712772,0.7936329972946531,25,30,10
19,8374,0.00036520276776493823,0.1986626446467902,0.0073391370565348765,0.7936330155289104,25,30,10
19,8375,0.00036520180050551556,0.19866264464679062,0.00733913705558439,0.7936330164971198,25,30,10
19,8376,0.00036555045413808296,0.1986626446468454,0.0073391430819522,0.7936326618170645,25,30,10
19,8377,0.0003616265836892513,0.1986626446468113,0.007339141602024262,0.7936365871674755,25,30,10
19,8378,0.000361909389385426,0.19866264464681416,0.007339142992728338,0.7936363029710727,25,30,10
19,8379,0.000364842604502992,0.19866264464681382,0.007334440949879961,0.7936380717988036,25,30,10
19,8380,0.0003684716863833349,0.19866264464679412,0.007334437953348687,0.7936344457134743,25,30,10
19,8381,0.0003723800418427975,0.1994607167392637,0.006532457500500613,0.7936344457183931,25,30,10
19,8382,0.0003724336868739805,0.19946071673925558,0.006534736163329196,0.7936321134105414,25,30,10
19,8383,0.0003714655774163482,0.1994607167392001,0.006534642331479251,0.7936331753519045,25,30,10
19,8384,0.0003744083490229768,0.19946071673919952,0.0065346429602655375,0.7936302319515123,25,30,10
19,8385,0.00037141059085179845,0.19946071673920762,0.006534641044343651,0.793633231625597,25,30,10
19,8386,0.0003713575948793056,0.1994607167392156,0.006532362347950535,0.7936355633179546,25,30,10
19,8387,0.0003703929019070236,0.19946071673917212,0.0065323602681071355,0.7936365300908137,25,30,10
19,8388,0.00036643236943982604,0.1994607167391546,0.0004615325646181389,0.7997113183267883,25,30,10
19,8389,0.0003624724888372023,0.19990105481412054,2.5154375131557203e-05,0.7997113183219118,25,30,10
19,8390,0.0003625393271399082,0.1999010548140145,2.5145213769756102e-05,0.7997112606450771,25,30,10
19,8391,0.0003625204838548093,0.19990105481400697,2.5148212263238437e-05,0.7997112764898763,25,30,10
19,8392,0.00036555152152497244,0.19990105481402387,2.5145860561288168e-05,0.7997082478038913,25,30,10
19,8393,0.0003734874500531196,0.19991512880405293,3.135942188283236e-06,0.7997082478037066,25,30,10
19,8394,0.00037646539052409216,0.1999121593492622,3.1274517112022693e-06,0.7997082478085035,25,30,10
19,8395,0.0005693882496590859,0.19991215947140886,5.460933607306567e-06,0.7995129913453259,25,30,10
19,8396,0.0005694231824597963,0.19991215947136445,5.419656622738992e-06,0.7995129976895538,25,30,10
19,8397,0.0005764117615540272,0.19991215947140886,3.8011319570860963e-06,0.7995076276350807,25,30,10
19,8398,0.0005743438601865134,0.19991215947145188,3.841264551229213e-06,0.799509655403811,25,30,10
19,8399,0.0005714008319400427,0.1999121594714525,3.841315539163674e-06,0.799512598381069,25,30,10
19,8400,0.0005703315376205892,0.19991215947152274,3.963281952270576e-06,0.799513545708905,25,30,10
19,8401,0.0005714277994239546,0.19991215947155133,3.991273206853523e-06,0.7995124214558185,25,30,10
19,8402,0.0005735671251572736,0.19991215947150784,3.951700706379952e-06,0.799510321702629,25,30,10
19,8403,0.0005695923808556131,0.19991215947149965,3.950651618553286e-06,0.7995142974960268,25,30,10
19,8404,0.0005724782204853486,0.19991215947147012,3.947100102076392e-06,0.7995114152079433,25,30,10
19,8405,0.0005724958531193565,0.19991215947149715,3.869106804412045e-06,0.7995114755685799,25,30,10
19,8406,0.000624295132856649,0.1998495866522813,1.4642641387428802e-05,0.7995114755734751,25,30,10
19,8407,0.0004353490429695489,0.19984958653016047,1.2312023120938434e-05,0.7997027524037498,25,30,10
19,8408,0.00043838532262313075,0.1998495865301608,1.231304556100507e-05,0.7996997151016556,25,30,10
19,8409,0.0004353707604047837,0.19984958653012513,1.2309114105968377e-05,0.7997027335953646,25,30,10
19,8410,0.00043423894351383844,0.1998495865301229,1.2281103924873286e-05,0.7997038934224386,25,30,10
19,8411,0.0004372352354178369,0.19984958653014107,1.2252856908893622e-05,0.7997009253775323,25,30,10
19,8412,0.0003959391056166175,0.1998696373730411,3.3498135796673436e-05,0.7997009253855458,25,30,10
19,8413,0.0003929421342875924,0.19986963737301494,3.349798959386719e-05,0.7997039225031037,25,30,10
19,8414,0.0003879492117029671,0.1998696373730417,3.353531114021521e-05,0.7997088781041153,25,30,10
19,8415,0.0003855840955583125,0.19986963737307362,3.353689193336851e-05,0.7997112416394353,25,30,10
19,8416,0.0003856528148310277,0.19986963737308222,3.353900240335403e-05,0.7997111708096838,25,30,10
19,8417,0.0006190062320920337,0.19986963737676117,3.3750065311727727e-05,0.7994776063258354,25,30,10
19,8418,0.0006219323967037767,0.19986963737675187,3.383112835490765e-05,0.7994745990981896,25,30,10
19,8419,0.0006239592950378959,0.1998598699232651,4.1571678498397134e-05,0.799474599103199,25,30,10
19,8420,0.001083950573239996,0.1993774502769842,6.399975690060789e-05,0.7994745993928756,25,30,10
19,8421,0.001325198501974445,0.1993774502816027,6.415188941494834e-05,0.7992331993270083,25,30,10
19,8422,0.0013221839617971755,0.19937745028156717,6.414769266291134e-05,0.799236218063973,25,30,10
19,8423,0.0013271780580218885,0.19937745028153148,6.402874363958733e-05,0.7992313429168076,25,30,10
19,8424,0.0013242534367021081,0.19937745028155857,6.403074720032983e-05,0.7992342655345395,25,30,10
19,8425,0.001324305634306882,0.1993774502815412,6.403261892885859e-05,0.7992342114652233,25,30,10
19,8426,0.0013068809953757316,0.19942688978950612,3.201776280259789e-05,0.7992342114523158,25,30,10
19,8427,0.0013069333151822199,0.1994268897895235,3.2021352496050704e-05,0.7992341555427984,25,30,10
19,8428,0.0013048127478189739,0.19942688978950307,3.2007619471887076e-05,0.7992362898432066,25,30,10
19,8429,0.001307811707471501,0.19942688978949494,3.362850987584703e-05,0.7992316699931584,25,30,10
19,8430,0.0013049386009398325,0.1994268897895315,3.3546734046247946e-05,0.7992346248754834,25,30,10
19,8431,0.0013019387016247905,0.19942688978953974,3.3546222061992716e-05,0.7992376252867743,25,30,10
19,8432,0.0013010094563375518,0.19942688978950485,3.354322977797317e-05,0.7992385575243804,25,30,10
19,8433,0.0013038838738162614,0.19942362992634297,3.392868026540209e-05,0.7992385575195763,25,30,10
19,8434,0.0013068285296359658,0.1994236299263519,3.3925251892665077e-05,0.7992356162921204,25,30,10
19,8435,0.0013097728014209511,0.1994236299263517,3.392450032701045e-05,0.7992326727719012,25,30,10
19,8436,0.001309774964498652,0.1994236299263522,3.392448361589834e-05,0.799232670625534,25,30,10
19,8437,0.0013097922503093537,0.19942362992636137,3.4040359356325336e-05,0.7992325374639739,25,30,10
19,8438,0.0012988789909949012,0.1994348080980758,3.377545417856772e-05,0.7992325374567514,25,30,10
19,8439,0.0010635692890288515,0.199434808094444,3.3583877698151226e-05,0.7994680387388295,25,30,10
19,8440,0.0010757479901410793,0.1994348080945535,3.359380502217095e-05,0.7994558501102837,25,30,10
19,8441,0.0010688264364153949,0.19944157997728912,3.374347847381699e-05,0.7994558501078209,25,30,10
19,8442,0.0010718100812252165,0.19944157997725426,3.374146139258489e-05,0.7994528684801273,25,30,10
19,8443,0.001075788796420024,0.19943766777132751,3.367494740398502e-05,0.7994528684848479,25,30,10
19,8444,0.0010718120257245133,0.1994376677713014,3.367349975944396e-05,0.7994568467032142,25,30,10
19,8445,0.000608809578650577,0.19989163196068158,4.271205431384974e-05,0.7994568464063535,25,30,10
19,8446,0.0006179164339068514,0.19980680276866677,0.00011843437761370967,0.7994568464198122,25,30,10
19,8447,0.0006169230901245901,0.19980680276877422,0.00011845405247880215,0.799457820088622,25,30,10
19,8448,0.0006140335507372431,0.19980680276877483,0.00011834024280782407,0.7994608234376799,25,30,10
19,8449,0.0006109656081841044,0.19980680276878326,0.00011833829196724003,0.7994638933310654,25,30,10
19,8450,0.0006187940767754486,0.1998068027687997,0.00011834228189582046,0.7994560608725293,25,30,10
19,8451,0.000602707158051808,0.19980680276867338,0.00011833015423425319,0.7994721599190407,25,30,10
19,8452,0.0006027047172298535,0.19980680276868243,0.00011837167441449161,0.7994721208396735,25,30,10
19,8453,0.0006055957796995436,0.19980680276869964,0.00011837342128174472,0.7994692280303194,25,30,10
19,8454,0.0005906861711691905,0.19980680276859328,0.00011848010588840212,0.7994840309543492,25,30,10
19,8455,0.0005886835319130585,0.19980680276847804,0.00011846197004522003,0.7994860517295634,25,30,10
19,8456,0.0005888039272162254,0.1998068027684949,0.00011846242589731238,0.7994859308783913,25,30,10
19,8457,0.0005888753419024363,0.19980680276854,0.00012506806656011784,0.7994792538229973,25,30,10
19,8458,0.0007083344049278686,0.19980680277070065,0.0001253389866173716,0.7993595238377539,25,30,10
19,8459,0.0007053413250869695,0.19980680277070892,0.00013004075743707673,0.7993578151467666,25,30,10
19,8460,0.0006944284266591187,0.19980680277064702,0.00013011588466659463,0.799368652918027,25,30,10
19,8461,0.0006944447534249713,0.19980680277064722,0.00013011626641070103,0.7993686362095168,25,30,10
19,8462,0.0006975114446836013,0.19980680277063922,0.0001301167424195511,0.7993655690422571,25,30,10
19,8463,0.0006924708404067079,0.1998190355755974,0.00012292455397352155,0.7993655690300216,25,30,10
19,8464,0.0006924852679508486,0.19981903557560682,0.0001229144734345672,0.7993655646830072,25,30,10
19,8465,0.0006954643994328615,0.1998057343031391,0.0001332366144184032,0.7993655646830091,25,30,10
19,8466,0.0006944804637845437,0.1998057343030921,0.000133219148508328,0.7993665660846143,25,30,10
19,8467,0.0007014683367184444,0.1998057343031365,0.00013330556354032385,0.7993594917966041,25,30,10
19,8468,0.0007565317698026558,0.19980573430324508,0.00013339365049565288,0.7993043402764559,25,30,10
19,8469,0.0006341283068187651,0.19980573430107534,0.0001332045871120289,0.7994269328049931,25,30,10
19,8470,0.0006301671611211431,0.19980982954516768,0.00013307049339463973,0.799426932800316,25,30,10
19,8471,0.0006262419701849983,0.1998098295451233,0.00013306727790264784,0.7994308612067879,25,30,10
19,8472,0.0005683443290882881,0.19980982954503448,0.00013297930644204576,0.799488846819434,25,30,10
19,8473,0.0005712839490550031,0.19980982954503407,0.00012830404048626558,0.7994905824654234,25,30,10
19,8474,0.0005683586801820125,0.19982362904493264,0.00011742980946080287,0.7994905824654234,25,30,10
19,8475,0.000567271236340301,0.19982362904498385,0.00011744431055907929,0.7994916554081155,25,30,10
19,8476,0.0005672186368792089,0.19982362904496656,0.00011736154894332182,0.7994917907692095,25,30,10
19,8477,0.0005671660537137969,0.19982380382537612,0.0001172393540373915,0.7994917907668716,25,30,10
19,8478,0.0005700576524196191,0.19982380382535778,0.00011724070631397331,0.7994888978159075,25,30,10
19,8479,0.0005699878083682365,0.19982387464097143,0.00011723973471102632,0.7994888978159483,25,30,10
19,8480,0.0005669768306905408,0.19982387464096188,0.00011723909299778339,0.7994919094353488,25,30,10
19,8481,0.0005699189256001284,0.19982387464096174,0.00011723708394933254,0.7994889693494879,25,30,10
19,8482,0.0005728774523573485,0.19982387464097096,0.00011723769782294057,0.7994860102088478,25,30,10
19,8483,0.0005729987647260699,0.19982376604426833,0.00011722497735677505,0.799486010213648,25,30,10
19,8484,0.0005729456231811928,0.1998237660442768,0.00011722654042006592,0.7994860617921211,25,30,10
19,8485,0.0005749590575833253,0.19982376604423288,0.00011722490757943607,0.7994840499906034,25,30,10
19,8486,0.0005749763877615078,0.1998237660442424,0.000117197176915957,0.7994840603910793,25,30,10
19,8487,0.0005750149064977501,0.19982376604425067,0.00011731267038217306,0.7994839063788683,25,30,10
19,8488,0.0005752265694643818,0.199823766044279,0.00011743065768537192,0.7994835767285698,25,30,10
19,8489,0.0005753705458202746,0.19982376604422697,0.00011730479544313944,0.799483558614508,25,30,10
19,8490,0.0005763506749811295,0.199823766044279,0.00011742442026066018,0.7994824588604782,25,30,10
19,8491,0.0005734073498863311,0.19982376604427907,0.00011746316665044068,0.7994853634391832,25,30,10
19,8492,0.0005733922542589365,0.19982376604427096,0.00011748975454290967,0.7994853519469264,25,30,10
19,8493,0.0005804888696742896,0.19982376604430668,0.00011749279827899199,0.799478252287739,25,30,10
19,8494,0.0005874124845450508,0.19982376604433283,0.00011738232486212068,0.7994714391462591,25,30,10
19,8495,0.0005874121149928285,0.19982376604433316,0.00011734421771545053,0.7994714776229577,25,30,10
19,8496,0.0005832225202015854,0.19982376604434093,0.00011734113546337244,0.7994756702999933,25,30,10
19,8497,0.0006540223636100303,0.1998237660470123,0.00011761625490589993,0.799404595334471,25,30,10
19,8498,0.0007747368838388853,0.1997007335107418,0.00011993396799709545,0.7994045956374214,25,30,10
19,8499,0.000771757785666162,0.19970073351073353,0.00011993388128386514,0.7994075748223156,25,30,10
19,8500,0.0007676399311512087,0.19970073351070614,0.00012004578366134707,0.7994115807744805,25,30,10
19,8501,0.0008382192092899257,0.1997007335128247,0.00011362569590598161,0.7993474215819785,25,30,10
19,8502,0.0008452598815891225,0.1997250219679352,8.229656377899979e-05,0.7993474215866958,25,30,10
19,8503,0.0008480987392093281,0.1997250219679153,8.229576958775306e-05,0.7993445835232867,25,30,10
19,8504,0.0008451029716047082,0.1997250219678979,8.229555660724e-05,0.7993475795038892,25,30,10
19,8505,0.0008451378039108287,0.1997250219679062,8.229506904642374e-05,0.7993475451591355,25,30,10
19,8506,0.0008429984377793195,0.19972502196794054,8.079095561112753e-05,0.7993511886386686,25,30,10
19,8507,0.000849059047726928,0.1997250219679676,8.067702820379021e-05,0.7993452419561012,25,30,10
19,8508,0.0008420688678995775,0.19973214800312725,8.054117763179755e-05,0.799345241951341,25,30,10
19,8509,0.0007743620777747412,0.1997321480009921,8.035575544502716e-05,0.7994131341657876,25,30,10
19,8510,0.0007035788665119722,0.19973214799833014,8.007923451906934e-05,0.7994841939006383,25,30,10
19,8511,0.0007036870947206023,0.19973214799831232,8.00799893685583e-05,0.7994840849175983,25,30,10
19,8512,0.0004634728842093224,0.19973214799364175,7.980774854298579e-05,0.7997245713736066,25,30,10
19,8513,0.0004604601985532645,0.19973214799360647,7.980317272348323e-05,0.7997275886351177,25,30,10
19,8514,0.00046044289932383554,0.19973216589429219,7.980256875572143e-05,0.7997275886376289,25,30,10
19,8515,0.00046748603166317813,0.19973216589434575,7.989093244051098e-05,0.7997204571415512,25,30,10
19,8516,0.00047447958543191663,0.19969188313469288,0.0001131801280039586,0.7997204571518719,25,30,10
19,8517,0.0004715707054279066,0.19969188313473837,0.00011306900477724904,0.7997234771550571,25,30,10
19,8518,0.00046846768707047357,0.1996918831347382,0.000113071019183162,0.7997265781590088,25,30,10
19,8519,0.000462423550275984,0.19969188313470268,0.00011307150806180983,0.7997326218069603,25,30,10
19,8520,0.0004647736766542041,0.199691883134794,0.00011307817530258684,0.7997302650132498,25,30,10
19,8521,0.00046475474608927364,0.19969208464622823,0.00011289558253530464,0.7997302650251479,25,30,10
19,8522,0.00045774419104267696,0.1996920846461753,0.00011280847579881324,0.7997373626869837,25,30,10
19,8523,0.0004547989761695783,0.1996920846461753,0.0001128084660863898,0.799740307911569,25,30,10
19,8524,0.00045770815716934387,0.19969208464613009,0.00011280373624507548,0.7997374034604559,25,30,10
19,8525,0.00045770844029009543,0.19969208464612084,0.00011277542596876419,0.7997374314876207,25,30,10
19,8526,0.0004547801350361607,0.19969208464615618,0.0001127770650034356,0.7997403581538046,25,30,10
19,8527,0.00045599012502341987,0.19969208464608657,0.00011273260409653422,0.7997391926247934,25,30,10
19,8528,0.00045297752806311713,0.19969208464604954,0.00011272984767413179,0.7997422079782132,25,30,10
19,8529,0.0004539064407426843,0.19969208464607552,0.00011273634240997097,0.7997412725707718,25,30,10
19,8530,0.00045392313880113634,0.19969208464608423,0.00011273841788207503,0.7997412537972326,25,30,10
19,8531,0.00045301181801342063,0.19969208464607666,0.00011273435963903192,0.799742169176271,25,30,10
19,8532,0.0004530826015775705,0.19969208464612198,0.00011273697588488963,0.7997420957764156,25,30,10
19,8533,0.00044824598400391026,0.19972973809320313,7.992000884599102e-05,0.7997420959139471,25,30,10
19,8534,0.0006845932793277557,0.1997297380968371,8.013113986271891e-05,0.7995055374839727,25,30,10
19,8535,0.0006816498313355272,0.19972973809683725,8.013069465876906e-05,0.7995084813771682,25,30,10
19,8536,0.0006825611633709401,0.19972973809685382,8.013428695972407e-05,0.7995075664528152,25,30,10
19,8537,0.000683507918142688,0.19972973809689873,8.022048918321653e-05,0.7995065334957752,25,30,10
19,8538,0.0004471421671978814,0.19972973809322878,8.000676494668822e-05,0.7997431129746265,25,30,10
19,8539,0.00044492606072455565,0.19972973809316488,8.000136539883754e-05,0.7997453344807114,25,30,10
19,8540,0.0004409470366441267,0.1997297380931395,7.999745899919134e-05,0.7997493174112171,25,30,10
19,8541,0.0004399648608989181,0.19972973809308622,7.991215098438765e-05,0.7997503848950305,25,30,10
19,8542,0.0004480245522133914,0.19972167185049766,7.991870706290846e-05,0.7997503848902261,25,30,10
19,8543,0.0004501097397039349,0.1997216718504809,7.991288781192568e-05,0.7997483055220035,25,30,10
19,8544,0.0004529844612281663,0.199718404868031,8.030515349952964e-05,0.7997483055172416,25,30,10
19,8545,0.0004599428315200357,0.19971840486806525,8.030604495955549e-05,0.7997413462554553,25,30,10
19,8546,0.00045608628061241516,0.1997184048680319,8.206335062721521e-05,0.7997434455007286,25,30,10
19,8547,0.0004590820307465255,0.19971840486804912,8.206406204363399e-05,0.7997404490391609,25,30,10
19,8548,0.00045902909434542607,0.19971840486803125,8.206219265295045e-05,0.7997405038449703,25,30,10
19,8549,0.0004590999372499759,0.19971840486804188,8.206676695050614e-05,0.7997404284277575,25,30,10
19,8550,0.0004621099804088221,0.19971840486805997,8.19521860581464e-05,0.7997375329654731,25,30,10
19,8551,0.0004619710421594426,0.1997184048680324,8.195014960075497e-05,0.7997376739402074,25,30,10
19,8552,0.000462023506035452,0.19971840486803255,8.194965098418367e-05,0.799737621974948,25,30,10
19,8553,0.0004600963356197404,0.1997184048681405,8.199802578284829e-05,0.7997395007704572,25,30,10
19,8554,0.0004603742992771537,0.1997184048681429,8.200114670267754e-05,0.7997392196858774,25,30,10
19,8555,0.00046238714802715014,0.19971840486810033,8.188317261342651e-05,0.7997373248112596,25,30,10
19,8556,0.00034467190890194753,0.1998378858311261,8.011775165040326e-05,0.799737324508322,25,30,10
19,8557,0.0003416919319481138,0.19983788583111764,8.007886267455025e-05,0.7997403433742598,25,30,10
19,8558,0.0003446714406149939,0.19983788583112588,8.01952964732077e-05,0.799737247431786,25,30,10
19,8559,0.0011444510086714014,0.19983788589323265,8.245742405083717e-05,0.7989352056740454,25,30,10
19,8560,0.0011507417273485243,0.19983788607033662,8.688994342956094e-05,0.7989244822588857,25,30,10
19,8561,0.0011555737793242304,0.19811566634152666,0.0018042777579415417,0.7989244821212081,25,30,10
19,8562,0.0011565387352832496,0.19811566634157,0.0018042797414582193,0.7989235151816891,25,30,10
19,8563,0.0011504968960529848,0.19819797575903342,0.0017280121789809049,0.7989235151659321,25,30,10
19,8564,0.0011495704798015485,0.1981979757590074,0.0017280079125288597,0.7989244458486615,25,30,10
19,8565,0.0011496918979485168,0.1981978536894819,0.0017280085639069754,0.7989244458486618,25,30,10
19,8566,0.001146766073228099,0.19819785368950027,0.0017281258065822943,0.7989272544306887,25,30,10
19,8567,0.0011437868775132356,0.19819785368949205,0.001728009418306649,0.7989303500146875,25,30,10
19,8568,0.0011447343515177016,0.1981978536895349,0.001728011238405889,0.7989294007205404,25,30,10
19,8569,0.0011447352945889418,0.19819785368953471,0.0017280111975575018,0.798929399818318,25,30,10
19,8570,0.001136821549331475,0.19820551679407225,0.0017282618428619305,0.7989293998137329,25,30,10
19,8571,0.0011366984809175753,0.1982055167940795,0.0017265031598722896,0.7989312815651296,25,30,10
19,8572,0.0011507473693372794,0.198205516794178,0.001731214185407924,0.7989125216510757,25,30,10
19,8573,0.0011506935216884578,0.19820551679416895,0.0017312140298346573,0.798912575654307,25,30,10
19,8574,0.001150414932485517,0.1982055167941317,0.0017312112572217724,0.79891285701616,25,30,10
19,8575,0.0011504330879899612,0.19820551679413143,0.0017312421412136803,0.7989128079766639,25,30,10
19,8576,0.0011584042793451963,0.19820551679420143,0.001731246767793939,0.7989048321586583,25,30,10
19,8577,0.00036066017840776746,0.19820551673211498,0.0017291320663683628,0.7997046910231075,25,30,10
19,8578,0.00036065951025887594,0.1982055150192101,0.0017291344474284038,0.7997046910231014,25,30,10
19,8579,0.000352705903820623,0.1982055150191485,0.0017291302348578703,0.7997126488421716,25,30,10
19,8580,0.0003527571766531984,0.19820551501914063,0.0017290163464324004,0.7997127114577726,25,30,10
19,8581,0.0003464677036368721,0.1982055148420368,0.0017245837483660848,0.7997234337059588,25,30,10
19,8582,0.0003463812593734608,0.19820551484200913,0.0017245821748679794,0.7997235217237482,25,30,10
19,8583,0.00034631261601976616,0.19820551484196408,0.0017245781230977202,0.7997235944189174,25,30,10
19,8584,0.0003342784671244981,0.19820551484183035,0.001719866067907929,0.7997403406231363,25,30,10
19,8585,0.00033429354415448427,0.1982055148418396,0.001719867204432874,0.7997403244095719,25,30,10
19,8586,0.0003309469548721438,0.19820551484183888,0.0017198642165629178,0.7997436739867251,25,30,10
19,8587,0.00033593804885998,0.19820551484186247,0.001719720358679032,0.7997388267505977,25,30,10
19,8588,0.000332831904524199,0.16945687324655995,0.03047146810333624,0.7997388267455798,25,30,10
19,8589,0.00032987062036758387,0.16945687324655256,0.03047146707923614,0.7997417890538437,25,30,10
19,8590,0.0003299584619615573,0.16945687324656966,0.030471468818688077,0.7997416994727808,25,30,10
19,8591,0.00032999374369793174,0.16945687324655212,0.03047146734124535,0.7997416656685045,25,30,10
19,8592,0.00033293594300073536,0.16945687324654307,0.030471350770654642,0.7997388400398013,25,30,10
19,8593,0.00033607578763978816,0.16945687324761521,0.030471402520102556,0.799735648444642,25,30,10
19,8594,0.0003360241182810873,0.16945692188428021,0.030471405547911282,0.7997356484495269,25,30,10
19,8595,0.00033609572768685154,0.16945692188433412,0.030478011334986642,0.7997289710529921,25,30,10
19,8596,0.0003392427937870539,0.16945692188620434,0.036516344304526986,0.7936874910154812,25,30,10
19,8597,0.00034131190023081585,0.16945692188616085,0.03651634123075452,0.7936854249828533,25,30,10
19,8598,0.00034227561046270346,0.1982079594374116,0.00776433996450748,0.7936854249876171,25,30,10
19,8599,0.0003421878380695619,0.1982079594374998,0.007764347801795991,0.7936855049226339,25,30,10
19,8600,0.0003401195442229999,0.19817856678804663,0.0077958087452222125,0.7936855049225074,25,30,10
19,8601,0.00033997760612350673,0.19817856678804552,0.0077958086804406634,0.7936856469253897,25,30,10
19,8602,0.0003399226855633515,0.19817856678800175,0.007789201604416996,0.7936923089220171,25,30,10
19,8603,0.00033997469956366296,0.19817856678801055,0.00778920452612297,0.7936922539863022,25,30,10
19,8604,0.00033692521689839336,0.19817856678799303,0.007789320655369839,0.7936951873397379,25,30,10
19,8605,0.00033689018559677597,0.19817856678800305,0.007789318351604843,0.7936952246747946,25,30,10
19,8606,0.00034687544314869484,0.19773258125485418,0.008225318622447748,0.7936952246795486,25,30,10
19,8607,0.0003510318635260785,0.19773258125544582,0.008227538904539314,0.7936888479764881,25,30,10
19,8608,0.00035310138868230957,0.19776178459442417,0.008196266040190385,0.7936888479767024,25,30,10
19,8609,0.0003531379930786965,0.1977617845944595,0.008196238136652271,0.7936888392758088,25,30,10
19,8610,0.00035613515340538507,0.19776178459445762,0.008196325896561692,0.7936857543555749,25,30,10
19,8611,0.0003564159685122358,0.19776178459435315,0.008196319922954064,0.7936854795141801,25,30,10
19,8612,0.00036850292081469315,0.19776178459444313,0.008196328478935928,0.7936733840058067,25,30,10
19,8613,0.0003655567714883073,0.1977338074491134,0.00822725177134116,0.7936733840080576,25,30,10
19,8614,0.00036648529887337933,0.19776434426966338,0.00819578642102704,0.7936733840104366,25,30,10
19,8615,0.00036646984023292075,0.19776434427071612,0.008195828742519869,0.7936733571465312,25,30,10
19,8616,0.00035856886094646665,0.19820825675103385,0.007759817243740116,0.7936733571442798,25,30,10
19,8617,0.0003555348023801364,0.19820825675103446,0.007759857755239688,0.7936763506913461,25,30,10
19,8618,0.00035253863257822727,0.19821070190372944,0.007760408779615379,0.7936763506840774,25,30,10
19,8619,0.0003515573570368028,0.19821169574464892,0.007760396218958157,0.7936763506793565,25,30,10
19,8620,0.0003445683737434895,0.1999365478248963,0.006042533129834853,0.7936763506715255,25,30,10
19,8621,0.0003444764490406535,0.1999365478238241,0.0060424818593240535,0.7936764938678113,25,30,10
19,8622,0.0003404824725267908,0.19993654782378062,0.006042478187243513,0.7936804915164491,25,30,10
19,8623,0.0003414646199920045,0.1999365478238338,0.006042366523125415,0.7936796210330489,25,30,10
19,8624,0.00034142784757121986,0.19993654782385162,0.0060423678567238,0.7936796564718535,25,30,10
19,8625,0.00035056748407871036,0.19992714702441106,0.006042628871620555,0.7936796566198897,25,30,10
19,8626,0.0003464283718099908,0.19992714702383677,0.006040409828968486,0.7936860147753845,25,30,10
19,8627,0.0003464810460248446,0.1999271470238369,0.006040410315833356,0.7936859616143047,25,30,10
19,8628,0.0003514441383170336,0.18449072299995758,0.021471871244993744,0.7936859616167316,25,30,10
19,8629,0.0003523553549806386,0.1844907229999746,0.021471873497844587,0.7936850481472003,25,30,10
19,8630,0.0003382551289769584,0.1844907229999379,0.021471867808408013,0.7936991540626773,25,30,10
19,8631,0.0003381852851237817,0.18449072299992839,0.021471868171509745,0.7936992235434385,25,30,10
19,8632,0.0003381323996283072,0.18449072299993635,0.021471867631462457,0.793699276968973,25,30,10
19,8633,0.00033816707742144664,0.18449072299995542,0.021471867011198954,0.7936992429114244,25,30,10
19,8634,0.00033811497887931434,0.18449072299995542,0.021471865075366213,0.7936992969457991,25,30,10
19,8635,0.0003371688205996557,0.18449072299989364,0.021471861021679976,0.7937002471578266,25,30,10
19,8636,0.00034021820565676347,0.18449072299991054,0.02147345784573163,0.7936956009487008,25,30,10
19,8637,0.0003372377076694944,0.18449072299886693,0.021473416628206364,0.7936986226652568,25,30,10
19,8638,0.0003401806001414484,0.18449072299886693,0.02147341654964661,0.7936956798513448,25,30,10
19,8639,0.00033932332667844763,0.18449072299883285,0.02147341305616785,0.7936965406183206,25,30,10
19,8640,0.0003361879853463321,0.1844907229988402,0.0214781207898148,0.7936949682259984,25,30,10
19,8641,0.00033711774515898915,0.18448994878772154,0.021477965231555523,0.7936949682355638,25,30,10
19,8642,0.0003341444277558645,0.18448994878771327,0.02147796459811169,0.793697942186419,25,30,10
19,8643,0.00034011828743068823,0.18448994878772138,0.02160742910032658,0.7935625038245212,25,30,10
19,8644,0.0003430602680438108,0.1844899487877215,0.02160271886248195,0.7935642720817525,25,30,10
19,8645,0.0003380610741999727,0.19992626257870083,0.006171404270115319,0.7935642720769835,25,30,10
19,8646,0.00032893899461031303,0.19993524173026714,0.006171547346126788,0.7935642719289956,25,30,10
19,8647,0.0003289040653262639,0.19993524173037236,0.006171556401637445,0.7935642978026637,25,30,10
19,8648,0.00032788754276499925,0.1999352417302637,0.0061715065420116025,0.7935653641849598,25,30,10
19,8649,0.00032783684161696034,0.19993524173027274,0.006171505300032516,0.7935654161280781,25,30,10
19,8650,0.0003248925608965924,0.1999352417302726,0.006171621129807363,0.7935682445790236,25,30,10
19,8651,0.00032483616693489647,0.1999352417302718,0.006171619604041976,0.7935683024987515,25,30,10
19,8652,0.0003268349325473494,0.19993363311140955,0.006171229464475221,0.7935683024915678,25,30,10
19,8653,0.00032383993628203994,0.19993363311141923,0.0061712576415077205,0.7935712693107908,25,30,10
19,8654,0.00032787721420974425,0.19993363311144802,0.006172896979338142,0.7935655926950038,25,30,10
19,8655,0.0003248132903871668,0.1999336331114131,0.00654430020237918,0.7931972533958205,25,30,10
19,8656,0.0003287876579665738,0.19992926953428072,0.0065446894072141845,0.7931972534005385,25,30,10
19,8657,0.0003288222203658682,0.19992937722691262,0.006544547151886958,0.7931972534008345,25,30,10
19,8658,0.00032876760095501334,0.19992962953699775,0.006544349461384938,0.7931972534006623,25,30,10
19,8659,0.0003257365527308344,0.19992962953698107,0.00655095420865687,0.7931936797016316,25,30,10
19,8660,0.00032572134353061206,0.1999296295369717,0.006550954964038097,0.79319369415546,25,30,10
19,8661,0.0003257062443595808,0.19992962953697124,0.006550914510565157,0.7931937497081049,25,30,10
19,8662,0.0003227477671115945,0.199929629536962,0.006550913907921757,0.7931967087880054,25,30,10
19,8663,0.00032377982512084714,0.19992124560429894,0.006558265782312838,0.793196708788268,25,30,10
19,8664,0.00031985512133356534,0.1999212456042373,0.006428851619639408,0.7933300476547903,25,30,10
19,8665,0.00031883013815859793,0.19992124560421812,0.006427212974137405,0.7933327112834864,25,30,10
19,8666,0.0003187616090626094,0.199921245604209,0.006427212300587844,0.7933327804861411,25,30,10
19,8667,0.00032168868265893555,0.19992124560419974,0.006427294110072086,0.7933297716030697,25,30,10
19,8668,0.0003287495748585131,0.19992124560422636,0.006427296519873334,0.7933227083010421,25,30,10
19,8669,0.00032782157955817836,0.19992953546058106,0.006419934654199148,0.7933227083056619,25,30,10
19,8670,0.0003278228061503823,0.19992953546058184,0.006419934680604569,0.7933227070526634,25,30,10
19,8671,0.0003288031511096122,0.1999295354606252,0.0064199401026454215,0.7933217212856198,25,30,10
19,8672,0.00032675460623577806,0.1999295354606787,0.006419890026379097,0.7933238199067061,25,30,10
19,8673,0.0003266868978865084,0.19992953546066927,0.0064198893312220765,0.7933238883102218,25,30,10
19,8674,0.00032962929790383226,0.19992953546066836,0.0064198608922138726,0.7933209743492138,25,30,10
19,8675,0.00032868383451906195,0.19992953546062456,0.006419938037061916,0.7933218426677943,25,30,10
19,8676,0.00033171493226420744,0.1999295354606412,0.006413333325070012,0.7933254162820245,25,30,10
19,8677,0.00033171279009911917,0.1999295354606409,0.006413332382885713,0.7933254193663744,25,30,10
19,8678,0.00033770346665595174,0.19992953546064982,0.006413330639649368,0.7933194304330449,25,30,10
19,8679,0.00033470839413712427,0.1999295354606412,0.006413330449652802,0.793322425695569,25,30,10
19,8680,0.0003306600245366932,0.19992953546062261,0.006413327112847158,0.7933264774019938,25,30,10
19,8681,0.00033456695294836075,0.19992953546064854,0.006413329406866525,0.7933225681795367,25,30,10
19,8682,0.0003465134902242173,0.1998951813775346,0.006435736943143874,0.7933225681890977,25,30,10
19,8683,0.00034052152192818187,0.19989518137751677,0.006435736142409454,0.793328560958146,25,30,10
19,8684,0.0003435874513096695,0.19989518137753495,0.006435854265731677,0.793325376905424,25,30,10
19,8685,0.0003476333403829798,0.1998951813775795,0.006435777529308728,0.7933214077527292,25,30,10
19,8686,0.0003505960790281103,0.19989518137755194,0.006435777467693709,0.7933184450757264,25,30,10
19,8687,0.00035052681132494693,0.1998951813775604,0.006435776071550988,0.7933185157395638,25,30,10
19,8688,0.0003578456856370741,0.1998669254854314,0.00645670466189622,0.7933185241670355,25,30,10
19,8689,0.00041498760409956287,0.19986692548557053,0.0064583708020468115,0.7932597161082836,25,30,10
19,8690,0.0004149347412458584,0.1998669254855796,0.006458397999535127,0.79325974177364,25,30,10
19,8691,0.00040808453545573245,0.1998669254855538,0.006458395715968588,0.7932665942630227,25,30,10
19,8692,0.0004110278901445719,0.1998669254855536,0.006458394829602091,0.7932636517947002,25,30,10
19,8693,0.0004110269670346152,0.19986692548555393,0.0064583949018157385,0.7932636526455962,25,30,10
19,8694,0.0003960702207406366,0.19990429075111799,0.0064359863968660854,0.7932636526312759,25,30,10
19,8695,0.00039312874244270835,0.199904290765053,0.006448305921560398,0.7932542745709444,25,30,10
19,8696,0.0004021630523387095,0.19990429076512597,0.0064483095896708505,0.7932452365928653,25,30,10
19,8697,0.00039923758611584264,0.19990429076501084,0.006448298374078609,0.7932481732747954,25,30,10
19,8698,0.0004061578728411072,0.19990429076505478,0.006448302017093494,0.7932412493450112,25,30,10
19,8699,0.0004062267415960409,0.1999042907650728,0.006448303322762681,0.7932411791705692,25,30,10
19,8700,0.00040918552448887286,0.1999042907511473,0.006435984446579225,0.7932505392777854,25,30,10
19,8701,0.0004092563722770737,0.19990429075171132,0.006435987254647007,0.7932504656213655,25,30,10
19,8702,0.00039501950748791365,0.1999398610127212,0.006414662293039131,0.7932504571867526,25,30,10
19,8703,0.00039501870154371664,0.19993986101270353,0.0064146629886810795,0.7932504572970726,25,30,10
19,8704,0.0003981339832928828,0.19993673539197318,0.006414673327706245,0.7932504572970284,25,30,10
19,8705,0.00039207528378622583,0.19993673539198212,0.006414673992182576,0.7932565153320498,25,30,10
19,8706,0.00039506775995814153,0.19993673539195442,0.006414788368186586,0.7932534084799014,25,30,10
19,8707,0.0003890765241278928,0.1999367353919452,0.006414788783122155,0.7932593993008054,25,30,10
19,8708,0.00039699285117339764,0.19993673539203358,0.006414683258590952,0.7932515884982027,25,30,10
19,8709,0.0003960616686167604,0.19993673539197146,0.006414678756571698,0.7932525241828408,25,30,10
19,8710,0.00039611462096247516,0.19993673539194518,0.006414677831249529,0.7932524721558436,25,30,10
19,8711,0.00039630218353452364,0.19990547221750848,0.006445753447745514,0.7932524721512122,25,30,10
19,8712,0.0003964408192211845,0.19990547221753566,0.00644575449415203,0.7932523324690919,25,30,10
19,8713,0.0003985782546315773,0.19990547221750124,0.006445754082366344,0.7932501954455016,25,30,10
19,8714,0.0003955149423262866,0.19990547221751911,0.006445754932158317,0.7932532579079971,25,30,10
19,8715,0.00033535958197992435,0.19990547221738064,0.006444000752387036,0.7933151674482533,25,30,10
19,8716,0.000332363293810145,0.19990547221737137,0.006444055224266502,0.7933181092645526,25,30,10
19,8717,0.00033530385107791264,0.19990547221736166,0.0064440539834943675,0.793315169948067,25,30,10
19,8718,0.0003322400187264965,0.19988613830512927,0.0064664517208009665,0.793315169955344,25,30,10
19,8719,0.0003231520722125945,0.19988613830505497,0.006466444113721808,0.7933242655090109,25,30,10
19,8720,0.00032115698248330957,0.1998861383051176,0.006471151002173628,0.793321553710226,25,30,10
19,8721,0.00032117092595568416,0.19988613830512636,0.006471181083887481,0.793321509685031,25,30,10
19,8722,0.00032409771756829154,0.1998861383051181,0.006471180693991892,0.7933185832833223,25,30,10
19,8723,0.0003211379558936945,0.19988613830510807,0.006471179963403811,0.7933215437755947,25,30,10
19,8724,0.00032903939983168636,0.1998861383046058,0.006475884262899209,0.7933089380326638,25,30,10
19,8725,0.0003300182025215966,0.19988613830464863,0.006102886744447878,0.793680956748382,25,30,10
19,8726,0.00033296035204039877,0.19988613830464835,0.00610288676450864,0.7936780145788029,25,30,10
19,8727,0.00033693877880158887,0.19988613830470167,0.006102891062857591,0.7936740318536394,25,30,10
19,8728,0.0003378693469837784,0.19988613830474564,0.006102896231775421,0.7936730961164952,25,30,10
19,8729,0.00033690367192248005,0.19988613830469398,0.0061028910156439445,0.7936740670077396,25,30,10
19,8730,0.00033982810275161394,0.19988613830480048,0.0061027857407541875,0.793671247851694,25,30,10
19,8731,0.00034791408236560094,0.19988613830536445,0.006102798980986548,0.7936631486312835,25,30,10
19,8732,0.00034796813277150845,0.19988613830539323,0.0061028011476551925,0.7936630924141802,25,30,10
19,8733,0.0003479678143736237,0.19988613830539292,0.006104342104270954,0.7936615517759629,25,30,10
19,8734,0.00035105227525278804,0.19988613830539242,0.006104342206868212,0.7936584672124871,25,30,10
19,8735,0.0003479483818937796,0.1998861383054873,0.0061043912452565,0.7936615220673632,25,30,10
19,8736,0.00035063645514192657,0.19991451720921,0.006073324268583192,0.7936615220670658,25,30,10
19,8737,0.00035068992147652654,0.19991451720919262,0.006165587472910802,0.7935692053964212,25,30,10
19,8738,0.0003427019111212646,0.199914517209228,0.006165702911230641,0.7935770779684213,25,30,10
19,8739,0.00033960050095117455,0.19991800209747404,0.0061653194330701,0.7935770779685055,25,30,10
19,8740,0.00034259596723386,0.19991800209749072,0.006165319627457886,0.7935740823078183,25,30,10
19,8741,0.00034256009858376095,0.1999180020974802,0.006170017576661544,0.7935694202272753,25,30,10
19,8742,0.0003465195669286489,0.19991800209750604,0.006170021351790995,0.793565456983775,25,30,10
19,8743,0.0003435777120522495,0.19991800209750554,0.006170021086993034,0.7935683991034499,25,30,10
19,8744,0.00034363024206868377,0.199918002097418,0.006172188491040865,0.7935661791694731,25,30,10
19,8745,0.0003406169634455346,0.19991800209740937,0.006172071266812341,0.7935693096723335,25,30,10
19,8746,0.0003367854486481289,0.19991800210048744,0.0061674784529810135,0.793577733997884,25,30,10
19,8747,0.0003468210935829268,0.19991800210156804,0.006167537700846501,0.7935676391040032,25,30,10
19,8748,0.0003497463832667616,0.19991800210166544,0.006167546835846078,0.7935647046792225,25,30,10
19,8749,0.0003537088177289238,0.18116208035318151,0.02491950612801078,0.7935647047010792,25,30,10
19,8750,0.0003517292842838799,0.1811620803531108,0.024919501205393827,0.793566689157212,25,30,10
19,8751,0.0003555840519154289,0.18116208035315445,0.024827240411641017,0.7936550951832898,25,30,10
19,8752,0.0003555849853644646,0.1811620803531546,0.024827241837920188,0.7936550928235612,25,30,10
19,8753,0.0003625413636785417,0.18116208035364714,0.02482731359071326,0.7936480646919614,25,30,10
19,8754,0.0003623899023096681,0.18116208035176992,0.01878898265239417,0.7996865470935265,25,30,10
19,8755,0.00036543850580911,0.18112757585006672,0.018820438550682664,0.7996865470934421,25,30,10
19,8756,0.0003645616496797196,0.18112757585004044,0.01881573578452121,0.7996921267157592,25,30,10
19,8757,0.0003574420885518806,0.18112757584689246,0.01881573725774184,0.799699244806814,25,30,10
19,8758,0.00035036496075623367,0.181127575845821,0.01881568015873352,0.7997063790346892,25,30,10
19,8759,0.0003542722567395798,0.18115512458869953,0.018784224115192996,0.7997063790393679,25,30,10
19,8760,0.00035429078226811226,0.1811551245886638,0.018781932980749386,0.7997086516483185,25,30,10
19,8761,0.00035840548348096,0.1811510142689021,0.018781928584761663,0.7997086516628551,25,30,10
19,8762,0.0003653243620936225,0.18115101426893632,0.018781932236971978,0.7997017291319982,25,30,10
19,8763,0.0003613277410852044,0.1998754996918589,6.144345720837296e-05,0.7997017291098478,25,30,10
19,8764,0.0003634646978426766,0.19987549969181573,6.144293566580772e-05,0.7996995926746766,25,30,10
19,8765,0.00036048508060446084,0.19987549969183288,6.144371627986363e-05,0.7997025715112835,25,30,10
19,8766,0.0003565079996060913,0.19987549969179738,6.144265678663625e-05,0.7997065496518105,25,30,10
19,8767,0.00036449533562654993,0.1998754996919039,6.145042995967267e-05,0.7996985545425105,25,30,10
19,8768,0.0003713994833487772,0.19987549969192098,6.145061582610215e-05,0.7996916502089048,25,30,10
19,8769,0.0003712771580897126,0.19987549969192936,6.144869060860135e-05,0.7996917744593723,25,30,10
19,8770,0.00037513078489919744,0.19984963296462624,8.346179607976115e-05,0.799691774454395,25,30,10
19,8771,0.0003752364063076148,0.19988099162902212,5.199750547542849e-05,0.799691774459195,25,30,10
19,8772,0.00037619878763705655,0.19984855741553534,8.346933274422356e-05,0.7996917744640831,25,30,10
19,8773,0.0003732106598600849,0.19984855741552698,8.816918592326294e-05,0.7996900627386894,25,30,10
19,8774,0.000373105082521196,0.19984855741550117,9.47712072285615e-05,0.7996835662947487,25,30,10
19,8775,0.00037014443063419983,0.19984855741549162,9.476902466672212e-05,0.799686529129207,25,30,10
19,8776,0.00036322450886013935,0.19868363238511388,0.001266613981536788,0.7996865291244888,25,30,10
19,8777,0.00036418950915949083,0.19868363238515735,0.0012665013989734653,0.7996856767067091,25,30,10
19,8778,0.0003644192847943917,0.19868363238516534,0.001266529735814414,0.7996854185942255,25,30,10
19,8779,0.0003723463875231759,0.1986836323862439,0.0012688545827574543,0.7996751666434757,25,30,10
19,8780,0.00038003521034960983,0.1986836323863404,0.0012688336912947196,0.7996674987120156,25,30,10
19,8781,0.0003800356315445698,0.19868363238578757,0.0012687148507792457,0.7996676171318892,25,30,10
19,8782,0.00036898183474101654,0.19868363238568917,0.0012687046130297733,0.7996786811665406,25,30,10
19,8783,0.0004785152787199464,0.19868363238575198,0.001268854567966442,0.7995689977675616,25,30,10
19,8784,0.0003620775531926032,0.19868363238564524,0.0012687030326990467,0.799685587028463,25,30,10
19,8785,0.00036212919601423234,0.19868363238563633,0.001268701441764427,0.7996855369765847,25,30,10
19,8786,0.00036120003203798744,0.19868363238557424,0.0012640354045124228,0.7996911321778751,25,30,10
19,8787,0.0003511205959276553,0.19868363238451234,0.0012617117356694299,0.7997035352838903,25,30,10
19,8788,0.00035108542222482526,0.19868363238450404,0.0012617126584193433,0.7997035695348516,25,30,10
19,8789,0.0003542011315316803,0.19868363238449568,0.0012616767576781793,0.7997004897262942,25,30,10
19,8790,0.0003502786688299829,0.19870996258582058,0.0012392690238123042,0.799700489721537,25,30,10
19,8791,0.00034630310809079896,0.19870996258579493,0.0012392661866122688,0.7997044681195018,25,30,10
19,8792,0.0003484217761573357,0.19873912353570614,0.001207986566255289,0.7997044681218811,25,30,10
19,8793,0.0003485092239725528,0.19873912353560866,0.0012079766497780356,0.7997043905906409,25,30,10
19,8794,0.000348508958333077,0.19873912353560833,0.0012079766083585679,0.7997043908977003,25,30,10
19,8795,0.0003416077757269571,0.19873912353556691,0.001210253725503879,0.7997090149632027,25,30,10
19,8796,0.00034162265566744105,0.19873912353557568,0.0012102544159895347,0.7997089993927677,25,30,10
19,8797,0.00034468799394951697,0.1987391235355666,0.0012086318209605087,0.7997075566495232,25,30,10
19,8798,0.0003476861699673836,0.19873912353556678,0.0012086312800107168,0.7997045590144549,25,30,10
19,8799,0.0003475799343893577,0.1987392324621862,0.001208628593773055,0.7997045590096512,25,30,10
19,8800,0.00034558361003893826,0.19873923246224012,0.0012086345565314558,0.7997065493711892,25,30,10
19,8801,0.00034660539980248034,0.19873923246483519,0.0012086685394650171,0.7997054935958967,25,30,10
19,8802,0.000341610949368077,0.1987392324648708,0.001208671614143414,0.7997104849716169,25,30,10
19,8803,0.0003398944992270337,0.1987392324648369,0.00120866727686031,0.799712205759075,25,30,10
19,8804,0.00034788428385620484,0.1987392324648998,0.0012086718654628831,0.7997042113857805,25,30,10
19,8805,0.00034793862198274927,0.1987388166360304,0.0012090333631328818,0.7997042113788534,25,30,10
19,8806,0.00035616822515065915,0.1987388166369972,0.0012090925850442508,0.7996959225528076,25,30,10
19,8807,0.00035916554427912155,0.1987352651391993,0.001209646751596676,0.7996959225649246,25,30,10
19,8808,0.0003591658863585346,0.19990711032853611,3.780121784271797e-05,0.7996959225672624,25,30,10
19,8809,0.0003430342606211403,0.19990711032748162,3.7733218047970555e-05,0.7997121221938489,25,30,10
19,8810,0.00032812495762068523,0.1999071103273839,3.772421768136362e-05,0.7997270404973138,25,30,10
19,8811,0.00032527023130126537,0.1999071103274569,0.0004107540629836547,0.7993568653782581,25,30,10
19,8812,0.00032740959710498397,0.19990711032740577,0.0004107544031683672,0.7993547256723208,25,30,10
19,8813,0.00032439770095235777,0.19990711032739703,0.00041075471192649306,0.7993577372597238,25,30,10
19,8814,0.00032420476416665197,0.19990784679426732,0.00041021118214192026,0.7993577372594237,25,30,10
19,8815,0.00032415241873885926,0.19990776354684806,0.0004103467773268068,0.7993577372570858,25,30,10
19,8816,0.0003239590980657496,0.1999077635468559,0.00041034187340595926,0.7993579354816722,25,30,10
19,8817,0.00032690182427046866,0.19990776354685572,0.00041034160212552456,0.7993549930267482,25,30,10
19,8818,0.00032600630159611586,0.1999077635468571,0.00041034130266948,0.7993558888488772,25,30,10
19,8819,0.0003281231944722687,0.19990502837648985,0.0004109594368435937,0.7993558889921942,25,30,10
19,8820,0.0003282456842102573,0.19990502837648172,0.00041095916219120526,0.7993557667771168,25,30,10
19,8821,0.00032817592441753665,0.19990502837647248,0.0004109585150470285,0.7993558371840631,25,30,10
19,8822,0.000325177771376302,0.19990502837647262,0.00041096108102253633,0.7993588327711285,25,30,10
19,8823,0.00032221520143129785,0.19990780608203373,0.0004111459452800592,0.7993588327712549,25,30,10
19,8824,0.0005594485823469517,0.19990780608419684,0.00041133378639782484,0.7991214115470585,25,30,10
19,8825,0.0005533072147617178,0.19990780608368694,0.0004112974568095126,0.7991275892447424,25,30,10
19,8826,0.0021000827291161707,0.198358695187813,0.0004136325308372414,0.7991275895522343,25,30,10
19,8827,0.002104007070584367,0.19835869518786634,0.0004136804828356587,0.7991236172587142,25,30,10
19,8828,0.002104059727155631,0.198358695187884,0.0004136802698574002,0.7991235648151034,25,30,10
19,8829,0.002103130470017983,0.19835869518784924,0.00041367730653935677,0.7991244970355941,25,30,10
19,8830,0.0018629545990083982,0.19835869518568625,0.0004200938483034779,0.7993582563670024,25,30,10
19,8831,0.001862991360692028,0.19835869518566837,0.00042009300414497366,0.799358220449495,25,30,10
19,8832,0.001859994536432745,0.1983586951856772,0.0004200951686095768,0.799361215109281,25,30,10
19,8833,0.0018640321160865473,0.19835869518568802,0.00042009539368464206,0.7993571773045413,25,30,10
19,8834,0.0018609668974548226,0.19835869518569602,0.0004200949374410197,0.7993602429794087,25,30,10
19,8835,0.0018578816801777087,0.19835869518569363,0.00042008817336737373,0.7993633349607618,25,30,10
19,8836,0.0018647876126893753,0.19835869518577404,0.00042012426996107516,0.7993563929315761,25,30,10
19,8837,0.001875847549496551,0.19835869518585653,0.0004201321416921282,0.7993453251229554,25,30,10
19,8838,0.001867923335805683,0.19835869518576604,0.000420126249243205,0.7993532552291858,25,30,10
19,8839,0.0023251783026859425,0.19835869518586385,0.0004203214880529144,0.798895805023398,25,30,10
19,8840,0.0023210884157948333,0.19835869518584404,0.000420319062280871,0.798899897336081,25,30,10
19,8841,0.0023263150160955804,0.1983533260448327,0.0004204615930252992,0.7988998973460473,25,30,10
19,8842,0.002323319767510256,0.19835332604641207,0.000420463949393248,0.7989028902366853,25,30,10
19,8843,0.002382339438787495,0.1982942626389937,0.00042050767088567815,0.7989028902513339,25,30,10
19,8844,0.0023833921176657563,0.19829426263895691,0.00042050256059896813,0.798901842682779,25,30,10
19,8845,0.0025617487396738087,0.1981160388678688,0.00042036971211460424,0.7989018426803435,25,30,10
19,8846,0.0025615394967906397,0.1981160388678411,0.00042036909117083,0.798902052544198,25,30,10
19,8847,0.002561468768463221,0.19811603886778836,0.0004203662130857939,0.798902126150663,25,30,10
19,8848,0.0010177265610022649,0.199662063214638,0.0004180843787171226,0.7989021258456431,25,30,10
19,8849,0.0010166878816829416,0.1996620632120427,0.0004180511353295661,0.7989031977709453,25,30,10
19,8850,0.0010176502185051614,0.19966206321206997,0.0004180841712843212,0.798902202398141,25,30,10
19,8851,0.0010198399635129604,0.19966206321212415,0.0005483007414963111,0.798769796082867,25,30,10
19,8852,0.0010778598344943619,0.199662063212233,0.0005483234561132725,0.7987117534971595,25,30,10
19,8853,0.0006235482521340438,0.1996620632121444,0.0005481289451530612,0.7991662595905688,25,30,10
19,8854,0.0006144420923431777,0.19967165552856087,0.0005476429341387669,0.7991662594449573,25,30,10
19,8855,0.0006225427249792114,0.1996716555291412,0.0005410818461090285,0.799164719899771,25,30,10
19,8856,0.0006294631351646593,0.19968714009693872,0.0005186768707240051,0.7991647198971722,25,30,10
19,8857,0.0006255246381041368,0.1996871400968764,0.0005187066866897188,0.7991686285783294,25,30,10
19,8858,0.0006275032605072189,0.19968714009694705,0.00051882863592567,0.7991665280066199,25,30,10
19,8859,0.0006205801154641993,0.1996871400968575,0.0007704236117201384,0.798921856175958,25,30,10
19,8860,0.0006235253358168953,0.19968714009685737,0.0007704236256685069,0.7989189109416571,25,30,10
19,8861,0.0006154603998172662,0.199687140096285,0.0007703799160238293,0.7989270195878737,25,30,10
19,8862,0.0006124794229001797,0.19969031957034322,0.0007701814213530552,0.7989270195854035,25,30,10
19,8863,0.0006042551965683872,0.19969924752361246,0.000769477716499463,0.7989270195633194,25,30,10
19,8864,0.0006013115212218767,0.19969924752360277,0.0007694784000251612,0.79892996255515,25,30,10
19,8865,0.0006042814285936313,0.1996992475237352,0.0007647890151700473,0.7989316820325011,25,30,10
19,8866,0.0006014966945330022,0.19969924752364743,0.00076477919277186,0.7989344765890478,25,30,10
19,8867,0.0006022851896902272,0.19969924752364648,0.0007738876333135066,0.7989245796533497,25,30,10
19,8868,0.0006052673397512813,0.19969571379870146,0.0007744392082374238,0.7989245796533099,25,30,10
19,8869,0.0005992758948837721,0.19970151318942922,0.0007746312551072678,0.7989245796605797,25,30,10
19,8870,0.0006012926849875927,0.19969968909343583,0.0007744385729847263,0.7989245796485919,25,30,10
19,8871,0.0006042882707650722,0.1996966839625977,0.0007744481180039411,0.7989245796486334,25,30,10
19,8872,0.0005493876993958012,0.19969668396248924,0.0007743447430129912,0.7989795835951018,25,30,10
19,8873,0.0005524913248200998,0.19969668396252613,0.0007743473507793731,0.7989764773618744,25,30,10
19,8874,0.000549579318041549,0.19798216539177008,0.002491777928190221,0.7989764773619982,25,30,10
19,8875,0.00031250151346683933,0.1982193364132699,0.0024916847113561954,0.7989764773619068,25,30,10
19,8876,0.0003194212980803429,0.19821933641330478,0.002491803544724069,0.7989694387438904,25,30,10
19,8877,0.00032245299288233655,0.1986938407326117,0.002014267530696892,0.7989694387438085,25,30,10
19,8878,0.000319375217323259,0.19869384073257554,0.0020142664780559614,0.7989725175720447,25,30,10
19,8879,0.00031935844550617877,0.19869384073258192,0.002011984958570648,0.7989748158633408,25,30,10
19,8880,0.0003193058870781865,0.19869384073257368,0.002005380442139271,0.7989814729382089,25,30,10
19,8881,0.000333737954892333,0.1998883818352052,0.0007964072541645521,0.7989814729557377,25,30,10
19,8882,0.0003316180854664244,0.19988838183525817,0.0007964100628896005,0.7989835900163855,25,30,10
19,8883,0.0003314960053376962,0.19988838183519508,0.00042338071131038787,0.7993567414481566,25,30,10
19,8884,0.0003149270634824004,0.1999364217505925,0.0003919097506189007,0.7993567414353059,25,30,10
19,8885,0.00031278934240717163,0.19993642175063805,0.00039418947975874215,0.7993565994271957,25,30,10
19,8886,0.00031277327730227887,0.19993642175063717,0.0003941888641578498,0.7993566161079027,25,30,10
19,8887,0.00037983261840897125,0.19985822778906426,0.00040532279721252934,0.7993566167953141,25,30,10
19,8888,0.00038981869396377544,0.19985822778909973,0.000405325284918359,0.7993466282320182,25,30,10
19,8889,0.00039079963838519887,0.1998582277891428,0.000405357534184214,0.7993456150382879,25,30,10
19,8890,0.0003928307859894256,0.1998561991333404,0.0004053550469781762,0.7993456150336921,25,30,10
19,8891,0.0003958970878640042,0.19985619913333177,0.00040535639977637823,0.7993425473790279,25,30,10
19,8892,0.0003959636499758347,0.19985619913334055,0.00040527454477342457,0.7993425626719106,25,30,10
19,8893,0.0003850129828895242,0.19985619913327032,0.00040526953758330257,0.7993535183462572,25,30,10
19,8894,0.0003149057397177774,0.1999374503836952,0.0003941262177849298,0.7993535176588026,25,30,10
19,8895,0.00031780529725697045,0.1999374503838003,0.00039641185836367473,0.7993483324605793,25,30,10
19,8896,0.0003206091187225792,0.19993745038222868,0.0003964075545320449,0.799345532944517,25,30,10
19,8897,0.0003206260294169582,0.1999374503822377,0.00014477643755268364,0.799597147150793,25,30,10
19,8898,0.0003176123404556809,0.19993745038221086,0.00014477493909456217,0.7996001623382396,25,30,10
19,8899,0.0003146875784544953,0.19993745038210448,0.00014248747751160535,0.79960537456193,25,30,10
19,8900,0.0003077697150827789,0.19993745038206945,0.00014236870462962275,0.7996124111982188,25,30,10
19,8901,0.0003078386898347662,0.1999374503820794,0.00014236940087924638,0.7996123415272072,25,30,10
19,8902,0.0003079079578208054,0.19993745038209773,0.00014236929179153312,0.7996122723682906,25,30,10
19,8903,0.00030881965038384243,0.19993745038211494,0.00014237199813212206,0.7996113579693698,25,30,10
19,8904,0.0003088024633818986,0.1999374503820256,1.2122406154068001e-05,0.7997416247484392,25,30,10
19,8905,0.00031180138631662957,0.19993745038200855,1.3743849664546539e-05,0.7997370043820111,25,30,10
19,8906,0.000314797472691936,0.19993745038202593,1.3857964147520429e-05,0.7997338941811354,25,30,10
19,8907,0.00031181804562178305,0.19993745038201705,1.3859358733015468e-05,0.7997368722136288,25,30,10
19,8908,0.00031383278524848304,0.19993745038199073,1.3856005381112647e-05,0.7997348608273803,25,30,10
19,8909,0.00031364244438772794,0.19993745038199923,1.385458613385793e-05,0.7997350525874799,25,30,10
19,8910,0.0003106852007336205,0.19993745038199034,1.3738597381910845e-05,0.7997381258198948,25,30,10
19,8911,0.0003078816658711793,0.19993745038201768,1.3740631901485077e-05,0.7997409273202103,25,30,10
19,8912,0.0007729339156431155,0.199472089964307,1.4048785368659144e-05,0.7997409273346819,25,30,10
19,8913,0.0007729336507315797,0.19947208996430682,1.404878743878803e-05,0.7997409275975237,25,30,10
19,8914,0.000941146667414523,0.19947208996444046,1.4353911937409604e-05,0.7995724094562084,25,30,10
19,8915,0.0009441426139479983,0.19947208996443233,1.4353839263890075e-05,0.7995694135823571,25,30,10
19,8916,0.0009481872585150561,0.1994720899644766,1.4357512988894758e-05,0.7995653652640207,25,30,10
19,8917,0.0009508674101327236,0.1994694220202466,1.4345317808074568e-05,0.7995653652518135,25,30,10
19,8918,0.0009508167308113912,0.19946942202025536,1.4345841826071256e-05,0.799565415407108,25,30,10
19,8919,0.0009476975307050522,0.19946942202025578,1.4344438765072035e-05,0.7995685360102749,25,30,10
19,8920,0.0010711622767501485,0.19946942202246096,1.4640192189160532e-05,0.7994447755086003,25,30,10
19,8921,0.001075138124932182,0.19946942202248738,1.4758922969642691e-05,0.7994406809296112,25,30,10
19,8922,0.0010742088872738816,0.1994694220224525,1.4728873148194335e-05,0.7994416402171257,25,30,10
19,8923,0.0011409468410539497,0.19946942202611143,1.494358671984042e-05,0.7993746875461152,25,30,10
19,8924,0.0011380206436265529,0.1994694220261467,1.4947176217578462e-05,0.7993776101540097,25,30,10
19,8925,0.0011480044846917546,0.19946942202618265,0.006251960694843121,0.7931306127942829,25,30,10
19,8926,0.0011480402647290153,0.19946942202619095,0.006251959263932002,0.7931305784451484,25,30,10
19,8927,0.0013214231268969335,0.19946942202569573,0.006252008091061486,0.7929571467563463,25,30,10
19,8928,0.0013243490363854893,0.1994694220256604,0.00625200714541526,0.7929542217925394,25,30,10
19,8929,0.0013243843237450853,0.1994694220256776,0.006249784879681866,0.7929564087708961,25,30,10
19,8930,0.0017876157596458276,0.19946942202890558,0.006250105774860249,0.7924928564365891,25,30,10
19,8931,0.0017876206695025692,0.19946942202888857,0.006250106999496819,0.7924928503021128,25,30,10
19,8932,0.0017905480492573212,0.19946942202888773,0.00625010812280337,0.7924899217990523,25,30,10
19,8933,0.001793543909096592,0.19946942202892604,0.006250113110048457,0.7924869209519297,25,30,10
19,8934,0.0015542814715618625,0.19946942202577045,0.006249851144443044,0.7927264453582255,25,30,10
19,8935,0.0013900445261592947,0.19946942202567153,0.006249548972087681,0.7928909844760823,25,30,10
19,8936,0.0013900084708745619,0.1994694220256636,0.006249550354114112,0.7928910191493485,25,30,10
19,8937,0.0013940530861325144,0.19946942202570778,0.006249552596469516,0.792886972291691,25,30,10
19,8938,0.0013911285487317843,0.1994694220272778,0.006249554846255074,0.792889894577736,25,30,10
19,8939,0.001391988199088967,0.1994694220273116,0.0062495577366740865,0.7928890320369263,25,30,10
19,8940,0.0013840876695538373,0.19946942202724954,3.4337924136262436e-06,0.7991430565107841,25,30,10
19,8941,0.001382164935235324,0.1994694220272687,3.4492965424780896e-06,0.7991449637409547,25,30,10
19,8942,0.0013821824626999853,0.1994694220272693,3.4485232076407115e-06,0.799144946986824,25,30,10
19,8943,0.001382234458674869,0.19946942202727821,3.448589769937741e-06,0.7991448949242779,25,30,10
19,8944,0.00137520396931693,0.1994694220272427,3.446093230711241e-06,0.7991519279102108,25,30,10
19,8945,0.001373136746658537,0.19946942202724005,3.4441727603682936e-06,0.7991539970533421,25,30,10
19,8946,0.0013731197229334172,0.19946943700527267,3.4462185791385313e-06,0.7991539970532157,25,30,10
19,8947,0.0013731209529874893,0.19946943700527417,0.00026970372266212794,0.7988877383190772,25,30,10
19,8948,0.001374066512103814,0.19946806679313972,0.00027012836129321427,0.7988877383334638,25,30,10
19,8949,0.0012535441791764633,0.1994680667909346,0.000269832105214143,0.7990085569246755,25,30,10
19,8950,0.0007886147442645818,0.19993330325778147,0.0002695250877081402,0.7990085569102463,25,30,10
19,8951,0.0007904698566049284,0.1999333032577531,0.00026953941073933204,0.7990066874749033,25,30,10
19,8952,0.0007943921323197685,0.19993330325777936,0.0002695424473620844,0.7990027621625395,25,30,10
19,8953,0.0007844070319394131,0.19993330325773515,0.00026954001081895817,0.7990127496995072,25,30,10
19,8954,0.0007883818673079523,0.19993330325777003,0.00027113471547898815,0.7990071801594438,25,30,10
19,8955,0.0007953007741966346,0.19993330325780437,0.0002711889363109375,0.7990002070316885,25,30,10
19,8956,0.0007954078430664365,0.19993330325784964,0.00027130869333464913,0.7989999802057498,25,30,10
19,8957,0.0007924419655912774,0.19993571751806133,0.0002718603104748829,0.7989999802058725,25,30,10
19,8958,0.0007923887350795858,0.19993571751805106,5.601991771378499e-06,0.7992662917550983,25,30,10
19,8959,0.0007952609970212121,0.19993283967272102,5.607574952619073e-06,0.7992662917553054,25,30,10
19,8960,0.0007992012837024334,0.1999328396727476,5.519906636716799e-06,0.7992624391369135,25,30,10
19,8961,0.0008053459266156538,0.19992667723889546,5.537685398054523e-06,0.7992624391490911,25,30,10
19,8962,0.0008054337805563994,0.19992713952000277,4.987550429741979e-06,0.7992624391490114,25,30,10
19,8963,0.0008015133234167107,0.1999271395199596,5.024464580250716e-06,0.7992663226920436,25,30,10
19,8964,0.0008036501829212058,0.19992713951991578,5.022471064874072e-06,0.7992641878260982,25,30,10
19,8965,0.0010427484000889067,0.19992713952155017,0.00025538332380460507,0.7987747287545559,25,30,10
19,8966,0.0005804437117683881,0.19992713951835775,0.00025506491299377856,0.7992373518568793,25,30,10
19,8967,0.0005765007314611919,0.19992713951839466,0.0002549507757681604,0.7992414089743753,25,30,10
19,8968,0.0005695495746004936,0.19992713951835214,0.0002534806995535901,0.7992498302074934,25,30,10
19,8969,0.0005716172279937163,0.19992713951831698,0.00025347824577845923,0.7992477650079105,25,30,10
19,8970,0.0010257675588884962,0.19992713951835184,0.0002536687582024124,0.7987934241645571,25,30,10
19,8971,0.001028746554657007,0.19992713951830748,0.00025366461509896933,0.798790449311936,25,30,10
19,8972,0.0010306036438907872,0.1999252801206878,0.000253666911541308,0.7987904493238799,25,30,10
19,8973,0.0010276031632657516,0.19992528012069546,0.0002536269432578417,0.7987934897727804,25,30,10
19,8974,0.00102760320299609,0.19992528012069502,0.00025357574108383386,0.7987935409352247,25,30,10
19,8975,0.0010276557474698913,0.19991749650209098,0.0002613068152138583,0.7987935409352249,25,30,10
19,8976,0.001026801791974566,0.19991749650204796,0.0002613036629471371,0.7987943980430299,25,30,10
19,8977,0.0010258735281911007,0.19991749650202184,0.00026130082254308633,0.7987953291472434,25,30,10
19,8978,0.0010290109026708071,0.19991749650204976,0.0002613023877562745,0.7987921902075235,25,30,10
19,8979,0.0010220568202936333,0.1999174965020065,0.00026358390914034375,0.7987968627685598,25,30,10
19,8980,0.0005678362568683125,0.19991749650194376,0.00026336498614546946,0.7992513022550427,25,30,10
19,8981,0.0006377013419814554,0.19991749650462443,0.0002635936666618697,0.7991812084867324,25,30,10
19,8982,0.0006345857796394527,0.19991749650465254,0.00026197658133853084,0.7991859411343697,25,30,10
19,8983,0.0006346187238943471,0.19991749650466023,0.00026182150880342666,0.799186063262642,25,30,10
19,8984,0.000633674477060332,0.1999174965046083,0.0003912488982450585,0.7990575801200867,25,30,10
19,8985,0.0006335988003642864,0.19991749650460772,0.00039124841809870227,0.7990576562769296,25,30,10
19,8986,0.000631675156843879,0.1999194196202569,0.00039124895795729586,0.7990576562649423,25,30,10
19,8987,0.0006385961853768982,0.19991941962028315,0.0003912517830557429,0.7990507324112844,25,30,10
19,8988,0.0006346196369641023,0.19991941962023965,0.0003913640365539619,0.7990545967062427,25,30,10
19,8989,0.00039532855316810856,0.19991941961703494,0.00014100116054031368,0.7995442506692569,25,30,10
19,8990,0.00039550406206901386,0.19991941961706167,0.00014100010603415548,0.7995440762148359,25,30,10
19,8991,0.0003895112973288366,0.1999194196170615,0.00014100015932311277,0.7995500689262873,25,30,10
19,8992,0.00039252021303251555,0.19991941961709553,0.00014099977603783346,0.7995470603938348,25,30,10
19,8993,0.0003945547435155909,0.1999194196170963,0.0001409988464553576,0.7995450267929336,25,30,10
19,8994,0.00039760235912342934,0.1999194196170958,0.0001409980614608444,0.7995419799623207,25,30,10
19,8995,0.0003945707761269072,0.19991941961709678,0.00014099793674320646,0.7995450116700339,25,30,10
19,8996,0.00039658612989635267,0.19991941961706108,0.00014099490095334315,0.7995429993520898,25,30,10
19,8997,0.00039455627718974046,0.19992143914824873,0.0001410052178335583,0.7995429993567285,25,30,10
19,8998,0.0003936266610544883,0.19992182714764384,0.00014154683925216805,0.79954299935205,25,30,10
19,8999,0.0003936786469687388,0.19992182714767184,0.0001415489358140835,0.7995429452695458,25,30,10
19,9000,0.0003938016024526334,0.19992182714768122,0.00014155203623026036,0.7995428192136363,25,30,10
19,9001,0.00039376972923713165,0.19992958960683832,0.0001338214381294487,0.7995428192257955,25,30,10
19,9002,0.000391843361882723,0.1999295896068836,0.00013371358014059836,0.7995448534510936,25,30,10
19,9003,0.0003917041959098493,0.19992958960686494,0.00013371218683084165,0.7995449940103947,25,30,10
19,9004,0.0003955390257782494,0.1999295896068901,0.00013371585904718947,0.7995411555082845,25,30,10
19,9005,0.0003894289657847155,0.19990386393049353,0.00016555160774109833,0.7995411554959807,25,30,10
19,9006,0.00039243911770507677,0.19990041511380588,0.00016599025988914571,0.7995411555085999,25,30,10
19,9007,0.00039247439035321115,0.19990041511374315,0.00016598898137797788,0.799541121514526,25,30,10
19,9008,0.00039249233043894333,0.19993224805486023,0.00013413810030036796,0.7995411215144008,25,30,10
19,9009,0.00039578534501892994,0.19993224805488946,0.00013414308046334086,0.7995378235196285,25,30,10
19,9010,0.00039492900223324384,0.19993224805483734,0.00013413974785461455,0.7995386831950756,25,30,10
19,9011,0.00039692647948895166,0.1999308111097066,0.00013357923245463122,0.7995386831783493,25,30,10
19,9012,0.00040894729275119606,0.1999308111097621,0.00013362014532188588,0.7995266214521644,25,30,10
19,9013,0.0004058981315852707,0.1999308111097627,0.0001336221642127363,0.7995296685944387,25,30,10
19,9014,0.0004059342001599822,0.1999308111097713,0.00013137755707573817,0.7995318771329929,25,30,10
19,9015,0.0004028862505021243,0.19993081110977143,0.00013137551110492656,0.7995349271286213,25,30,10
19,9016,0.0004058812548096314,0.1999281778036385,0.00013101381297325735,0.7995349271285785,25,30,10
19,9017,0.0004037962973631609,0.199899236841757,0.00016203974015896724,0.7995349271207207,25,30,10
19,9018,0.00040377560573252045,0.1998987079697551,0.00016258931595011013,0.7995349271085621,25,30,10
19,9019,0.00040675174407438583,0.19989870796980935,0.00016263580300048916,0.7995319044831156,25,30,10
19,9020,0.00040660986748705067,0.19989870796979084,0.00016425485240057037,0.7995304273103209,25,30,10
19,9021,0.0004066112281908045,0.19989870796979115,0.00016425537345011443,0.7995304254285673,25,30,10
19,9022,0.0004066472431832694,0.1998987079698,0.00016428351883583425,0.7995303612681804,25,30,10
19,9023,0.00040459806617612566,0.1999009346255851,0.00016410603521016886,0.7995303612730282,25,30,10
19,9024,0.0004036161583242408,0.19990192803007314,0.0001640945433763207,0.7995303612682259,25,30,10
19,9025,0.00040340544319973013,0.19990192803008905,0.00016409283399018446,0.7995305736927208,25,30,10
19,9026,0.00040333165615295965,0.1999019280301061,0.00016409312232151902,0.7995306471914193,25,30,10
19,9027,0.00040140598273558494,0.19990192803004503,0.00016397278999336483,0.7995326931972258,25,30,10
19,9028,0.00046148491707439566,0.199901928030146,0.0001640905112214872,0.7994724965415579,25,30,10
19,9029,0.000460484556950949,0.19990192803011106,0.00016408520338888745,0.7994735022095492,25,30,10
19,9030,0.00046564084966033414,0.19989672553330018,0.0001641312521958933,0.7994735023648437,25,30,10
19,9031,0.000533372192716575,0.19989672553750115,0.00016437943833703923,0.7994055228314452,25,30,10
19,9032,0.0005363672673629704,0.19989672553750928,0.0001643782010625259,0.7994025289940652,25,30,10
19,9033,0.0005333384419215176,0.19989672553744653,0.00017089597951826116,0.7993990400411133,25,30,10
19,9034,0.0005363703758500825,0.1998967255374636,0.0002631583384375616,0.7993037457482481,25,30,10
19,9035,0.0006062363706864546,0.1998967255396621,0.0002633858413307124,0.79923365224832,25,30,10
19,9036,0.0006062373250062908,0.19989672553966226,0.0002633851964119773,0.7992336519389187,25,30,10
19,9037,0.0005992813987197809,0.19989672553960983,0.0002633805524799506,0.7992406125091898,25,30,10
19,9038,0.0006013311252451634,0.1999261430186849,0.00023191335151559526,0.7992406125045539,25,30,10
19,9039,0.0005983360540789742,0.19992968089980995,0.00023137054155711347,0.7992406125045537,25,30,10
19,9040,0.0005983511444572262,0.19992968089981009,0.00022476741116481922,0.7992472005445674,25,30,10
19,9041,0.0008346276006996141,0.1999296809029925,0.00022495314738363753,0.799010738348924,25,30,10
19,9042,0.000837608555122119,0.1999296809030008,0.00022503519114515266,0.7990076753507316,25,30,10
19,9043,0.0008325032761165827,0.19993483232288856,0.00022498920572777372,0.7990076751952665,25,30,10
19,9044,0.0008406354335726178,0.1999348323229798,0.0002249973204744324,0.7989995349229727,25,30,10
19,9045,0.0006073545413983694,0.1999348323197878,0.00022478288688939377,0.7992330302519242,25,30,10
19,9046,0.0006052357942364167,0.19993483231983197,0.0002247867549967448,0.7992351451309347,25,30,10
19,9047,0.0006081792586424999,0.1999348323198321,0.0002247867378574868,0.7992322016836679,25,30,10
19,9048,0.0006080910207424923,0.19993483231977813,0.00022478445655132272,0.7992322922029281,25,30,10
19,9049,0.0006050774905357728,0.1999348323197065,0.0002247807323417183,0.7992353094574165,25,30,10
19,9050,0.000603028379586528,0.19993483231977738,0.00022478467492749902,0.799237354625709,25,30,10
19,9051,0.0006020122202733545,0.1999348323197856,0.0002232543260308193,0.7992399011339105,25,30,10
19,9052,0.000599052795512835,0.19993483231977666,0.00022325376054263915,0.7992428611241681,25,30,10
19,9053,0.0006010502615756265,0.1999348323197147,0.00022324881204483597,0.7992408686066651,25,30,10
19,9054,0.0006120694698800135,0.19993483231978554,0.00022325443966671307,0.799229843770668,25,30,10
19,9055,0.0006121070841270566,0.19993483231979386,0.00022325729356878254,0.7992298033025105,25,30,10
19,9056,0.0006120889309214835,0.1999348323197929,0.00022325534055306337,0.7992298234087327,25,30,10
19,9057,0.0006130712209927151,0.19990238885072423,0.0002547165148238244,0.7992298234134596,25,30,10
19,9058,0.0006130893528943696,0.19990238885073378,0.00025475616737801387,0.7992297656289941,25,30,10
19,9059,0.0006131570603039622,0.19990238885075162,0.0002547560285970598,0.7992296980603477,25,30,10
19,9060,0.0005462331740520411,0.19990238884855252,0.0002545275234439962,0.7992968504539516,25,30,10
19,9061,0.0005461965073686519,0.19990238884854375,0.0002545298412496801,0.799296884802838,25,30,10
19,9062,0.0004853865204145774,0.199902388844378,0.0002542846870165906,0.799357939948191,25,30,10
19,9063,0.00048167257625155656,0.19990238884433606,0.00025428316798468574,0.7993616554114279,25,30,10
19,9064,0.0004816729169201293,0.199902388844337,0.0002542852941206045,0.7993616529446227,25,30,10
19,9065,0.00047960555260091747,0.19990238884437223,0.00025428831913191694,0.7993637172838955,25,30,10
19,9066,0.00047965511603873694,0.19990238884439698,0.00013140750236101037,0.7994865485372037,25,30,10
19,9067,0.000479586143134003,0.1999023888443702,0.00012480115429884696,0.7994932238581974,25,30,10
19,9068,0.0004805141677611214,0.19990238884440475,0.00012492000331996997,0.7994921769845145,25,30,10
19,9069,0.00047751909370882475,0.19990238884439615,0.00012503593802564884,0.7994950561238698,25,30,10
19,9070,0.00059219502645531,0.1999023888445132,0.0001250706901327038,0.7993803454388992,25,30,10
19,9071,0.0005961708412692028,0.19990238884453948,0.00012507356100065821,0.7993763667531907,25,30,10
19,9072,0.0005962406217475305,0.19990231846367545,0.00012507416134454602,0.7993763667532323,25,30,10
19,9073,0.0005924061608270217,0.19990231846368559,0.0001250774243093882,0.7993801979511779,25,30,10
19,9074,0.0005923375043971938,0.19990231846366646,0.00012511453058141814,0.7993802295013548,25,30,10
19,9075,0.0005923753540649506,0.1999023184636754,0.0001252280309172488,0.7993800781513424,25,30,10
19,9076,0.0005325044422531887,0.19990231846361098,0.00012511319486213898,0.7994400638992739,25,30,10
19,9077,0.0005346425080129106,0.19990231846356749,0.00012499520614052807,0.7994380438222792,25,30,10
19,9078,0.0005345912505591345,0.19990231846359405,3.285720949514213e-05,0.7995302330763517,25,30,10
19,9079,0.0005347138653962565,0.19990231846354983,3.285206110903724e-05,0.799530115609945,25,30,10
19,9080,0.0005346981474102788,0.19990231846354106,3.285093508506924e-05,0.7995301324539636,25,30,10
19,9081,0.0005416901109219846,0.1999023184635669,3.293752356867966e-05,0.7995230539019426,25,30,10
19,9082,0.0005416724923236725,0.19990233244982908,3.294115122863918e-05,0.7995230539066188,25,30,10
19,9083,0.000430008942101595,0.19990233244973,3.279117277997313e-05,0.7996348674353885,25,30,10
19,9084,0.0004298884720489764,0.1999024532356587,3.279085460364444e-05,0.7996348674376889,25,30,10
19,9085,0.0004300102042108234,0.19990245323565023,3.271069020742225e-05,0.7996348258699311,25,30,10
19,9086,0.00043000871954002067,0.19990245323564945,3.2594769361258614e-05,0.7996349432754488,25,30,10
19,9087,0.00043301994397702197,0.19990245323566744,3.259306070934754e-05,0.7996319337596457,25,30,10
19,9088,0.00043302189702829253,0.19988005474794615,5.498959525934834e-05,0.7996319337597656,25,30,10
19,9089,0.00043999467148044506,0.1998800547479812,5.495312431589369e-05,0.7996249974562218,25,30,10
19,9090,0.0004369101487425923,0.1998800547479823,5.4951830778172536e-05,0.7996280832724963,25,30,10
19,9091,0.00043783888313276745,0.19988005474801768,5.4984745457013346e-05,0.7996271216233919,25,30,10
19,9092,0.00043978306734002306,0.19988005474808695,5.4989648891730175e-05,0.7996251725356807,25,30,10
19,9093,0.0004368396463244481,0.19988005474808712,5.4989175560440356e-05,0.7996281164300272,25,30,10
19,9094,0.0004339888866648447,0.199272995962272,0.0006648987167434619,0.7996281164343191,25,30,10
19,9095,0.00043302492043847057,0.19927299596223716,0.0006648988190340162,0.7996290802982899,25,30,10
19,9096,0.000432095250536245,0.19927299596220177,0.0006648663685733326,0.7996300424186882,25,30,10
19,9097,0.000432047523079923,0.1992729959622747,0.0006672125708486632,0.7996277439437965,25,30,10
19,9098,0.0004320327244083125,0.19927299596226722,0.0006673279112200792,0.7996276434021042,25,30,10
19,9099,0.00043001886708013886,0.19927299596223133,0.0006672338720151147,0.799629751298673,25,30,10
19,9100,0.0004280054719960119,0.1992729959622839,0.0006672666169457115,0.7996317319487746,25,30,10
19,9101,0.00043590582291786866,0.19927299596234538,0.0006672710343975751,0.7996238271803396,25,30,10
19,9102,0.00043399733193809483,0.19927299596230189,0.0006672664385669767,0.7996257402671934,25,30,10
19,9103,0.00044417934623918473,0.19927299596226875,0.0006672728444786575,0.7996155518470138,25,30,10
19,9104,0.00044510819975969505,0.19927299596229475,0.0006673043712462048,0.7996145914666996,25,30,10
19,9105,0.00044906268936939763,0.19927299596239936,0.000667358598002523,0.7996105827502292,25,30,10
19,9106,0.0004409461743757313,0.19927299596239714,0.0006673102140708997,0.7996187476491567,25,30,10
19,9107,0.0004301725818256583,0.19927299596233616,0.0006673324244608897,0.7996294990313778,25,30,10
19,9108,0.00043014922072874974,0.19927299596226336,0.0006649852207824912,0.7996318695962259,25,30,10
19,9109,0.00042609935100960754,0.19927299596223658,0.0006648985449092139,0.7996360061418448,25,30,10
19,9110,0.00042296092082468105,0.19927299596226594,0.0006715044710173892,0.7996325386458927,25,30,10
19,9111,0.0004249746427162199,0.1993024433997487,0.0006400433162442425,0.7996325386412912,25,30,10
19,9112,0.0004636215326803826,0.19930244340014114,0.0068816824481145265,0.7933522526190644,25,30,10
19,9113,0.0004664949659799145,0.19930244340011835,0.006875075013445736,0.7933559866204564,25,30,10
19,9114,0.0004662341408227656,0.19930244340007333,0.00687507153113822,0.7933562509279659,25,30,10
19,9115,0.00046923190404262876,0.1992990523867053,0.006875464773903156,0.793356250935349,25,30,10
19,9116,0.0004691790251746339,0.1992990523867136,0.006875464929904255,0.7933563036582075,25,30,10
19,9117,0.0004652032175808038,0.19929905238668724,0.006967725055285269,0.7932680193404466,25,30,10
19,9118,0.0004623978029110312,0.19929905238671453,0.006875463610273302,0.793363086200101,25,30,10
19,9119,0.00045424711079847024,0.1992990523865968,0.00688205742420693,0.793364643078398,25,30,10
19,9120,0.0004352241488903578,0.1992990523864368,0.0068819603324857094,0.7933837631321873,25,30,10
19,9121,0.0004320168376092512,0.1992990523864443,0.00688207570830165,0.7933868550676446,25,30,10
19,9122,0.000431225783097685,0.19929905238641016,0.006882044320662028,0.7933876775098302,25,30,10
19,9123,0.00039159708178411413,0.19929905238598253,0.000640373519979859,0.7996689770122535,25,30,10
19,9124,0.00039156007493977335,0.19929905238597406,0.0006402626214401003,0.7996691249176461,25,30,10
19,9125,0.00038862502418244226,0.1992990523859744,0.0006449625871314521,0.7996673600027115,25,30,10
19,9126,0.0003218248043963593,0.19929905238331153,0.000644817372568461,0.7997343054397236,25,30,10
19,9127,0.000321826962337405,0.19929905238331216,0.0006448173683270959,0.7997343032860234,25,30,10
19,9128,0.00032202270092146756,0.19929905238330434,0.0006449023038785696,0.7997340226118956,25,30,10
19,9129,0.0003251238231707504,0.19929905238330484,0.000644899710287939,0.7997309240832365,25,30,10
19,9130,0.00032505745180240415,0.1992990523833141,0.0006448150091751964,0.7997310751557084,25,30,10
19,9131,0.00031707082195932176,0.19929905238324305,0.0006448083405951405,0.7997390684542023,25,30,10
19,9132,0.00031393203633528683,0.19929905238325105,0.0006447234228370582,0.7997422921575764,25,30,10
19,9133,0.0003137564569772062,0.19929905238322426,0.0006446969512998638,0.7997424942084989,25,30,10
19,9134,0.0003167355605863782,0.19929905238323253,0.0006446919084470971,0.799739520147734,25,30,10
19,9135,0.00032082275890210984,0.19929905238329793,0.0006447022837494414,0.7997354225740504,25,30,10
19,9136,0.00032388733333050786,0.19929905238331588,0.0006447035443564293,0.7997323567389971,25,30,10
19,9137,0.0003270063929158489,0.19929905238331652,0.0006447055459575842,0.7997292356778103,25,30,10
19,9138,0.00032984019939587836,0.19990599483535265,3.49292965340021e-05,0.799729235668718,25,30,10
19,9139,0.0003297725501557965,0.19990599483534346,3.492812928368121e-05,0.7997293044852174,25,30,10
19,9140,0.00032689625383825366,0.19990599483535235,3.493007652223567e-05,0.7997321788342876,25,30,10
19,9141,0.0003300317765924877,0.1999059948353445,3.4931493990604134e-05,0.7997290418940728,25,30,10
19,9142,0.0003300293559768368,0.19990599483534247,3.481745452890706e-05,0.799729158354152,25,30,10
19,9143,0.0003299858083422858,0.1999059948353341,3.019837608887663e-05,0.7997338209802349,25,30,10
19,9144,0.0003329667072498787,0.19990599483534258,3.0196660717327807e-05,0.7997308417966904,25,30,10
19,9145,0.00034074436662242017,0.19990599483542973,3.020188318438574e-05,0.7997230589147635,25,30,10
19,9146,0.00034160472479405666,0.19990599483544633,3.020354294367857e-05,0.7997221968968161,25,30,10
19,9147,0.0003415067787574604,0.19990599483549076,3.0207524981521058e-05,0.7997222908607706,25,30,10
19,9148,0.00033856259206104336,0.19990892971612811,3.0216838424212846e-05,0.7997222908533872,25,30,10
19,9149,0.00033870210844509635,0.19990892351777734,3.008352026888656e-05,0.7997222908535094,25,30,10
19,9150,0.00032778892650944347,0.1999089235176981,3.007688285575036e-05,0.7997332106729376,25,30,10
19,9151,0.0003287853029053297,0.1999089235177162,3.007922030471759e-05,0.7997322119590744,25,30,10
19,9152,0.00032880415474783264,0.1999089235177527,3.008387318218339e-05,0.7997321884543181,25,30,10
19,9153,0.00032766544888304037,0.19987820269442247,6.194339285285906e-05,0.7997321884638425,25,30,10
19,9154,0.00033558323493051593,0.19987820269449347,6.194952794551997e-05,0.7997242645426312,25,30,10
19,9155,0.000335650422515197,0.19990034154045733,3.9743484653536896e-05,0.799724264552375,25,30,10
19,9156,0.00033558058430002116,0.19990034154043074,3.9857907026484006e-05,0.7997242199682436,25,30,10
19,9157,0.00033256604382582417,0.19990034154038622,3.9732337185851646e-05,0.7997273600786028,25,30,10
19,9158,0.0003326183353271771,0.19990028690960848,3.9734676458775404e-05,0.799727360078606,25,30,10
19,9159,0.00033561341097205355,0.1999002869096169,3.9621156213017225e-05,0.7997244785231985,25,30,10
19,9160,0.0003336863838343676,0.19993408046069785,7.754637073427853e-06,0.7997244785183948,25,30,10
19,9161,0.0005671587233291017,0.1999340804629302,8.057169516020403e-06,0.7994907036442251,25,30,10
19,9162,0.0005701032626136024,0.19993408046293062,8.057206524369657e-06,0.7994877590679317,25,30,10
19,9163,0.0005731157951219144,0.19993408046293967,8.140299596087244e-06,0.7994846634423428,25,30,10
19,9164,0.0005731674404946458,0.19993408046293187,8.142242418172234e-06,0.7994846098541558,25,30,10
19,9165,0.0005701878043651993,0.19993408046294875,1.0419940986410854e-05,0.7994853117917002,25,30,10
19,9166,0.0005770916465913469,0.19993408046297487,8.143353486438208e-06,0.7994806845369479,25,30,10
19,9167,0.0005771068415589654,0.19993408046298422,8.143356110385527e-06,0.7994806693393468,25,30,10
19,9168,0.0005850531938814584,0.19993408046300934,8.145426170897951e-06,0.7994727209169387,25,30,10
19,9169,0.0005750678320829984,0.19993408046298244,8.143196916901306e-06,0.7994827085080176,25,30,10
19,9170,0.0005750681942582974,0.19993408046301953,8.147937386874977e-06,0.7994827034053352,25,30,10
19,9171,0.0005950926878913053,0.19993408046530045,3.927274400097183e-06,0.7994668995724079,25,30,10
19,9172,0.0005990682080832833,0.19993030143814125,3.7307887691661207e-06,0.7994668995650064,25,30,10
19,9173,0.0003645604045561404,0.19993030143594318,9.569487335557388e-05,0.7996094432861451,25,30,10
19,9174,0.0003665761231755415,0.19993030143590765,9.571964289192211e-05,0.7996074027980249,25,30,10
19,9175,0.00036875116060904414,0.19993030143598076,9.578853090356776e-05,0.7996051588725068,25,30,10
19,9176,0.00034585200657913,0.1999303014337085,9.344735763082096e-05,0.7996303992020816,25,30,10
19,9177,0.00033979140203475893,0.19993596973376968,9.38396621125472e-05,0.7996303992020831,25,30,10
19,9178,0.00034383853191713806,0.1999359697338149,9.384341957266841e-05,0.7996263483146956,25,30,10
19,9179,0.0003419113235249226,0.1999359697337528,9.383742030230226e-05,0.7996282815224204,25,30,10
19,9180,0.00033891605738618205,0.19993896518447246,9.383723572040574e-05,0.7996282815224207,25,30,10
19,9181,0.00034191285977610425,0.19993896518444607,9.383731060553193e-05,0.7996252846451719,25,30,10
19,9182,0.0003448564814914306,0.19993601459816276,9.384427513256332e-05,0.7996252846452129,25,30,10
19,9183,0.0003418760947197631,0.1999360145981543,9.381920087896314e-05,0.7996282901062466,25,30,10
19,9184,0.0003426964402616738,0.19993601459809007,9.375046646904018e-05,0.799627538495179,25,30,10
19,9185,0.00034565597398700373,0.19993345455693556,9.335096667506192e-05,0.7996275385024023,25,30,10
19,9186,0.0005336713586254063,0.19993345456153921,9.812624071690001e-05,0.7994347478391184,25,30,10
19,9187,0.0005375258507033433,0.1999334545616095,9.813182664380758e-05,0.7994308877610433,25,30,10
19,9188,0.0005377173741173293,0.1986949474607068,0.0013364474040060332,0.7994308877611698,25,30,10
19,9189,0.0004165583085984445,0.19869494745979716,0.0013319259929107363,0.7995565682386936,25,30,10
19,9190,0.00041541770086451384,0.19869494745987576,0.0013319302212416633,0.799557704618018,25,30,10
19,9191,0.00041138698856421895,0.19869494745984023,0.0013319266714562955,0.7995617388801394,25,30,10
19,9192,0.00040842582546103006,0.19869494745983243,0.0014614122472679644,0.7994352144674387,25,30,10
19,9193,0.0004065010053065068,0.19869494745976188,0.0014614061891493277,0.7994371453457825,25,30,10
19,9194,0.0004094445985913324,0.19869494745976232,0.0014614460766336616,0.7994341618650128,25,30,10
19,9195,0.00041037343211745923,0.19869494745979274,0.001468054164910117,0.7994266249431798,25,30,10
19,9196,0.00041428374032863704,0.19869494745977787,0.001468224148035639,0.7994225446518581,25,30,10
19,9197,0.00041528356537760196,0.1986949474598398,0.0014682615463070163,0.7994215074284758,25,30,10
19,9198,0.00035140880379009876,0.19869494745615462,0.001468004272541764,0.7994856394675138,25,30,10
19,9199,0.00034846641868045984,0.19869494745615476,0.0014680022950100211,0.7994885838301549,25,30,10
19,9200,0.0004123114971017271,0.19869494745932406,0.0014682185950047242,0.7994245224485697,25,30,10
19,9201,0.0004093029965975552,0.19869494745931518,0.0014681355051725856,0.7994276140389148,25,30,10
19,9202,0.0004024522514762724,0.19869494745928917,0.0014682490034194087,0.7994343512858153,25,30,10
19,9203,0.0003985948304328412,0.19869494745924993,0.0014681565095701371,0.7994383012007472,25,30,10
19,9204,0.00039454707683700597,0.1986949474591875,0.001468149479357454,0.7994423559846184,25,30,10
19,9205,0.000395566825393328,0.1986949474591176,0.0013758802986308038,0.7995336054168584,25,30,10
19,9206,0.0003935681359846735,0.19869494745918828,0.0013758475008553333,0.7995356369039718,25,30,10
19,9207,0.00039956062441480776,0.19869494745918462,0.0016354557062490246,0.7992700362101517,25,30,10
19,9208,0.00039737159119504245,0.1999038031586948,0.00042878903532285017,0.7992700362147874,25,30,10
19,9209,0.00039735373143381095,0.19990380315869438,0.0002993016426669374,0.799399541467205,25,30,10
19,9210,0.00039442420550053585,0.19990380315870312,0.00029930225208473464,0.7994024703837114,25,30,10
19,9211,0.0004003798647461175,0.19990380315868436,0.00029918704527278234,0.7993966299312966,25,30,10
19,9212,0.00041134297502378207,0.1999038031587639,0.0003008180937031405,0.7993840357725093,25,30,10
19,9213,0.00040738229631762384,0.19990380315874653,3.4603178231712484e-05,0.7996542113667043,25,30,10
19,9214,0.00041035662941835095,0.1999038031587421,0.000126865310376752,0.7995589749014633,25,30,10
19,9215,0.0004063635605653306,0.19990380315871548,0.00012686388879058316,0.7995629693919287,25,30,10
19,9216,0.0003993904943741373,0.1999038031586717,0.00012685921782062558,0.7995699471291338,25,30,10
19,9217,0.00039639259039428475,0.19990380315866244,0.00012697287903432573,0.799572831371909,25,30,10
19,9218,0.0003993201228168887,0.19990380315864498,0.00012693067469690154,0.7995699460438412,25,30,10
19,9219,0.0003963798468552334,0.19990380315864514,0.00012693069677464493,0.7995728862977248,25,30,10
19,9220,0.00039932108809937313,0.19990380315864542,0.00013163231344931573,0.7995652434398056,25,30,10
19,9221,0.00040131736155635803,0.1999038031585741,0.0001316266100773355,0.7995632528697922,25,30,10
19,9222,0.0004082898108094124,0.19990380315860865,0.000131513703447742,0.7995563933271341,25,30,10
19,9223,0.00040136972482109415,0.19990380315858267,0.00013151226808962653,0.7995633148485065,25,30,10
19,9224,0.0004043669834123821,0.19990380315859146,0.0001315139372134156,0.7995603159207828,25,30,10
19,9225,0.0004043998624889185,0.19990380315859235,0.00013151499601770487,0.7995602819829014,25,30,10
19,9226,0.00040653628366916025,0.19990165936290058,0.00013152237520733137,0.7995602819782232,25,30,10
19,9227,0.0004185682763781472,0.19990165936299864,0.00013153000141050933,0.799548242359213,25,30,10
19,9228,0.0004154184168386802,0.19990165936296758,3.9268273006522504e-05,0.7996436539471874,25,30,10
19,9229,0.0004183614564479563,0.19990165936296722,3.926686004492313e-05,0.7996407123205401,25,30,10
19,9230,0.00042128834783436284,0.19990165936294932,3.91786572869428e-05,0.7996378736319297,25,30,10
19,9231,0.00041832799969469223,0.19990165936294071,3.9177326523069665e-05,0.799640835310842,25,30,10
19,9232,0.0004183280284103808,0.19990165936294077,3.917532769348649e-05,0.7996408372809559,25,30,10
19,9233,0.00042137931803848145,0.19990165936292312,3.925959580375179e-05,0.7996377017232349,25,30,10
19,9234,0.00043334751565483166,0.19990165936302115,4.3967440027969446e-05,0.7996210256812963,25,30,10
19,9235,0.0004303509965165733,0.19990165936302928,4.3967553562785394e-05,0.7996240220868915,25,30,10
19,9236,0.00043334689724761755,0.19990165936301993,4.3967343956798476e-05,0.7996210263957759,25,30,10
19,9237,0.0004263915287889102,0.19990165936297705,4.3962707986163785e-05,0.7996279864002482,25,30,10
19,9238,0.00042653070655935746,0.19990165936299598,4.396611838811361e-05,0.799627843812057,25,30,10
19,9239,0.0004115546978188823,0.1999016593628984,4.39585115793838e-05,0.7996428274277038,25,30,10
19,9240,0.00041143048395168115,0.1999016593629067,4.3902019888943324e-05,0.799643008133253,25,30,10
19,9241,0.0004083133617245637,0.19990498973266543,4.3688772399348656e-05,0.7996430081332109,25,30,10
19,9242,0.000408576172488586,0.19990490571701272,4.350997732628056e-05,0.7996430081331727,25,30,10
19,9243,0.0004086477957074661,0.19990490571702244,4.351066758065629e-05,0.7996429358196901,25,30,10
19,9244,0.0004046577384420354,0.1999049057169774,4.188261028009131e-05,0.7996485539343011,25,30,10
19,9245,0.00041563685675327693,0.19990490571705696,4.658998513932897e-05,0.7996328674410512,25,30,10
19,9246,0.00041360463739095814,0.1999069226276696,4.660529626768591e-05,0.7996328674386723,25,30,10
19,9247,0.00041360336258154315,0.1999069226276694,4.657679877836943e-05,0.7996328972109713,25,30,10
19,9248,0.00041153808510067046,0.1999069226277224,4.658062810831031e-05,0.799634958659069,25,30,10
19,9249,0.00041245015062289336,0.1999060081735447,4.65830168049813e-05,0.7996349586590276,25,30,10
19,9250,0.00034858805484543835,0.19990600817036697,4.636707418990664e-05,0.799699036700598,25,30,10
19,9251,0.00034958571578303524,0.19990420037285347,4.717720600405045e-05,0.7996990367053598,25,30,10
19,9252,0.0004213198804093234,0.1999042003760586,4.7427185981046575e-05,0.7996270525575511,25,30,10
19,9253,0.0004185527927958852,0.19990420037609602,4.7429127852859365e-05,0.7996298177032556,25,30,10
19,9254,0.0006580741603919951,0.19969608211954154,1.6025720245767768e-05,0.7996298179998211,25,30,10
19,9255,0.0006562171159077047,0.1996981991848861,1.576570890679264e-05,0.7996298179902998,25,30,10
19,9256,0.000654056814570268,0.19969819918488252,1.576078684278248e-05,0.7996319832137049,25,30,10
19,9257,0.0006540035796548578,0.19969819918489956,1.5678575919736795e-05,0.7996321186595261,25,30,10
19,9258,0.0006540036763261683,0.1996981991849005,1.5681460279587462e-05,0.7996321156784941,25,30,10
19,9259,0.00041349986417027777,0.19993876338086505,1.5621377798118004e-05,0.7996321153771668,25,30,10
19,9260,0.0004125710724430408,0.1999387633808209,1.5617740924528267e-05,0.7996330478058118,25,30,10
19,9261,0.00040957595099422946,0.19993876338081115,1.5620648746063424e-05,0.799636040019449,25,30,10
19,9262,0.0004198433668899667,0.19993876338088562,1.5632628185551112e-05,0.7996257606240396,25,30,10
19,9263,0.00042078789755052977,0.19993876338091174,1.563451742926724e-05,0.7996248142041092,25,30,10
19,9264,0.00041772133177571863,0.19993876338089325,1.5716182669386985e-05,0.7996277991046624,25,30,10
19,9265,0.000406741927600315,0.19993876338081382,1.1009338587805358e-05,0.7996434853529987,25,30,10
19,9266,0.0004066358602880941,0.19993876338078612,1.1008047242628355e-05,0.7996435927116836,25,30,10
19,9267,0.0004035873829848122,0.19994181416715304,1.1005738304585598e-05,0.7996435927115573,25,30,10
19,9268,0.0010815269041629654,0.19994181416928605,9.90278519494755e-05,0.7988776310746013,25,30,10
19,9269,0.0010816181342885426,0.19994181416930323,9.902760866640967e-05,0.7988775400877415,25,30,10
19,9270,0.0010714037599121099,0.19994181416924633,9.901687577888052e-05,0.7988877651950625,25,30,10
19,9271,0.00107147150198626,0.19994181416925552,9.901955196002658e-05,0.798887694776798,25,30,10
19,9272,0.0010723349428802852,0.1990995278273654,0.0009404421378650409,0.7988876950918893,25,30,10
19,9273,0.0010752244467928406,0.19909952782739165,0.0009404440186734759,0.7988848037071421,25,30,10
19,9274,0.001094194942485324,0.19909952782753348,0.000940458792407823,0.7988658184375734,25,30,10
19,9275,0.0013335189985057949,0.19909952783120263,0.0009407888757456286,0.7986261642945459,25,30,10
19,9276,0.0006695406162199354,0.19909952782914925,0.0008527719870939278,0.7993781595675367,25,30,10
19,9277,0.0006626867250731569,0.199099527829132,0.0008527697408355498,0.799385015704959,25,30,10
19,9278,0.000665685049187596,0.1990965322301944,0.0008527670131943807,0.7993850157074235,25,30,10
19,9279,0.0006685934262862718,0.19909653223020363,0.0008528076838819413,0.7993820666596281,25,30,10
19,9280,0.0006756890057431976,0.1990965322302644,0.000852891207179806,0.7993748875568124,25,30,10
19,9281,0.0006617069648329337,0.19909653223020157,0.0008481849428387363,0.7993935758621271,25,30,10
19,9282,0.0006617605551194354,0.19909653223021062,0.0008481810654973604,0.7993935261491728,25,30,10
19,9283,0.0006616203155993221,0.19909667212507146,0.000848181400465852,0.7993935261588638,25,30,10
19,9284,0.000663716821879256,0.19908372854209586,0.00085902847450771,0.7993935261615169,25,30,10
19,9285,0.0006637343312990819,0.19908372854213166,0.0008590310619101504,0.7993935060646584,25,30,10
19,9286,0.0006666411550392211,0.19847086884977103,0.0014689839401430486,0.7993935060550459,25,30,10
19,9287,0.0006666254051797154,0.1984708688497535,0.0014689831311740812,0.7993935226138922,25,30,10
19,9288,0.0006646458013026808,0.19847086884980758,0.0014689591224726483,0.7993955262264169,25,30,10
19,9289,0.0006645917681798781,0.19847086884981605,0.0014689876753773026,0.7993955517066266,25,30,10
19,9290,0.0006675881195571223,0.1984680636802179,0.0014687964887950978,0.799395551711429,25,30,10
19,9291,0.0006684817785078051,0.19846806368023567,0.0014688379381992988,0.7993946166030568,25,30,10
19,9292,0.0006664705707747098,0.19846806368028885,0.0014688138126215068,0.7993966519363144,25,30,10
19,9293,0.0008847873180552783,0.19846806368023695,0.0014689012601736984,0.7991782477415336,25,30,10
19,9294,0.0006544916698507557,0.19846806368016506,0.001468802371507291,0.7994086422784764,25,30,10
19,9295,0.0006534719733778518,0.1984690841703154,0.0014688015683104203,0.799408642287996,25,30,10
19,9296,0.0006464288975578594,0.19846908417027098,0.0014687153592598551,0.7994157715729111,25,30,10
19,9297,0.0006474454765049207,0.1984690841703423,0.0014688377331159447,0.7994146326200366,25,30,10
19,9298,0.0006445016346185639,0.1984690841703246,0.0014688359668430834,0.7994175782282137,25,30,10
19,9299,0.0006435903114614189,0.1984690841702889,0.0014687447442380042,0.7994185807740116,25,30,10
19,9300,0.0006465853341191452,0.1984690841702988,0.0014687446553994662,0.7994155858401824,25,30,10
19,9301,0.000649462153086179,0.19846908417027145,0.0014687135812236295,0.7994127400954185,25,30,10
19,9302,0.0006494094928148928,0.198469084170263,0.0014687134150285059,0.7994127929218936,25,30,10
19,9303,0.0006553974253871371,0.1984690841702448,0.0014703371154171276,0.7994051812889509,25,30,10
19,9304,0.0006583933280695281,0.19846908417024497,0.0014703386086666699,0.7994021838930189,25,30,10
19,9305,0.00041912691263705374,0.19846908416658457,0.0014700098346464253,0.7996417790861318,25,30,10
19,9306,0.0004260980384626636,0.19846908416662856,0.0014699319309258757,0.7996348858639825,25,30,10
19,9307,0.0004291095029225319,0.19846908416664621,0.0014699327780887772,0.799631873552342,25,30,10
19,9308,0.00042901089844591295,0.1984800499335605,0.001459065623109719,0.7996318735448831,25,30,10
19,9309,0.00043017548687560324,0.1990888260989249,0.0008491248691937706,0.7996318735450052,25,30,10
19,9310,0.00042325566071936056,0.19908882609889,0.0008474968636614952,0.7996404213767286,25,30,10
19,9311,0.0004233273993724267,0.19908875399712261,0.0008474972315751034,0.7996404213719296,25,30,10
19,9312,0.00043022504106671915,0.19908875399715686,0.0008474984598491476,0.7996335225019271,25,30,10
19,9313,0.000429277509255507,0.19990926985888013,2.793044490402401e-05,0.799633522186959,25,30,10
19,9314,0.0006586686511348608,0.1999092698619916,2.813657180519786e-05,0.799403924915067,25,30,10
19,9315,0.0006586652419440609,0.19993154149751863,5.86834550869891e-06,0.7994039249150272,25,30,10
19,9316,0.00042235615200069,0.19993154149437167,5.657778131095203e-06,0.7996404445754952,25,30,10
19,9317,0.0004203219160238691,0.199931541494362,5.6611438785134096e-06,0.7996424754457341,25,30,10
19,9318,0.00042235465508671957,0.1999315414942998,5.656615982791765e-06,0.7996404472346292,25,30,10
19,9319,0.00041939338065830783,0.1999343093133212,5.850061740976455e-06,0.799640447244278,25,30,10
19,9320,0.00041948088731069607,0.19993435956066705,5.712300341293621e-06,0.7996404472516794,25,30,10
19,9321,0.0004744795247349406,0.19993435956073263,5.78776177209506e-06,0.7995853731527588,25,30,10
19,9322,0.00047740679602102935,0.19993124344627464,5.976612472843803e-06,0.7995853731452298,25,30,10
19,9323,0.00047752797352870117,0.19993124344626603,6.0156589210622665e-06,0.7995852129212827,25,30,10
19,9324,0.0004775440385239451,0.19993140696402711,5.836068936153442e-06,0.7995852129285113,25,30,10
19,9325,0.0004627094971674512,0.19993140696395703,5.8300037508361125e-06,0.7996000535351235,25,30,10
19,9326,0.0005295454481061969,0.19993140696712644,1.2639695281354526e-05,0.7995264078894848,25,30,10
19,9327,0.00047447827516137775,0.19993140696705194,1.2562145166588583e-05,0.799581552612619,25,30,10
19,9328,0.0004735484238903861,0.19993140696701037,1.4839638176191657e-05,0.7995802049709221,25,30,10
19,9329,0.0004695743804524329,0.19993140696698503,1.48653832373294e-05,0.7995841532693244,25,30,10
19,9330,0.00046656113641492297,0.199934428827662,1.4856771446000049e-05,0.7995841532644764,25,30,10
19,9331,0.0004027361229929951,0.19993442882450174,8.048406894894807e-06,0.7996547866456096,25,30,10
19,9332,0.0004095875546602017,0.19993442882451867,8.078980466646966e-06,0.7996479046403537,25,30,10
19,9333,0.00041156429523069406,0.1999344288246779,8.181295918825004e-06,0.7996458255841717,25,30,10
19,9334,0.0004145625978382104,0.19993107258574694,8.539241889378737e-06,0.7996458255745247,25,30,10
19,9335,0.00041468563282117695,0.199931072585738,8.542210689067696e-06,0.799645699570751,25,30,10
19,9336,0.00041475420919920243,0.19993107258573814,8.5427513886154e-06,0.7996456304536733,25,30,10
19,9337,0.0006531555013372611,0.1996708985873238,3.0315175625381232e-05,0.7996456307357126,25,30,10
19,9338,0.0006502835384097802,0.19967089858736833,2.56168164756416e-05,0.799653201057745,25,30,10
19,9339,0.0006524745056801115,0.19967089858736906,2.557468742296925e-05,0.7996510522195266,25,30,10
19,9340,0.0006563839318979606,0.1996708985873861,2.5577654163642447e-05,0.7996471398265511,25,30,10
19,9341,0.0006594496344055162,0.19967089858737874,2.5579556948060194e-05,0.7996440722212665,25,30,10
19,9342,0.0006583284886814699,0.19967089858748469,0.00039856850218873886,0.7992722044216438,25,30,10
19,9343,0.0006551911864793575,0.19967089858746623,0.0003985671204887326,0.7992753431055646,25,30,10
19,9344,0.0007140335913163096,0.1996708985875204,0.0003987238645611002,0.7992163439566013,25,30,10
19,9345,0.0007169766589321977,0.19966795802494997,0.00039872136189739697,0.7992163439542197,25,30,10
19,9346,0.0007239471175626161,0.19966795802495635,0.0006649348780149548,0.7989431599794653,25,30,10
19,9347,0.0007269404690193811,0.1996679580249122,0.0006649336156058212,0.798940167890462,25,30,10
19,9348,0.0007239446740625968,0.19966795802493864,0.0006649345498290049,0.7989431627511691,25,30,10
19,9349,0.0007278688384161546,0.1996679580249915,0.0006649364253475062,0.7989392367112441,25,30,10
19,9350,0.0007288933016458395,0.19966795802502868,0.0006649507760543228,0.7989381978972705,25,30,10
19,9351,0.0007319866838584072,0.19966795802499257,0.0006650214778906966,0.7989350338132577,25,30,10
19,9352,0.0007248898245377219,0.19966795802498333,0.0006649358659552694,0.798942216284523,25,30,10
19,9353,0.0007237428664413636,0.1996691231317525,0.0006649177028620463,0.7989422162989435,25,30,10
19,9354,0.0007208341545633407,0.1996691231317713,0.0006649190724463296,0.7989451236412185,25,30,10
19,9355,0.0007137931831176419,0.19966912313172125,0.0004909720432397439,0.7991261116419208,25,30,10
19,9356,0.0007108199645229043,0.19966912313170443,0.0004909322557383164,0.7991291246480343,25,30,10
19,9357,0.0007108882696458416,0.19966912313174012,0.0004909342942762587,0.799129054304338,25,30,10
19,9358,0.0007048276511673851,0.19966912313173057,0.0004909335773057296,0.7991351156397966,25,30,10
19,9359,0.0007048443522601067,0.1996687120879132,0.000491327920072148,0.799135115639754,25,30,10
19,9360,0.0007028828504481308,0.1996687120877539,0.0004913134093787969,0.799137091652419,25,30,10
19,9361,0.0007097343861647435,0.1996687120877891,0.000491317812136341,0.7991302357139098,25,30,10
19,9362,0.000707859485378994,0.19966871208769962,0.00011832761531163866,0.7995051008116099,25,30,10
19,9363,0.00046760110354868953,0.1999303557241396,9.694265468563275e-05,0.7995051005176264,25,30,10
19,9364,0.0004646039522625819,0.19993035572414836,9.696051567389979e-05,0.799508079807915,25,30,10
19,9365,0.00046367600133430116,0.19993035572412235,9.695655406740155e-05,0.799509011720476,25,30,10
19,9366,0.00046366137301229676,0.19993035572411344,9.684151413146774e-05,0.7995091413887426,25,30,10
19,9367,0.0004636592399981438,0.19993035572411202,4.571702104194849e-06,0.7996014133337854,25,30,10
19,9368,0.000463607918173426,0.19993035572408402,4.569637093246909e-06,0.7996014667206489,25,30,10
19,9369,0.0004606475777447942,0.1999337104159135,4.1752856499489e-06,0.7996014667206914,25,30,10
19,9370,0.0004575809227225252,0.19993371041592273,4.1371969094608135e-06,0.7996045714644455,25,30,10
19,9371,0.00046585872837021764,0.19993371041596222,4.14227431302405e-06,0.7995962885813546,25,30,10
19,9372,0.0004638439316976129,0.19993572200509907,4.145477128572156e-06,0.7995962885860749,25,30,10
19,9373,0.0004637755055148377,0.19993572200509044,4.144879214563337e-06,0.7995963576101801,25,30,10
19,9374,0.0004656852406004316,0.19993572200514248,4.153173664010073e-06,0.799594439580593,25,30,10
19,9375,0.00046868298734459616,0.19993572200513415,4.153102789643779e-06,0.7995914419047315,25,30,10
19,9376,0.000476527255918684,0.1999284174590958,3.6133707393264688e-06,0.7995914419142457,25,30,10
19,9377,0.00047647522140649093,0.19992841745908688,3.6131861066642684e-06,0.7995914941333995,25,30,10
19,9378,0.0004783322971067192,0.19992675735610976,3.416203820200952e-06,0.799591494142963,25,30,10
19,9379,0.0004812489674783175,0.19992675735613694,8.138703067572721e-06,0.7995838549733167,25,30,10
19,9380,0.00048150980266948467,0.1999267573561734,8.140885307295214e-06,0.7995835919558495,25,30,10
19,9381,0.0004815305292485354,0.19992633853988218,8.538975052944691e-06,0.799583591955816,25,30,10
19,9382,0.0004884505994021734,0.1999263385398984,8.564111052410853e-06,0.7995766467496468,25,30,10
19,9383,0.0004844919576700584,0.1999263385398726,8.600567286983528e-06,0.7995805689351703,25,30,10
19,9384,0.0007208193920294413,0.19992633854605038,8.777246498836651e-06,0.7993440648154213,25,30,10
19,9385,0.0006681163919122893,0.19992633854606118,8.62524740779686e-06,0.7993969198146186,25,30,10
19,9386,0.00043602866418726604,0.1999263385398847,1.064902690524408e-05,0.7996269837690226,25,30,10
19,9387,0.00042805831665693845,0.19993431520399155,1.0642719888850863e-05,0.7996269837594625,25,30,10
19,9388,0.0004249907202395149,0.19993431520399998,1.0639664151781302e-05,0.7996300544116087,25,30,10
19,9389,0.00042293025269175187,0.19993431520396293,5.917474396412175e-06,0.7996368370689488,25,30,10
19,9390,0.0004279105859315559,0.19993431520863783,5.414841891982427e-06,0.7996323593635384,25,30,10
19,9391,0.00043085391770969017,0.19993431520863736,5.413853646304759e-06,0.7996294170200062,25,30,10
19,9392,0.0004348487487675468,0.1999343152086825,5.504554409215844e-06,0.7996253314881402,25,30,10
19,9393,0.0004277869460074839,0.19993431520865543,5.616521207791313e-06,0.7996322813241287,25,30,10
19,9394,0.00043074793265351484,0.19993431520867153,3.3367097892723575e-06,0.7996316001488856,25,30,10
19,9395,0.0004288920610342981,0.19991395925514743,2.5548539692112638e-05,0.7996316001441263,25,30,10
19,9396,0.000503592167736354,0.19991395925739855,2.5741451926231924e-05,0.7995567071229388,25,30,10
19,9397,0.000736998317540887,0.19991395925747027,2.581652200185935e-05,0.7993232259029871,25,30,10
19,9398,0.0007372077216717875,0.1999139592574986,2.587207368983675e-05,0.7993229609471397,25,30,10
19,9399,0.0007332135150774696,0.19991395925756103,2.5838124436104306e-05,0.7993269891029253,25,30,10
19,9400,0.0007332838306316684,0.19991395925745464,2.582896101833539e-05,0.7993269279508952,25,30,10
19,9401,0.0007402042831617726,0.19991395925748062,2.5717300950962452e-05,0.7993201191584065,25,30,10
19,9402,0.000740147839694717,0.19991441320983058,2.5319792077398373e-05,0.7993201191583971,25,30,10
19,9403,0.0007429784411007018,0.19991441320992828,2.527281839673395e-05,0.7993173355305742,25,30,10
19,9404,0.0007378554764749727,0.1999144132098016,2.5262119530150205e-05,0.799322469194193,25,30,10
19,9405,0.0007428489925819315,0.1999144132097838,2.525825319050347e-05,0.7993174795444437,25,30,10
19,9406,0.0007400986491561534,0.19991441320980258,2.5259620361579408e-05,0.7993202285206796,25,30,10
19,9407,0.0007258453391758152,0.19991441320978132,2.5255937491337512e-05,0.7993344855135512,25,30,10
19,9408,0.0007259153722577059,0.1999144132097818,2.5256512533882743e-05,0.7993344149054264,25,30,10
19,9409,0.0009621221383015103,0.199678000294685,2.5462368013824924e-05,0.7993344151989991,25,30,10
19,9410,0.0009654411568573909,0.19966562027524035,3.452337322269673e-05,0.7993344151946791,25,30,10
19,9411,0.0008965800511200889,0.19966562027202553,3.4272217698986543e-05,0.7994035274591548,25,30,10
19,9412,0.0008936551178734448,0.19966562027204365,3.427356861273538e-05,0.7994064510414696,25,30,10
19,9413,0.0008844156380528071,0.19966562026734022,3.2533538954645387e-05,0.7994174305556517,25,30,10
19,9414,0.0008804397061567593,0.1996656202672967,3.256842870879601e-05,0.7994213715978371,25,30,10
19,9415,0.000805684594436517,0.1996656202650542,3.24040468169042e-05,0.7994962910936917,25,30,10
19,9416,0.0008057522177618377,0.1996656202650819,3.2403364298424375e-05,0.7994962241528577,25,30,10
19,9417,0.000809677444129349,0.19966562026511675,3.2571731022562474e-05,0.799492130559731,25,30,10
19,9418,0.0008096762495073913,0.19966562026516996,3.727426501144567e-05,0.7994874292203109,25,30,10
19,9419,0.0010499256868480571,0.19966562026719895,3.745417832344247e-05,0.7992469998676293,25,30,10
19,9420,0.0010520658397174109,0.1996656202671558,4.0698311319178935e-05,0.7992416155818073,25,30,10
19,9421,0.001052067033636868,0.19966562026710263,3.5994292208328085e-05,0.7992463184070518,25,30,10
19,9422,0.0010519974754316795,0.1996656202670762,3.599287763681249e-05,0.7992463893798549,25,30,10
19,9423,0.0010440247174483045,0.19966562026700488,3.587093413652941e-05,0.7992544840814101,25,30,10
19,9424,0.0010476257411535966,0.1996930915350814,4.798638073379863e-06,0.7992544840856912,25,30,10
19,9425,0.0010496841287914158,0.19969309153566975,4.844071990541935e-06,0.7992523802635481,25,30,10
19,9426,0.0010475995241808202,0.19969309153568682,4.846731835783469e-06,0.7992544622082964,25,30,10
19,9427,0.001047616524895832,0.19969309153569587,4.818912712474896e-06,0.7992544730266958,25,30,10
19,9428,0.0008211279930425361,0.1996930915356488,4.74621262893515e-06,0.7994810342586797,25,30,10
19,9429,0.0008201997222805243,0.1996940229922613,4.7430314971528526e-06,0.7994810342539607,25,30,10
19,9430,0.0008202720151097071,0.1996940229922621,4.744048115046353e-06,0.7994809609445128,25,30,10
19,9431,0.000827374831244914,0.19969402299279035,4.782603332368996e-06,0.7994738195726322,25,30,10
19,9432,0.0008233280377008098,0.19969402299276443,4.781218957385609e-06,0.7994778677505774,25,30,10
19,9433,0.0005871410120543374,0.19993041458463218,4.576958505439344e-06,0.7994778674448081,25,30,10
19,9434,0.000587087512370228,0.19993041458465918,4.579976359644954e-06,0.799477917926611,25,30,10
19,9435,0.000584160178889752,0.1999304145846687,4.582889667436876e-06,0.7994808423467741,25,30,10
19,9436,0.0005802506680913355,0.19993041458465208,4.5817375600621845e-06,0.7994847530096965,25,30,10
19,9437,0.0005772371053370945,0.19993041458463548,4.582512741467093e-06,0.799487765797286,25,30,10
19,9438,0.0005701158415243672,0.19993041458408925,4.541122356302839e-06,0.79949492845203,25,30,10
19,9439,0.0005700641250047957,0.19993041458407146,4.579132145597115e-06,0.799494942158778,25,30,10
19,9440,0.0005671555103218124,0.1999304145841165,4.6984163915451416e-06,0.7994977314891699,25,30,10
19,9441,0.0005700992256534041,0.19992745158031514,4.717704860569717e-06,0.7994977314891706,25,30,10
19,9442,0.0005701004120947282,0.19992745158031477,4.715697512281403e-06,0.7994977323100779,25,30,10
19,9443,0.0005720800370871774,0.19992745158040345,4.681112575813076e-06,0.7994957872699334,25,30,10
19,9444,0.0005750234024825502,0.19992745158040345,4.681603014195228e-06,0.7994928434140999,25,30,10
19,9445,0.0005780016452662667,0.19992745158042222,4.68297733446687e-06,0.7994898637969776,25,30,10
19,9446,0.0005780369662559224,0.19992745158042333,4.683065938935135e-06,0.7994898283873821,25,30,10
19,9447,0.0005771448102932105,0.19992745158041633,4.710078982179267e-06,0.7994906935303087,25,30,10
19,9448,0.0005741307553530802,0.19992745158038833,4.70925370335891e-06,0.7994937084105556,25,30,10
19,9449,0.0005702753174332959,0.1999274515803542,4.541429344567716e-06,0.799497731672868,25,30,10
19,9450,0.0005731322101156359,0.19992745158031805,4.539794106993795e-06,0.7994948764154591,25,30,10
19,9451,0.0005740267008272415,0.19992745158030759,4.4234912718503434e-06,0.7994940982275933,25,30,10
19,9452,0.0005731670692493108,0.1999274515802819,4.4211411012222985e-06,0.7994949602093675,25,30,10
19,9453,0.0005762857029834708,0.19992432295990167,4.431127621029251e-06,0.7994949602094935,25,30,10
19,9454,0.0006400253115181971,0.19992432296309723,4.6861685578635724e-06,0.7994309655568265,25,30,10
19,9455,0.0006439223634897682,0.19992432296324936,4.699191399231706e-06,0.7994270554818614,25,30,10
19,9456,0.0006476533088077477,0.19992432296327733,0.00013417591885180917,0.799293847809063,25,30,10
19,9457,0.0006475131870125478,0.19992390777908475,0.00013473121051333042,0.7992938478233893,25,30,10
19,9458,0.0004072202574671593,0.19992390777692143,0.00013454058268929324,0.7995343313829228,25,30,10
19,9459,0.0004093097152211707,0.19992390777693136,0.00013454094995416635,0.7995322415578942,25,30,10
19,9460,0.0004063700404788334,0.1999268667724341,0.00013452162906384075,0.799532241558024,25,30,10
19,9461,0.0004063873322479096,0.19992686677244348,0.0001345523298692551,0.7995321935654399,25,30,10
19,9462,0.0004115460887513865,0.19992686677251723,0.0001345282351585139,0.7995270589035735,25,30,10
19,9463,0.000408548962516673,0.19992686677252583,0.00013452844411006626,0.799530055820848,25,30,10
19,9464,0.00040861635894643756,0.19992686677253488,0.00013453056374907206,0.7995299863047702,25,30,10
19,9465,0.0003418651975547371,0.19992686676944568,0.00013428436869451096,0.7995969836643055,25,30,10
19,9466,0.00034481039945984365,0.19992686676944565,0.00013440024165923276,0.7995939225894356,25,30,10
19,9467,0.0008019998022922629,0.19992686677155078,0.00013474553118632542,0.7991363878949711,25,30,10
19,9468,0.0008019476881616711,0.19992686677145244,0.00013481879669463738,0.7991363667436917,25,30,10
19,9469,0.0008110969778564168,0.199926866771597,0.00013479081092555026,0.7991272454396213,25,30,10
19,9470,0.00035495862707458475,0.19992686676940252,0.00013443902428196362,0.7995837355792412,25,30,10
19,9471,0.0003549735392364931,0.19992686676941218,0.00013435728210005947,0.7995838024092514,25,30,10
19,9472,0.0003511211738516125,0.19993063915852896,0.00013443669656422618,0.7995838029710554,25,30,10
19,9473,0.00034599924761538733,0.19993063915843742,0.00013442952353357902,0.7995889320704137,25,30,10
19,9474,0.0003545769014718652,0.19993063915839485,0.004790691635435012,0.7949240923046983,25,30,10
19,9475,0.0003546468149439416,0.1999306391584132,0.004790694342775991,0.7949240196838668,25,30,10
19,9476,0.00034625852604192986,0.19993063915841233,0.0001344325196913589,0.7995886697958544,25,30,10
19,9477,0.0003462552295056909,0.1999306391584123,0.00013118576972074946,0.799591919842362,25,30,10
19,9478,0.0003463059412342213,0.19993063915840356,0.00013107044798264567,0.7995919844523803,25,30,10
19,9479,0.0003432370587740865,0.1994980609724316,0.0005667180829839925,0.7995919838858111,25,30,10
19,9480,0.00034327970687746074,0.19949806097243447,0.0005667684082478633,0.7995918909124411,25,30,10
19,9481,0.0003402855668189736,0.19950092275600745,0.000566900764692858,0.7995918909124817,25,30,10
19,9482,0.00033730719515522744,0.1995009227560262,0.0005685143414155664,0.7995932557074039,25,30,10
19,9483,0.0003372717354328134,0.1995009227560072,0.0005684844116667985,0.799593321096894,25,30,10
19,9484,0.000334338633812769,0.19950092275601392,0.0005684362402831078,0.799596302369891,25,30,10
19,9485,0.00033428856032100565,0.19950092275601283,0.0005684326312844385,0.7995963560523824,25,30,10
19,9486,0.00033435870275096125,0.19950092275601297,0.0005684336616633766,0.7995962848795735,25,30,10
19,9487,0.0003452551601879769,0.19950092275607406,0.0005684789304249638,0.7995853431533139,25,30,10
19,9488,0.0003452226615416367,0.19950092275610565,0.006816174263479502,0.793337680318874,25,30,10
19,9489,0.0003451176031102516,0.19950092275607872,0.006816173392127155,0.7933377862486847,25,30,10
19,9490,0.0003451380038882895,0.1995009227560517,0.006816171957700844,0.7933377672823597,25,30,10
19,9491,0.00034829582226026805,0.19949697546670506,0.006816961142592202,0.7933377675684424,25,30,10
19,9492,0.0003482772790377751,0.19949697546667758,0.006816957112541143,0.7933377901417434,25,30,10
19,9493,0.000348239304160964,0.19949697546669537,0.0068169585708316134,0.793337826658312,25,30,10
19,9494,0.00035521151130668706,0.19949697546675624,0.006816963427172633,0.7933308495947642,25,30,10
19,9495,0.0003621141744063881,0.19949697546679002,0.0068153531757079045,0.7933255571830958,25,30,10
19,9496,0.0003500215599253835,0.1994969754666456,0.006815341228764209,0.7933376617446648,25,30,10
19,9497,0.00035694491709499965,0.19949697546667125,0.0068153450838205655,0.7933307345324129,25,30,10
19,9498,0.000427681729166858,0.19949697546985756,0.006820287631319316,0.7932550551696561,25,30,10
19,9499,0.00042461751634658286,0.1994969754698659,0.006820315821174407,0.7932580911926125,25,30,10
19,9500,0.00042456342459360814,0.19949697546988351,0.006820316103260874,0.7932581450022613,25,30,10
19,9501,0.00042451096699702863,0.19949697546988332,0.006820316112564071,0.7932581974505548,25,30,10
19,9502,0.0011017840963951228,0.19949697547201226,0.00682063862720643,0.7925806018043856,25,30,10
19,9503,0.0010978183585483936,0.19949697547185147,0.0068206249801198195,0.7925845811894799,25,30,10
19,9504,0.001100760818355153,0.1994969754718513,0.006820626996570124,0.7925816367132231,25,30,10
19,9505,0.0010978218254932245,0.19949697547185177,0.0068207095627795455,0.7925844931398754,25,30,10
19,9506,0.0011047419151351866,0.1994969754718776,0.006820712389412663,0.7925775702235746,25,30,10
19,9507,0.0011017295212409507,0.19949697547185946,0.006820710856213493,0.792580584150686,25,30,10
19,9508,0.001104672856579858,0.19949697547185946,0.006820683747155974,0.7925776679244045,25,30,10
19,9509,0.00117127688303031,0.19949697547455472,0.0068209047349976305,0.7925108429074172,25,30,10
19,9510,0.001172358289544056,0.1994969754750384,0.007193881719036525,0.792136784516381,25,30,10
19,9511,0.0011703791743237126,0.19949697547509188,0.007193886089280101,0.7921387592613044,25,30,10
19,9512,0.0011664510846729691,0.19949697547505746,0.007193882109186408,0.7921426913310832,25,30,10
19,9513,0.0011663441314443547,0.19949697547507558,0.007193881899111648,0.7921427984943682,25,30,10
19,9514,0.0011634006853905394,0.19949697547507558,0.007193881870926309,0.7921457419686077,25,30,10
19,9515,0.0011635386252135292,0.19949697547512063,0.007200407903144536,0.7921390779965216,25,30,10
19,9516,0.0011627184735142797,0.1994969754750741,0.007070930493268937,0.7922693755581437,25,30,10
19,9517,0.0011597902016578438,0.1994969754750835,0.00707093193911208,0.7922723023841476,25,30,10
19,9518,0.0011677779910499177,0.19949697547513698,0.007070938334628385,0.7922643081991858,25,30,10
19,9519,0.0011667952207260292,0.19949697547506987,0.0008232379073219393,0.7985129913968833,25,30,10
19,9520,0.0011697883491053323,0.1982556913784312,0.002061528875712374,0.798512991396752,25,30,10
19,9521,0.0011619410542435323,0.19825569137835225,0.002061485258317769,0.7985208823090875,25,30,10
19,9522,0.0011621325729513454,0.19825569137838805,0.0020614880874255,0.798520687961236,25,30,10
19,9523,0.0011621156447216095,0.19825569137837895,0.0020614873945034606,0.7985207055823969,25,30,10
19,9524,0.001094271991537161,0.1982556913751753,0.0020565812585771,0.7985934553747112,25,30,10
19,9525,0.001667546390102943,0.19764880822720926,0.0020901818150624715,0.7985934635676263,25,30,10
19,9526,0.0016674762027496992,0.19764880822719078,0.0020901812362769607,0.7985935343337834,25,30,10
19,9527,0.0016674937037835936,0.1976488082272,0.002090297841558124,0.7985934002274593,25,30,10
19,9528,0.0010880462049786966,0.19826265176477048,0.002055910284089478,0.7985933917461624,25,30,10
19,9529,0.0010182360023616526,0.19826265176208252,0.002055685798791923,0.798663426436765,25,30,10
19,9530,0.0010152037148902957,0.19950396332109108,0.0008174065272121886,0.7986634264368074,25,30,10
19,9531,0.0010152027732254554,0.1995039633210906,0.000817522378268662,0.7986633115274162,25,30,10
19,9532,0.001018343166627559,0.1995039633221889,0.0008176856563923042,0.7986600078547922,25,30,10
19,9533,0.0010184501057706476,0.19950396332217107,0.000819307661458354,0.7986582789106008,25,30,10
19,9534,0.0010176137231707634,0.1995039633258112,0.0008193727093545367,0.7986590502416645,25,30,10
19,9535,0.001024463949255005,0.19950396332583697,0.0008193735558052192,0.7986521991691039,25,30,10
19,9536,0.0010244467241399815,0.1995039849522006,0.000819369154593286,0.7986521991690669,25,30,10
19,9537,0.0010214845885263431,0.19950398495219937,0.0008193299564695843,0.7986552005028057,25,30,10
19,9538,0.0010245502860091358,0.19950398495219124,0.0008193289381283515,0.7986521358236722,25,30,10
19,9539,0.001093474997153677,0.19950398495385888,0.0008129307698776765,0.7985896092791108,25,30,10
19,9540,0.0011084800374919126,0.19950398495445704,0.0008130916800764141,0.7985744433279757,25,30,10
19,9541,0.0011114762613807206,0.19950398495444874,0.000814597990653488,0.7985699407935181,25,30,10
19,9542,0.001114438087831571,0.19950103151063342,0.0008145896081462277,0.7985699407933897,25,30,10
19,9543,0.0011174860137012233,0.19949811581463273,0.0008144573783185556,0.7985699407933484,25,30,10
19,9544,0.0011154180581271506,0.19949811581466712,0.0008151169666695759,0.7985713491605371,25,30,10
19,9545,0.0011143108552351603,0.19949811581375643,0.00044210392266046746,0.7989454694083488,25,30,10
19,9546,0.001121284365709707,0.19949811581382704,0.0004421082908552933,0.7989384915296089,25,30,10
19,9547,0.0011731974181146874,0.19949811581591984,0.00044231480481630206,0.79888637196115,25,30,10
19,9548,0.0004919987924643633,0.19949811581372945,0.00044210324572307156,0.7995677821480841,25,30,10
19,9549,0.00042985446740422575,0.1994981158120422,0.0004418962076328518,0.7996301335129218,25,30,10
19,9550,0.0004305851340747793,0.19949811580841958,0.00044191207999436886,0.799629386977512,25,30,10
19,9551,0.00042758744801929657,0.1994981158084368,0.0004402900310464991,0.7996340067124982,25,30,10
19,9552,0.00043154808669182545,0.19949811580848956,0.00044024037447113536,0.7996300957303483,25,30,10
19,9553,0.0004324604111665493,0.19949811580851534,0.00044012677425643126,0.7996292970060622,25,30,10
19,9554,0.0004323918002809776,0.19949811580850624,0.0004402071358734023,0.7996292852553395,25,30,10
19,9555,0.00044733449297952685,0.19949811580861193,0.0004402161447365116,0.7996143335536722,25,30,10
19,9556,0.0006778877213739075,0.19926786850750033,0.00043991022201991694,0.7996143335491062,25,30,10
19,9557,0.0006718944856135041,0.19926786850746475,0.0004399089141397906,0.7996203280927824,25,30,10
19,9558,0.0006740523744277432,0.1992678685074579,0.00043762952399898665,0.7996204495941158,25,30,10
19,9559,0.0006711248741199313,0.19927080210859366,0.00043762341836769676,0.7996204495989191,25,30,10
19,9560,0.0006712513525947568,0.19927061492969814,0.00043768410882645965,0.7996204496088812,25,30,10
19,9561,0.0006733361044210552,0.19927061492968975,0.00043769559127804144,0.7996183533746116,25,30,10
19,9562,0.0006693769573252678,0.1992706149296545,0.00043766386684475535,0.799622344246176,25,30,10
19,9563,0.000662525522612513,0.1992706149296376,0.00043766165603745905,0.7996291978917128,25,30,10
19,9564,0.0006555542292583252,0.19927061492959441,0.0004376592702704936,0.7996361715708773,25,30,10
19,9565,0.0006525920703876703,0.19927061492956738,0.00043777317881762414,0.7996390198212278,25,30,10
19,9566,0.0005967233690984743,0.19927061492744824,0.00043756474145863504,0.7996950969619951,25,30,10
19,9567,0.0005987390693998672,0.1992706149274218,0.0004375618380763519,0.7996930841651023,25,30,10
19,9568,0.0006016146432210169,0.19970386326947825,1.4379199015041554e-06,0.7996930841673994,25,30,10
19,9569,0.0006016404425849721,0.19970386327060208,1.5637917612758319e-06,0.7996929324950515,25,30,10
19,9570,0.0006014976435434302,0.19970386327058295,1.561399042913794e-06,0.7996930776868306,25,30,10
19,9571,0.0006005336820127266,0.19970386327052947,8.159413902240767e-06,0.7996874436335552,25,30,10
19,9572,0.0005976054231904337,0.19970677837739875,8.172568111010496e-06,0.7996874436312994,25,30,10
19,9573,0.0006005857491718402,0.19968139580654592,3.0574813021690826e-05,0.7996874436312601,25,30,10
19,9574,0.000597784395761532,0.1996813958065739,3.057881450981105e-05,0.7996902409831543,25,30,10
19,9575,0.000601639289442784,0.1996813958066344,3.058265016803164e-05,0.799686382253754,25,30,10
19,9576,0.0005985947859084597,0.19968139580663513,3.05826788590419e-05,0.7996894267285967,25,30,10
19,9577,0.0005995744697012258,0.19968139580666958,3.0584940467102535e-05,0.7996884447831611,25,30,10
19,9578,0.0005995228052395525,0.19968139580667862,3.0469257010100728e-05,0.7996886121310709,25,30,10
19,9579,0.0006025682586376974,0.19968139580667832,3.04692263137832e-05,0.7996855667083694,25,30,10
19,9580,0.0005995637800051665,0.19968139580557298,3.0343510347690503e-05,0.7996886969040733,25,30,10
19,9581,0.0005956287393944655,0.19968139580553235,3.0387192202729995e-05,0.7996925882628696,25,30,10
19,9582,0.0005956512365765882,0.19968139580553396,2.3785193201565064e-05,0.7996991677646871,25,30,10
19,9583,0.0005935832646620941,0.19968139580556962,3.039251677640827e-05,0.7996946284129911,25,30,10
19,9584,0.0005926543935472408,0.19968139580554273,2.3786802448118216e-05,0.799702162998461,25,30,10
19,9585,0.0005925631831600126,0.19968154208300898,2.373174524814368e-05,0.7997021629885822,25,30,10
19,9586,0.0003622201571564143,0.19991213949098402,2.347737291302101e-05,0.7997021629789457,25,30,10
19,9587,0.0003691751683311663,0.19988278913373414,4.587271430574807e-05,0.7997021629836273,25,30,10
19,9588,0.00037012119298253555,0.19988278913376104,4.587614116501511e-05,0.79970121353209,25,30,10
19,9589,0.00037083973343820007,0.1998827891337599,4.5876996310347936e-05,0.7997004941364905,25,30,10
19,9590,0.00036470209225571273,0.19988278913265278,4.57121304812929e-05,0.7997067966446093,25,30,10
19,9591,0.0003526923458036057,0.19988278913204613,4.56070011189562e-05,0.7997189115210311,25,30,10
19,9592,0.00035267337219820787,0.1999052211069489,2.3193987703993253e-05,0.7997189115331487,25,30,10
19,9593,0.0003557402895961881,0.19990522110696285,2.486012680672707e-05,0.7997141784766341,25,30,10
19,9594,0.0003526580414263896,0.1999052211069392,2.3193300414232546e-05,0.79971892755122,25,30,10
19,9595,0.0009062627380531655,0.18088577064560968,0.018489031214850255,0.7997189354014868,25,30,10
19,9596,0.0009032487127191974,0.18088878352745832,0.01848903237041281,0.7997189353894094,25,30,10
19,9597,0.0009031612200394397,0.18088878352744114,0.018489037796749815,0.7997190174557697,25,30,10
19,9598,0.0009002344606385719,0.1808887835274502,0.01848895744184748,0.7997220245700641,25,30,10
19,9599,0.0009001821446192618,0.18088878352744117,0.01848899576462941,0.7997220385633105,25,30,10
19,9600,0.011668803359164218,0.18088878489935642,0.018574549979753233,0.7888678617617265,25,30,10
19,9601,0.01166873370459407,0.1808884619545703,0.018574942579320793,0.7888678617615151,25,30,10
19,9602,0.01167160928162795,0.18088846195456135,0.018574941908919215,0.7888649868548923,25,30,10
19,9603,0.011679317665672241,0.18088846195461297,0.01857723204623517,0.7888549883334803,25,30,10
19,9604,0.011120719725634354,0.19993504220389735,8.925758241636309e-05,0.7888549804880527,25,30,10
19,9605,0.01112282346823506,0.1999350422038894,8.916814412528051e-05,0.7888529661837511,25,30,10
19,9606,0.011133968147362424,0.19993504220393646,8.915881803439847e-05,0.7888418308306675,25,30,10
19,9607,0.011131900833576696,0.19993710661372022,8.916171739834304e-05,0.7888418308353056,25,30,10
19,9608,0.011120812463259997,0.19993710661368191,8.913179341992207e-05,0.7888529491296389,25,30,10
19,9609,0.011121828536426464,0.1999371066135206,8.912242369987165e-05,0.7888519424263539,25,30,10
19,9610,0.011121758618070998,0.1999371750025587,8.912395548117762e-05,0.7888519424238892,25,30,10
19,9611,0.011117779279966761,0.19993717500253286,8.912053769990206e-05,0.7888559251798002,25,30,10
19,9612,0.011355164404968438,0.19993717500520053,8.931486554067566e-05,0.7886183457242901,25,30,10
19,9613,0.011351135547831969,0.19993717500515623,8.931106845584605e-05,0.7886223783785562,25,30,10
19,9614,0.011346406634799506,0.19993717500513036,8.701611912260715e-05,0.7886294022409479,25,30,10
19,9615,0.011345409244762324,0.19993842064782893,8.676787126333766e-05,0.7886294022361455,25,30,10
19,9616,0.011342534849274366,0.19993842064783862,8.90994348490889e-05,0.7886299450680382,25,30,10
19,9617,0.011343464702940773,0.1999374865872369,8.910363681170796e-05,0.788629945073011,25,30,10
19,9618,0.0113434222046033,0.19993748658722463,8.905567373602839e-05,0.788630035534436,25,30,10
19,9619,0.01134343828775386,0.19993748658723337,8.91721864718826e-05,0.7886299029385406,25,30,10
19,9620,0.011342461621372308,0.1999384697800952,8.916566713135029e-05,0.7886299029314009,25,30,10
19,9621,0.011345438782124996,0.19993846978009425,8.924768762557267e-05,0.7886268437501546,25,30,10
19,9622,0.011342635286814442,0.19993846978011337,8.925112608897677e-05,0.7886296438069827,25,30,10
19,9623,0.01134252880905911,0.1999384697800957,8.703586992292159e-05,0.7886319655409219,25,30,10
19,9624,0.011346488408052836,0.1999384697800867,8.702411877337509e-05,0.7886280176930863,25,30,10
19,9625,0.011339500406084852,0.19993846978006055,8.702223546885192e-05,0.7886350075783849,25,30,10
19,9626,0.011338459121430899,0.19993846978062144,8.931492382313055e-05,0.788633756174124,25,30,10
19,9627,0.011338458463058507,0.19993846978062169,9.093741637707605e-05,0.7886321343399423,25,30,10
19,9628,0.011339626738956252,0.1999384697806163,9.093839038253675e-05,0.7886309650900445,25,30,10
19,9629,0.01133969329780084,0.19993846978062474,9.093896546601669e-05,0.7886308979561081,25,30,10
19,9630,0.01133962526522295,0.19992806674051802,0.00010141003819099891,0.7886308979560677,25,30,10
19,9631,0.01133962507841064,0.19992806674063376,0.00010141984409737209,0.7886308883368579,25,30,10
19,9632,0.011341709712117027,0.1999280667406168,0.0001014177126432379,0.788628805834623,25,30,10
19,9633,0.011344545692082724,0.199928066740616,0.00010369446863898421,0.7886236930986626,25,30,10
19,9634,0.011346753914810026,0.19992574344566524,0.00010380954532437226,0.7886236930942009,25,30,10
19,9635,0.011346753893697976,0.19992574344565647,0.00010153016580983868,0.7886259724948362,25,30,10
19,9636,0.011334912423028252,0.19992574344555114,0.00010151964802945806,0.7886378244833915,25,30,10
19,9637,0.011405697144833533,0.19992574344975295,0.00010177253076833643,0.788566786874646,25,30,10
19,9638,0.011404717465683048,0.19992574344972724,0.00010176958379326385,0.7885677695007972,25,30,10
19,9639,0.011403542351658896,0.19949021878803438,0.0005384693380336474,0.7885677695222738,25,30,10
19,9640,0.011403460981454193,0.1994902187875254,0.0005361535505373358,0.7885701666804836,25,30,10
19,9641,0.011410572050719943,0.199490218787587,0.0005361586262001557,0.7885630505354935,25,30,10
19,9642,0.011406530213236378,0.19949021878752557,0.00053615513171935,0.7885670958675193,25,30,10
19,9643,0.011407549822919118,0.19949021878745565,0.0005361484577211949,0.7885660829319047,25,30,10
19,9644,0.011474493137716271,0.19949021878969017,0.0005347187743026777,0.7885005692982915,25,30,10
19,9645,0.011474474932199236,0.19949021878967252,0.0005347189434912379,0.7885005873346377,25,30,10
19,9646,0.011474458335017862,0.19949021878966341,0.0005347168322567858,0.7885006060430624,25,30,10
19,9647,0.01147751394004913,0.19906436569676822,0.0009575140636328105,0.7885006062995502,25,30,10
19,9648,0.011474548423269781,0.19906436569679478,0.0009574316350463813,0.7885036542448893,25,30,10
19,9649,0.011474617114141794,0.1990643656968043,0.000957432308340963,0.788503584880713,25,30,10
19,9650,0.011474670217880116,0.1990643656967957,0.0009574721455049729,0.7885034919398194,25,30,10
19,9651,0.011474616384239031,0.1990752842045582,0.0009466074713455177,0.7885034919398574,25,30,10
19,9652,0.011471691986069767,0.19907528420457588,0.000946566866859168,0.7885064569424953,25,30,10
19,9653,0.011486460225007844,0.19907528420466314,0.000946572593830025,0.7884916829764991,25,30,10
19,9654,0.011249091730395698,0.19907528420201304,0.0009510247380665092,0.7887245993295251,25,30,10
19,9655,0.011249157317502123,0.19907528420203083,0.0009510254978838238,0.7887245329825835,25,30,10
19,9656,0.011252138754867915,0.19907528420255788,0.0009510266520262546,0.7887215503905484,25,30,10
19,9657,0.011250317428511618,0.1995139348824691,0.000514197320035447,0.7887215503689842,25,30,10
19,9658,0.011248250302758653,0.19951393488248662,0.0005208067925994033,0.7887170080221556,25,30,10
19,9659,0.011251320250555143,0.1995139348824691,0.0005209193454785242,0.7887138255214977,25,30,10
19,9660,0.011259094017900444,0.1995139348825482,0.0005208107627361357,0.7887061603368156,25,30,10
19,9661,0.011259026252132492,0.19951393488253835,0.000520812081326738,0.7887062267840028,25,30,10
19,9662,0.01126109331246812,0.19951393488252114,0.000514202585995851,0.7887107692190153,25,30,10
19,9663,0.000493454670860814,0.19951393351065835,0.0004286521258730911,0.7995639596926083,25,30,10
19,9664,0.0004934426292564661,0.19951393351065008,0.0004285356774042747,0.7995640881826893,25,30,10
19,9665,0.0004853852949567278,0.1995139335106476,0.00042853376351775703,0.7995721474308785,25,30,10
19,9666,0.0005521607468892385,0.19951393351327196,0.00042874573051282733,0.7995051600093267,25,30,10
19,9667,0.0005520369306173382,0.19951406453131035,0.0004287385289128611,0.79950516000916,25,30,10
19,9668,0.0005520369574337426,0.19951406453131068,0.0004287365482289585,0.7995051619630271,25,30,10
19,9669,0.0005499542692328686,0.19951406453133824,0.00042407733333876563,0.7995119038660907,25,30,10
19,9670,0.0005519693401390801,0.19951165593560907,0.00042447086045321907,0.7995119038637989,25,30,10
19,9671,0.0005590926642660817,0.19951165593567158,0.00042450116593045696,0.7995047502341321,25,30,10
19,9672,0.0005660596355293517,0.19950455025199035,0.00042463987137999543,0.7995047502410998,25,30,10
19,9673,0.0005630110952182438,0.19950455025197267,0.0004246396177168774,0.7995077990350917,25,30,10
19,9674,0.0005678802578223008,0.19950455025213945,0.004902547342702293,0.7950250221473357,25,30,10
19,9675,0.0004979998670185864,0.19950455024897074,0.004902334926865701,0.7950951149571448,25,30,10
19,9676,0.0005009408788608162,0.19950455024908634,0.004902346155834624,0.795092162716218,25,30,10
19,9677,0.0005040288622372784,0.19950125437872038,0.0049025537541038085,0.7950921630049382,25,30,10
19,9678,0.0005070245848418097,0.19950125437872868,0.004902552357093647,0.7950891686793355,25,30,10
19,9679,0.0005030310745362794,0.19950125437869284,0.004902631917468418,0.795093082629302,25,30,10
19,9680,0.0005072379620727888,0.19950125437922236,0.004906240234985326,0.7950852674237191,25,30,10
19,9681,0.0005072842072999495,0.1999236123694233,0.004483836256086366,0.7950852671671896,25,30,10
19,9682,0.0005041796486569163,0.19992691581332445,0.004483637659593982,0.795085266878424,25,30,10
19,9683,0.0005111355402776359,0.19992691581339442,0.004483525504683148,0.7950784231416445,25,30,10
19,9684,0.0005071589591415506,0.19992691581333297,0.0044835213869436515,0.7950824038405816,25,30,10
19,9685,0.0005040948112982666,0.19992691581334135,0.004488232209059774,0.7950807571663002,25,30,10
19,9686,0.0005012201549656384,0.19992691581335076,0.004488232898534449,0.7950836311331487,25,30,10
19,9687,0.0004900416843946683,0.19992691581277783,0.004484540861785738,0.7950985016410413,25,30,10
19,9688,0.0005628272137281442,0.19992691581493985,0.00448469050092346,0.795025566470408,25,30,10
19,9689,0.0005628284617778578,0.19992692409147012,0.004484680976342708,0.7950255664704089,25,30,10
19,9690,0.0005509864810956991,0.19992692409135593,0.004484672298202852,0.7950374171293453,25,30,10
19,9691,0.0005540506882651026,0.19992385252690756,0.0044846796554393,0.7950374171293878,25,30,10
19,9692,0.0005540861528656486,0.1999238525269157,0.004484679220191449,0.7950373821000271,25,30,10
19,9693,0.0005520367415484196,0.19992385252692357,0.004484796578437671,0.7950393141530904,25,30,10
19,9694,0.0005510795658003994,0.1999238525268194,0.004484849976843993,0.7950402179305364,25,30,10
19,9695,0.0005481331388932651,0.19992385252681896,0.004484849908413422,0.7950431644258741,25,30,10
19,9696,0.000542925446774373,0.19992385252680958,0.004484938913167338,0.7950482831132483,25,30,10
19,9697,0.0005407886000249873,0.19992637383064385,0.004484554451364337,0.7950482831179666,25,30,10
19,9698,0.0005430512354804738,0.19992637383061798,0.004484533132164799,0.7950460418017364,25,30,10
19,9699,0.0005417825212476861,0.19992637383057194,0.004484431716593528,0.7950474119315865,25,30,10
19,9700,0.00046803168062724667,0.19992637382836484,0.004484357017357252,0.7951212374736504,25,30,10
19,9701,0.00046801848341749815,0.19992637382836562,0.004486517896434547,0.795119089791782,25,30,10
19,9702,0.00040816156723792377,0.19992637382617645,0.004486343623719387,0.7951791209828661,25,30,10
19,9703,0.0004081742700524028,0.19992637382617626,0.004484065202330891,0.7951813867014405,25,30,10
19,9704,0.0004151309525932887,0.1999263738261755,0.00448406709478194,0.7951744281264496,25,30,10
19,9705,0.00041525307925734437,0.1999263738261677,0.0044840675545385275,0.7951743055400368,25,30,10
19,9706,0.00043325172385992513,0.19992637382930586,0.004576415964413893,0.7950639584824205,25,30,10
19,9707,0.00036251925602466447,0.19992637382509598,0.004576245452953823,0.7951348614659257,25,30,10
19,9708,0.0004314014524575627,0.19985726994737557,0.004576466708370984,0.795134861891796,25,30,10
19,9709,0.0004305624406550288,0.19985809576634722,0.004576479891243253,0.7951348619017548,25,30,10
19,9710,0.0004325770993203481,0.19985809576630342,0.0045764782864636065,0.7951328488479125,25,30,10
19,9711,0.0004326494220841177,0.19985809576638366,0.004576485099888045,0.795132769711644,25,30,10
19,9712,0.000430629370573822,0.19985809576640903,0.004576487865520988,0.7951347869974967,25,30,10
19,9713,0.0004305598140817727,0.19985809576632949,0.004578107162196103,0.7951332372573932,25,30,10
19,9714,0.0004235066050252272,0.19985809576630248,0.004578089976079363,0.7951403076525932,25,30,10
19,9715,0.0006637194405230079,0.19985809576950192,0.004578316240652258,0.7948998685493232,25,30,10
19,9716,0.0006606542798761086,0.19985809576951025,0.004578315818205631,0.7949029341324083,25,30,10
19,9717,0.000660566410342089,0.19985809576949287,0.00457831811787249,0.7949030197022929,25,30,10
19,9718,0.0006579030149721041,0.19985809576952993,0.004578320873695716,0.7949056803418029,25,30,10
19,9719,0.0006725997227784164,0.19985809576960809,0.004578410464832333,0.7948908940427818,25,30,10
19,9720,0.0006726167446938719,0.1998580957696279,0.004578412988426813,0.794890874497252,25,30,10
19,9721,0.0006645648991192825,0.19985809576959188,0.004578326851343612,0.7948990124799458,25,30,10
19,9722,0.0006644947297065577,0.19985809576957356,0.004578325488744244,0.7948990840119764,25,30,10
19,9723,0.0006652280000723231,0.1998573821555227,0.004578305837628811,0.7948990840067769,25,30,10
19,9724,0.0006621956348940965,0.19985738215552273,0.004578310398204116,0.7949021118113803,25,30,10
19,9725,0.0006572538414070303,0.1998573821553556,0.0001004011785275543,0.7993849628247108,25,30,10
19,9726,0.0006601968753008217,0.19985738215535512,0.00010040114289686928,0.7993820198264481,25,30,10
19,9727,0.000656201978373111,0.19985738215532042,0.00010039714128521476,0.7993860187250224,25,30,10
19,9728,0.0005863548354181046,0.1999274491663299,0.00010017770369357479,0.7993860182945595,25,30,10
19,9729,0.0008295553017336709,0.19992744916849187,9.873799544747112e-05,0.7991442575343279,25,30,10
19,9730,0.0008226892956869071,0.1999344449098633,9.86082574347707e-05,0.7991442575370158,25,30,10
19,9731,0.0008257203489185549,0.19993444490988033,9.860600363104017e-05,0.7991412287375705,25,30,10
19,9732,0.0008226034651377831,0.19993444490988,9.860544759134098e-05,0.7991443461773915,25,30,10
19,9733,0.0008196817607667707,0.19993444490989876,9.852387208697245e-05,0.7991473494572481,25,30,10
19,9734,0.0008166848203044435,0.19993444490989018,9.852176429270408e-05,0.7991503485055133,25,30,10
19,9735,0.0005736029516931665,0.19993444490774512,9.8334148046874e-05,0.7993936179925153,25,30,10
19,9736,0.0005736381993840903,0.19993444490773554,9.833343911225587e-05,0.7993935834537688,25,30,10
19,9737,0.0005716247808744878,0.1999344449077795,9.84150292855409e-05,0.7993955152820611,25,30,10
19,9738,0.0005647005807220423,0.19993444490770013,9.840881410598381e-05,0.7994024456974723,25,30,10
19,9739,0.0005678715372468521,0.19993444490770138,9.840676301859403e-05,0.7993992767920336,25,30,10
19,9740,0.0005708677419787602,0.1999344449076926,9.840658782333952e-05,0.7993962807625057,25,30,10
19,9741,0.0005738285996745687,0.1999344449077018,9.844724767888543e-05,0.7993932792449452,25,30,10
19,9742,0.0005738090705585676,0.1999348516102496,9.80600622679087e-05,0.7993932792569239,25,30,10
19,9743,0.000574686509082484,0.19993485161030267,9.8064354552588e-05,0.7993923975260624,25,30,10
19,9744,0.0005716218043444642,0.19993485161033678,9.80638833984838e-05,0.7993954627019204,25,30,10
19,9745,0.0005714965856663043,0.1999348516103177,9.806294149338327e-05,0.7993955888625227,25,30,10
19,9746,0.0005686207326595757,0.19993485161032662,9.806362415982245e-05,0.7993984640328543,25,30,10
19,9747,0.0005706708303201464,0.1999348516102559,9.814100246404571e-05,0.7993963365569603,25,30,10
19,9748,0.0005676752306103534,0.1999348516102639,9.814105776617338e-05,0.79939933210136,25,30,10
19,9749,0.0005666177744069409,0.19993485161027835,9.808068120965753e-05,0.7994004499341054,25,30,10
19,9750,0.0005666190796126573,0.19993485161028773,9.816205314659537e-05,0.7994003672569534,25,30,10
19,9751,0.00032651151536883916,0.1999348516071058,9.79380752548543e-05,0.7996406988022707,25,30,10
19,9752,0.0003264418539750454,0.1999348516070969,9.793946023586358e-05,0.7996407670786922,25,30,10
19,9753,0.000326510861521303,0.19993485160709717,9.794003523369632e-05,0.7996406974961477,25,30,10
19,9754,0.00032962950813008424,0.19993485160709734,9.794102748791981e-05,0.7996375778572845,25,30,10
19,9755,0.00033262664041443186,0.19993485160708857,9.793888822571287e-05,0.7996345828642712,25,30,10
19,9756,0.0003365336220107325,0.1999348516071144,9.794118415999902e-05,0.7996306735867145,25,30,10
19,9757,0.0003205698849110373,0.19993485160395089,5.591877260287419e-06,0.7997389866338775,25,30,10
19,9758,0.00032062273778324504,0.1999348516039689,5.553242921786257e-06,0.7997389724153259,25,30,10
19,9759,0.000331467825356199,0.19993485160404773,5.559893063661809e-06,0.7997281206775325,25,30,10
19,9760,0.00033441506323385426,0.1999348516040483,7.2511349768355e-06,0.799723482197741,25,30,10
19,9761,0.0003324179302631346,0.19993485160395966,7.246176139499852e-06,0.7997254842896382,25,30,10
19,9762,0.00033245394430512034,0.19993485160399613,7.250343240206909e-06,0.7997254441084592,25,30,10
19,9763,0.00033446860315544945,0.1999348516039523,7.169325526359716e-06,0.7997235104673664,25,30,10
19,9764,0.0003344143831724066,0.19993485160393443,7.1680290109340866e-06,0.7997235659838827,25,30,10
19,9765,0.0003374276602807462,0.19993485160394317,7.16663073673229e-06,0.7997205541050398,25,30,10
19,9766,0.00034946837644218187,0.19993485160605787,7.233898028449775e-06,0.7997084461194721,25,30,10
19,9767,0.00034651028083875407,0.19993485160611135,7.170131916393333e-06,0.7997114679811341,25,30,10
19,9768,0.0003455804340070514,0.19993485160607574,7.084436032775049e-06,0.7997124835238851,25,30,10
19,9769,0.00033049179119073573,0.19993485160396138,7.01715103377799e-06,0.7997276394538149,25,30,10
19,9770,0.00033051166477487596,0.19993483791546826,7.010978014516375e-06,0.7997276394417432,25,30,10
19,9771,0.00039531442653619695,0.19993483791868308,5.551946251052953e-06,0.7996642957085305,25,30,10
19,9772,0.0003955062230026022,0.19993483791867553,5.552385308907508e-06,0.7996641034730138,25,30,10
19,9773,0.00039254367310728304,0.1999348379186748,5.4629896100855735e-06,0.7996671554186087,25,30,10
19,9774,0.0003956072991879988,0.1999348379186926,5.463810998286044e-06,0.7996640909711219,25,30,10
19,9775,0.0003955383858623377,0.19993483791867475,5.463021101067741e-06,0.7996641606743625,25,30,10
19,9776,0.0004105510735659075,0.19991982293494664,5.46529799966052e-06,0.7996641606934886,25,30,10
19,9777,0.00041054916787633855,0.19991982249756524,5.46765068532632e-06,0.7996641606838737,25,30,10
19,9778,0.00040758911622942103,0.19992223107001508,6.019134599181666e-06,0.7996641606791567,25,30,10
19,9779,0.0004086051273799151,0.19992223107007795,6.023860587773827e-06,0.7996631399419547,25,30,10
19,9780,0.0004106537831646379,0.1999222310700244,6.017515895945805e-06,0.7996610976309156,25,30,10
19,9781,0.0004096213223801621,0.19992223106997017,6.010983954770765e-06,0.7996621366236956,25,30,10
19,9782,0.0004176724139911144,0.19992223107009743,6.018646794172355e-06,0.7996540778691176,25,30,10
19,9783,0.0004206663957791047,0.19992223107008866,1.3072556469012035e-06,0.7996557952784858,25,30,10
19,9784,0.0004236094858465211,0.19991944714342855,1.1480922841899592e-06,0.7996557952784413,25,30,10
19,9785,0.0004267284116568347,0.19991944714342932,1.1486485014643193e-06,0.7996526757964127,25,30,10
19,9786,0.0004237659218530312,0.19992240184445284,1.1564371966139933e-06,0.7996526757964963,25,30,10
19,9787,0.0005384170170335454,0.19992240184455234,1.3537057056367988e-06,0.7995378274327072,25,30,10
19,9788,0.0005402953692004024,0.1999224018446433,1.5082166635180087e-06,0.7995357945694918,25,30,10
19,9789,0.0005403629332875697,0.19992233378561092,1.508709186904899e-06,0.7995357945719133,25,30,10
19,9790,0.000536300472345813,0.1999264060194811,1.498945991751387e-06,0.7995357945621803,25,30,10
19,9791,0.0005253675738631291,0.1999264060193851,1.4925060294453704e-06,0.7995467339007217,25,30,10
19,9792,0.0005283258658441154,0.19992640601933193,1.5137512499486128e-06,0.7995437543635737,25,30,10
19,9793,0.0005283134404574166,0.19992640601930586,1.5142065089328752e-06,0.7995437663337275,25,30,10
19,9794,0.0005313074792500403,0.19992640601931455,1.514360619072406e-06,0.7995407721408163,25,30,10
19,9795,0.0005281849762544987,0.19992640601931355,1.5138807468381902e-06,0.7995438951236851,25,30,10
19,9796,0.0005311647750989714,0.19992343316977745,1.5069315177735132e-06,0.7995438951236057,25,30,10
19,9797,0.000530974187743078,0.19992343316978528,1.5059752347454523e-06,0.7995440866672368,25,30,10
19,9798,0.0005339537134540779,0.19992343316984773,1.4835768730000673e-06,0.799541129539825,25,30,10
19,9799,0.0005310104274264204,0.19992343316984773,1.4835367421328844e-06,0.7995440728659835,25,30,10
19,9800,0.0005319920082380138,0.1999234331698923,1.4853122395145404e-06,0.7995430895096299,25,30,10
19,9801,0.0005310267404296395,0.19992343316984817,1.4840468316090851e-06,0.7995440560428904,25,30,10
19,9802,0.0005310762389119083,0.19992343316983927,1.5123614452780954e-06,0.7995439782298034,25,30,10
19,9803,0.0005300952267210719,0.19992343316979597,8.113568646125903e-06,0.7995383580348367,25,30,10
19,9804,0.0005300439333623336,0.1999126329781786,1.89650538338987e-05,0.7995383580346248,25,30,10
19,9805,0.00041553293544770533,0.19991263297809772,1.8770608719307526e-05,0.7996530634777348,25,30,10
19,9806,0.00042559470141353766,0.19818513854828856,0.0017362032516997764,0.7996530634985978,25,30,10
19,9807,0.00043244476472799396,0.19818513854831452,0.001736205580286685,0.7996462111066704,25,30,10
19,9808,0.0004354939366877879,0.19818513854831432,0.0017362055898351462,0.7996431619251625,25,30,10
19,9809,0.0004324296705451208,0.19818513854832273,0.0017362051609724762,0.7996462266201592,25,30,10
19,9810,0.00036464333260254446,0.19818513854509917,0.001735973396502626,0.7997142447257953,25,30,10
19,9811,0.0003616469019443693,0.19818513854508255,0.0017360880250394959,0.7997171265279331,25,30,10
19,9812,0.0003646426080755586,0.19818513854509034,0.001729485223090615,0.7997207336237429,25,30,10
19,9813,0.0003646404740796735,0.1981851385450902,0.0017294852144691952,0.7997207357663604,25,30,10
19,9814,0.00036164455497076286,0.19818513854509906,0.0017294854321184786,0.7997237314678114,25,30,10
19,9815,0.0003616986926543639,0.19818513854513425,0.0017294855848005003,0.7997236771774106,25,30,10
19,9816,0.0003617334041937236,0.1981851385451618,0.0017294875822943198,0.7997236404683497,25,30,10
19,9817,0.0003587375197958972,0.198188126084798,0.0017294959315621683,0.7997236404638436,25,30,10
19,9818,0.00035873777748103076,0.1981984360279391,0.001719185728271581,0.7997236404663078,25,30,10
19,9819,0.0003587556210927789,0.19819843602856418,0.0017192008770490316,0.7997236074732937,25,30,10
19,9820,0.00035783484081549743,0.19819843602850024,0.001719198324227164,0.7997245308064571,25,30,10
19,9821,0.0003579576003985531,0.19819843602849868,0.0017191971319433065,0.7997244092391592,25,30,10
19,9822,0.0003520654737413007,0.1969660041350537,0.0029575211444826583,0.7997244092467223,25,30,10
19,9823,0.0003520500761946434,0.19696600413442902,0.0029575600480364513,0.7997243857413397,25,30,10
19,9824,0.0003629465652286391,0.1969660041344981,0.002957478575112624,0.7997135707251605,25,30,10
19,9825,0.00036100318371980764,0.1969660041344213,0.003086801893719498,0.7995861907881401,25,30,10
19,9826,0.0003608817226058203,0.1969660041344036,0.0030934450115345045,0.7995796691314565,25,30,10
19,9827,0.000358857662678611,0.19820635915165202,0.0018551140713371627,0.7995796691143328,25,30,10
19,9828,0.0003588736333848185,0.1982063591516569,0.001725637964667511,0.7997091292502913,25,30,10
19,9829,0.0003618370859957116,0.1982063591516654,0.001725638438426136,0.7997061653239134,25,30,10
19,9830,0.0003588955950998407,0.19820968609097483,0.0017252529876714401,0.799706165326254,25,30,10
19,9831,0.00036189264926721676,0.19820968609098347,0.0017186092101338694,0.7997098120496156,25,30,10
19,9832,0.00036706923507603316,0.1982096860920562,0.001718723428771905,0.7997045212440961,25,30,10
19,9833,0.0003670691988674174,0.1982096860920565,0.0017187238999223256,0.7997045208091537,25,30,10
19,9834,0.00036729602087958975,0.19820968609198691,0.001810981636736777,0.7996120362503965,25,30,10
19,9835,0.0003743390463013192,0.19820265029327724,0.0018109743982035157,0.7996120362622178,25,30,10
19,9836,0.0003783161207432808,0.19820265029332135,0.0018109780628355978,0.7996080555230998,25,30,10
19,9837,0.00038127589144867495,0.19817166248854093,0.00183900609924863,0.799608055520762,25,30,10
19,9838,0.00037435933033089073,0.19817166248850604,0.0018390856370405933,0.799614892544123,25,30,10
19,9839,0.0003744797875673549,0.19817166248849818,0.0018390861587898007,0.7996147715651452,25,30,10
19,9840,0.0003815390771666413,0.1981645995313386,0.0018390898238434172,0.7996147715676518,25,30,10
19,9841,0.0003785796186727842,0.1969577560660656,0.0030488927476519695,0.7996147715676102,25,30,10
19,9842,0.00037572205216178655,0.19695775606609267,0.0030504766976731344,0.7996160451840728,25,30,10
19,9843,0.00037571701644624966,0.1969577560660917,0.0030505906223011435,0.7996159362951613,25,30,10
19,9844,0.0003677639254451258,0.19695775606615057,0.0030507653126298517,0.7996237146957749,25,30,10
19,9845,0.00036777908075710195,0.19695775606615964,0.0030507682995723874,0.7996236965535114,25,30,10
19,9846,0.00036785257056779283,0.19695775606619578,0.0030507694733516054,0.7996236218898854,25,30,10
19,9847,0.00036487116544813047,0.1969577560662131,0.0030507704287112613,0.7996266023396281,25,30,10
19,9848,0.0003649936919415715,0.1969577560662314,0.0030507694519094765,0.7996264807899182,25,30,10
19,9849,0.0003659235046831552,0.19695775606631152,0.003050811979895296,0.7996255084491106,25,30,10
19,9850,0.000599222454496612,0.19695775606850038,0.0030510791245350662,0.7993919423524685,25,30,10
19,9851,0.0005891480529478073,0.19868487062118906,0.0013340389917452919,0.7993919423341176,25,30,10
19,9852,0.0008293566355803215,0.19868487062386606,0.0013359380397711868,0.7991498347007818,25,30,10
19,9853,0.0008403388420000073,0.19988967270766547,0.00012015373999289273,0.7991498347103411,25,30,10
19,9854,0.0008293464488668035,0.17117126929679657,0.028849549553443085,0.7991498347008934,25,30,10
19,9855,0.0008223004711081282,0.17117126929670973,0.028849546789697488,0.7991568834424844,25,30,10
19,9856,0.0008223709184071414,0.1711715787624412,0.02884916687900847,0.799156883440143,25,30,10
19,9857,0.0008183237845811604,0.17117563364285618,0.028849159144367517,0.7991568834281949,25,30,10
19,9858,0.0008162392212740778,0.17117771217001784,0.028849165175919653,0.7991568834327881,25,30,10
19,9859,0.0008079603741424925,0.17117771216894478,0.028849080602503237,0.7991652468544092,25,30,10
19,9860,0.0009196378189245304,0.1711777121690534,0.02884924875314327,0.7990534012588784,25,30,10
19,9861,0.0009195890988271541,0.15242893011361897,0.04759807952285845,0.7990534012646978,25,30,10
19,9862,0.0009154042548145991,0.15242893011355596,0.047598074425543514,0.7990575912060881,25,30,10
19,9863,0.0009154479336384301,0.1811803242100632,0.018846636643096226,0.7990575912132013,25,30,10
19,9864,0.0009153250620415099,0.18118032421005434,0.018846636698183112,0.7990577140297204,25,30,10
19,9865,0.0009122602395775197,0.18118032421003613,0.018846604522959755,0.7990608110274259,25,30,10
19,9866,0.0009161840290694288,0.18118032421006208,0.01884660756167399,0.7990568841991939,25,30,10
19,9867,0.0009271327689556393,0.18118032421014135,0.01884666604363248,0.7990458769772699,25,30,10
19,9868,0.0009162902176057932,0.18118032421008037,0.01884669409431623,0.799056691477997,25,30,10
19,9869,0.0009153641026439463,0.18118125993238698,0.018846684489266727,0.7990566914757017,25,30,10
19,9870,0.0009205928788273511,0.18118125993342446,0.01884671477600169,0.7990514324117464,25,30,10
19,9871,0.0009106884271961963,0.1811812599334072,0.0188467251380242,0.7990613265013724,25,30,10
19,9872,0.0009136648891741191,0.18117827463395664,0.018846733977834252,0.7990613264990348,25,30,10
19,9873,0.0006865444645663615,0.18117827463138053,0.018844846646429866,0.7992903342576229,25,30,10
19,9874,0.0006865292988566917,0.18117827463124217,0.01884475269015603,0.799290443379745,25,30,10
19,9875,0.0006824287889990288,0.1811823764944766,0.018844751341541743,0.7992904433749826,25,30,10
19,9876,0.0006813847782328131,0.19993170587681772,9.646596643933793e-05,0.79929044337851,25,30,10
19,9877,0.0006813850527342125,0.19993170587681836,9.646742865860291e-05,0.7992904416417888,25,30,10
19,9878,0.0005697069567790243,0.19993170587670991,9.629781608928341e-05,0.7994022893504212,25,30,10
19,9879,0.0005676368559803344,0.19993377311203894,9.630067675533399e-05,0.7994022893552245,25,30,10
19,9880,0.0005675164636669231,0.19993377311202093,9.6183966390426e-05,0.7994025264579209,25,30,10
19,9881,0.0005622175371131448,0.1999337731109482,9.615160772409104e-05,0.7994078577442135,25,30,10
19,9882,0.0005622701723208659,0.1999337731109567,9.606719970933353e-05,0.7994078895170119,25,30,10
19,9883,0.0008037727736133576,0.19969263643254512,9.570098988163271e-05,0.7994078898039588,25,30,10
19,9884,0.0008005472839594667,0.1996926364325444,3.4407144173770356e-06,0.7995033755690778,25,30,10
19,9885,0.0008005138184131044,0.1996926364325441,3.437115757695483e-06,0.7995034126332841,25,30,10
19,9886,0.0008024522792965057,0.19969263643252794,3.422101657730457e-06,0.7995014891865169,25,30,10
19,9887,0.0007995393114119254,0.19969263643251817,3.421988532185774e-06,0.7995044022675368,25,30,10
19,9888,0.0008033774491446568,0.19969263643251747,3.424296449221982e-06,0.7995005618218882,25,30,10
19,9889,0.0008073005280280715,0.1996926364325789,3.3487375023643623e-06,0.7994967143018903,25,30,10
19,9890,0.0008143974225109065,0.19969263643261465,3.3542311961704663e-06,0.7994896119136784,25,30,10
19,9891,0.0008143459797232951,0.19969263643260646,3.354144772721266e-06,0.7994896634428978,25,30,10
19,9892,0.0008143814300493687,0.19969263643259727,3.3548980297098524e-06,0.7994896272393244,25,30,10
19,9893,0.0008173087049440811,0.19969263643257065,3.3535158201356586e-06,0.7994867013466657,25,30,10
19,9894,0.0005739516705514547,0.1999354382620793,3.909014738805867e-06,0.7994867010526311,25,30,10
19,9895,0.0005738818017318421,0.19993543826203503,3.946786012678696e-06,0.7994867331502209,25,30,10
19,9896,0.0005740586421534472,0.19993543826207272,4.093367108656664e-06,0.7994864097286656,25,30,10
19,9897,0.0005740583777512187,0.1999354316796783,4.1002139901752175e-06,0.7994864097285808,25,30,10
19,9898,0.0005740433074225275,0.19993543167966876,4.0988150848046615e-06,0.7994864261978241,25,30,10
19,9899,0.0005701187307625677,0.19993543167963373,4.095788814626084e-06,0.7994903538007894,25,30,10
19,9900,0.000570170417050534,0.19993543167964206,4.095859690644227e-06,0.7994903020436174,25,30,10
19,9901,0.0005671756280990879,0.19993543167963457,3.981941507634112e-06,0.7994934107507593,25,30,10
19,9902,0.0005642688930134426,0.19993543167964423,4.0230176302617095e-06,0.7994962764097124,25,30,10
19,9903,0.0005643926204022598,0.19992445978882908,1.4871168939962543e-05,0.7994962764218292,25,30,10
19,9904,0.0005663694476164677,0.19992445978890824,1.4878274668860981e-05,0.7994942924888069,25,30,10
19,9905,0.0005808118542927765,0.19987854035751818,4.6355289378476116e-05,0.7994942924988112,25,30,10
19,9906,0.0005676719982925925,0.19987854035740948,4.634490286746354e-05,0.7995074427414305,25,30,10
19,9907,0.0005706159797857415,0.19987854035740912,4.6344902678217976e-05,0.799504498760127,25,30,10
19,9908,0.0005746887566069709,0.19987461433096915,4.619815453365709e-05,0.7995044987578903,25,30,10
19,9909,0.0005776484935948828,0.19987461433098716,4.619954798293971e-05,0.7995015376274351,25,30,10
19,9910,0.0005775935635062692,0.19987461433200235,4.605453959995458e-05,0.7995017375648914,25,30,10
19,9911,0.0005815184896594447,0.19987461433097561,4.6137895230143525e-05,0.7994977292841348,25,30,10
19,9912,0.0005815347786673883,0.19987461433097622,4.613842700758068e-05,0.7994977124633488,25,30,10
19,9913,0.0005826206167301792,0.19987461433098755,4.605887510128837e-05,0.7994967061771808,25,30,10
19,9914,0.0005825492903906273,0.19988554990157834,3.519463820674991e-05,0.7994967061698242,25,30,10
19,9915,0.0005814245004031896,0.1998855499015587,3.5192037055989134e-05,0.7994978335609819,25,30,10
19,9916,0.0005814089686519393,0.19988554990156518,3.518851180873059e-05,0.799497852617974,25,30,10
19,9917,0.0005814090113500643,0.19988554990156548,3.519057122180479e-05,0.7994978505158624,25,30,10
19,9918,0.0005801991192993901,0.19988554990164417,3.530964101054791e-05,0.7994989413380454,25,30,10
19,9919,0.0005761642055376313,0.19986758507989488,5.730937428060738e-05,0.7994989413402865,25,30,10
19,9920,0.0005762330550106025,0.1998675850799044,5.73100847633741e-05,0.7994988717803214,25,30,10
19,9921,0.0005762133682760635,0.19986758507990404,5.726967187627689e-05,0.7994989318799435,25,30,10
19,9922,0.0005762638711647962,0.19986758507991265,5.72712635420279e-05,0.7994988797853805,25,30,10
19,9923,0.000572407354826112,0.1998675850798779,5.718831363026114e-05,0.7995028192516659,25,30,10
19,9924,0.0005754023900643884,0.19986758507988558,5.718695764265809e-05,0.7994998255724073,25,30,10
19,9925,0.000575526871100411,0.1998675850798955,5.9467259839848455e-05,0.7994974207891642,25,30,10
19,9926,0.0005765596987359688,0.199867585079914,5.9610319504074693e-05,0.7994962449018458,25,30,10
19,9927,0.0005834242368429089,0.19986758508000974,6.203588603532684e-05,0.799486954797112,25,30,10
19,9928,0.0005862815857469957,0.1998675850799826,6.041341007140632e-05,0.7994857199241993,25,30,10
19,9929,0.0005912777496553787,0.1998675850799381,6.0323946411842204e-05,0.7994808132239949,25,30,10
19,9930,0.0005902952837906948,0.19986758507984054,6.028045140568783e-05,0.7994818391849631,25,30,10
19,9931,0.000590300526998872,0.18443545320107935,0.015492406861686731,0.7994818394102352,25,30,10
19,9932,0.0005901250716412703,0.18443545320109625,0.01549240408645393,0.7994820176408084,25,30,10
19,9933,0.000575715854481303,0.18448075141430947,0.015461515100285034,0.799482017630924,25,30,10
19,9934,0.0005787629075273469,0.1844807514143097,0.015461515122600593,0.7994789705555623,25,30,10
19,9935,0.0005719140496518786,0.1844807514147494,0.015456836919215487,0.799490497616383,25,30,10
19,9936,0.000568972643539826,0.18448075141501669,0.015587096512126832,0.7993631794293166,25,30,10
19,9937,0.0005661691169350808,0.18448075141503512,0.015587097843291988,0.7993659816247378,25,30,10
19,9938,0.0005682768615508451,0.18447923146958708,0.015586510048958568,0.7993659816199036,25,30,10
19,9939,0.0005613537011741078,0.18447923146956058,0.015586478228887535,0.7993729366003778,25,30,10
19,9940,0.0005583565405629772,0.18447923146956918,0.015586476895795953,0.7993759350940725,25,30,10
19,9941,0.0005613393601925682,0.18447923146957776,0.015586477922402212,0.7993729512478279,25,30,10
19,9942,0.0005583615697575028,0.18447923146961326,0.015586478553068914,0.7993759284075608,25,30,10
19,9943,0.0005553662336623042,0.18447923146962159,0.015586478649362134,0.7993789236473545,25,30,10
19,9944,0.0005573456249190681,0.18447923146961212,0.015586376252660808,0.7993770466528082,25,30,10
19,9945,0.000557329386043065,0.18447923146960335,0.015586376082665046,0.7993770630616889,25,30,10
19,9946,0.0005779107436584214,0.1844665279552239,0.01557849822541036,0.7993770630757078,25,30,10
19,9947,0.0005869907864113164,0.18446652795532356,0.015578507946198488,0.7993679733120672,25,30,10
19,9948,0.0005839215826011941,0.18446960017236116,0.015578504933060289,0.799367973311978,25,30,10
19,9949,0.0005958744116413362,0.18444987571641352,0.015586275993325462,0.7993679738786199,25,30,10
19,9950,0.0006028299367421798,0.18444987571645668,0.015586278607740511,0.7993610157390607,25,30,10
19,9951,0.0006029549511209476,0.18444987571646682,0.015588558116309905,0.7993586112161023,25,30,10
19,9952,0.0006059355919264568,0.18444987571647464,0.015588557676586979,0.7993556310150121,25,30,10
19,9953,0.0006089839572983605,0.18444987571618074,0.015458299572503364,0.7994828407540175,25,30,10
19,9954,0.0006120533326769036,0.1844498757161723,0.015458303490531186,0.7994797674606197,25,30,10
19,9955,0.0006001876461461803,0.18446912828229248,0.015450917177671606,0.7994797668938898,25,30,10
19,9956,0.0005981031216100946,0.18446912828230955,0.015450919383235527,0.7994818492128446,25,30,10
19,9957,0.0008353716545475892,0.18446912828551898,0.01545118574014305,0.7992443143197902,25,30,10
19,9958,0.0008322665955975646,0.18446912828551942,0.015451182205029008,0.7992474229138538,25,30,10
19,9959,0.001069352971583044,0.184469128292238,0.015453035027432283,0.7990084837087467,25,30,10
19,9960,0.0010703764294085756,0.18446912829223996,0.015453000772821322,0.7990074945055301,25,30,10
19,9961,0.0010703949559464168,0.18446912829225873,0.015453005100272752,0.7990074716515221,25,30,10
19,9962,0.0010733747117728483,0.18446912829226705,0.01545308060908053,0.7990044163868797,25,30,10
19,9963,0.0010704297995420059,0.18446912829226655,0.015452964658644899,0.7990074772495467,25,30,10
19,9964,0.0010674813418500798,0.19990420330599093,2.083832788267056e-05,0.7990074770242765,25,30,10
19,9965,0.001061566646075572,0.1999042033059582,2.2460994810027037e-05,0.7990117690531562,25,30,10
19,9966,0.001058692879181754,0.19990420330596745,2.2461681555769925e-05,0.7990146421332951,25,30,10
19,9967,0.0010379885339055048,0.19993924922922965,8.120124902127993e-06,0.7990146421119627,25,30,10
19,9968,0.0010500139231264288,0.19993924922932982,9.75416672538528e-06,0.7990009826808183,25,30,10
19,9969,0.0010529574429375124,0.19993629818078557,9.761693034887301e-06,0.799000982683242,25,30,10
19,9970,0.00104903314097427,0.199936298180724,9.755249459152976e-06,0.7990049134288426,25,30,10
19,9971,0.0010400889019743153,0.19993629818064224,9.74542586608889e-06,0.7990138674915176,25,30,10
19,9972,0.001042039206738861,0.19993629818071398,9.750882120078382e-06,0.7990119117304268,25,30,10
19,9973,0.0010460178753235966,0.19993629818073994,9.754738009314053e-06,0.7990079292059273,25,30,10
19,9974,0.0010449598493914294,0.19993629818073796,8.127637141979298e-06,0.7990106143327289,25,30,10
19,9975,0.0010478872972730375,0.19993629818018352,8.096858994560154e-06,0.7990077176635495,25,30,10
19,9976,0.0010449831885323807,0.19993906663148792,8.232516253722824e-06,0.7990077176637267,25,30,10
19,9977,0.0010488348312261368,0.19993906663154015,8.233250911419343e-06,0.799003865286323,25,30,10
19,9978,0.0010487831513006005,0.19993950440498764,7.847152586396832e-06,0.7990038652911262,25,30,10
19,9979,0.0010487630030643646,0.1999395044049616,7.84439603805527e-06,0.7990038881959366,25,30,10
19,9980,0.0008146024986442367,0.1999395043982163,5.992041774965193e-06,0.7992399010613649,25,30,10
19,9981,0.000812617343824068,0.19993950439813626,6.104765683995238e-06,0.7992417734923563,25,30,10
19,9982,0.0008235814583632499,0.19992872511575624,5.9199239227241005e-06,0.7992417735019584,25,30,10
19,9983,0.0008265432713051985,0.1999251741623635,6.509059527014253e-06,0.7992417735068048,25,30,10
19,9984,0.000826491783471856,0.1999251741623719,6.507638638871244e-06,0.7992418264155178,25,30,10
19,9985,0.0008412367657450456,0.19992517416244987,6.515740777958205e-06,0.7992270733310276,25,30,10
19,9986,0.0008343172289416625,0.1999251741624059,6.5120895418466085e-06,0.7992339965191113,25,30,10
19,9987,0.0008263994190173162,0.19993308851903335,6.5155524403854375e-06,0.7992339965095097,25,30,10
19,9988,0.0008263987775719299,0.19993308851903382,6.517631663200229e-06,0.7992339950717318,25,30,10
19,9989,0.0008932711788605251,0.19993308852122343,6.708652208528971e-06,0.7991669316477084,25,30,10
19,9990,0.0008932515412329281,0.19993308852119637,6.708118195304941e-06,0.7991669518193758,25,30,10
19,9991,0.0006598852107841827,0.1999330885190066,6.438975725650604e-06,0.7994005872944844,25,30,10
19,9992,0.0006529838312458783,0.19993308851899882,6.439964673981128e-06,0.7994074876850816,25,30,10
19,9993,0.0006528599169377942,0.19993396073487577,5.691665576046589e-06,0.7994074876826097,25,30,10
19,9994,0.0006488988458318385,0.19993396073487704,5.690505901525115e-06,0.7994114499133889,25,30,10
19,9995,0.0006362917092225803,0.1999339607347648,1.038152776900218e-05,0.799419366028243,25,30,10
19,9996,0.0006331901216043329,0.19993396073476422,5.680389920210407e-06,0.7994271687537107,25,30,10
19,9997,0.0006330487441682743,0.199933960734745,3.4016046918975986e-06,0.7994295889163943,25,30,10
19,9998,0.0006210408568254835,0.19993396073465505,1.8508224915114958e-06,0.799443147586027,25,30,10
19,9999,0.00061809791513131,0.19869837360655332,0.0012403808970882658,0.7994431475812261,25,30,10
19,10000,0.0006150322301961366,0.1986983736065616,0.0012403791141935097,0.799446215049048,25,30,10
