run,generation,degenerate,holistic,other,compositional,popsize,turnover_rounds,group_rounds
1,0,0.623110363863091,0.010601680463194381,0.35625910946451145,0.010028846209183161,50,20,20
1,1,0.5025345449965112,0.006776816274413948,0.4784487157228385,0.012239923006238189,50,20,20
1,2,0.3600125952751385,0.013497006548047495,0.6101586612033232,0.016331736973486707,50,20,20
1,3,0.2614987273065788,0.03986426779826444,0.6910262592745265,0.007610745620624577,50,20,20
1,4,0.20111357441726138,0.019049069020119803,0.7576251761264307,0.022212180436186515,50,20,20
1,5,0.1586684406855573,0.03548457576215145,0.7995404678885688,0.0063065156637235695,50,20,20
1,6,0.11557253432492579,0.008624390175901157,0.8507008829619066,0.0251021925372628,50,20,20
1,7,0.11497317672066702,0.018818130438919126,0.8475327785239366,0.018675914316472766,50,20,20
1,8,0.07555333385561798,0.023597603629967438,0.84958696907543,0.051262093438978924,50,20,20
1,9,0.07561169748942394,0.02099279368874525,0.8470825246184426,0.05631298420337909,50,20,20
1,10,0.07745037353285275,0.01818343939181004,0.8640476844373259,0.0403185026380014,50,20,20
1,11,0.055079098871030865,0.02449346052282799,0.8976644049182344,0.022763035687899343,50,20,20
1,12,0.03510563235558192,0.037423845741007156,0.8959792308545903,0.03149129104881578,50,20,20
1,13,0.034702748703749176,0.05741843525606865,0.8616661109630442,0.04621270507713288,50,20,20
1,14,0.05468998718828981,0.04474451154629853,0.864817953696831,0.035747547568576094,50,20,20
1,15,0.05468999129067317,0.04784021896460075,0.8604758109364444,0.03699397880827722,50,20,20
1,16,0.0546899868750538,0.04830713137366974,0.8601098858049163,0.03689299594635605,50,20,20
1,17,0.054689934018613634,0.04223232743944944,0.8656241852721537,0.03745355326977859,50,20,20
1,18,0.04548899383453406,0.0476607396824488,0.8677666447432038,0.039083621739808866,50,20,20
1,19,0.03559435389729627,0.04761640582121851,0.824206590867474,0.09258264941400653,50,20,20
1,20,0.02054333828034944,0.04799631272309351,0.8544674046660353,0.07699294433051994,50,20,20
1,21,0.02054333758836567,0.044489164364764335,0.8270104467789409,0.10795705126792832,50,20,20
1,22,0.019567844725561487,0.04075207823889333,0.851491895131246,0.08818818190429811,50,20,20
1,23,0.019567828349260217,0.039956519290787675,0.8434896302635506,0.09698602209640082,50,20,20
1,24,0.01957009948482875,0.02432694801647419,0.8748400782017768,0.08126287429691953,50,20,20
1,25,0.01957009948482875,0.024332301608470303,0.8807597894832565,0.07533780942344247,50,20,20
1,26,0.01965711356585638,0.024979977591232654,0.8799966517629842,0.07536625707992556,50,20,20
1,27,0.01965711356586868,0.0450265446655561,0.8599215922971594,0.07539474947141328,50,20,20
1,28,0.019657452795927167,0.044986396072695826,0.8591130057848573,0.0762431453465166,50,20,20
1,29,0.019897844082688118,0.045145137798411866,0.8929765038234926,0.04198051429540342,50,20,20
1,30,0.019897848202953983,0.046918643287797004,0.8903690633060747,0.04281444520317099,50,20,20
1,31,0.020526291061271584,0.0576537002075372,0.8787795136468719,0.04304049508431668,50,20,20
1,32,0.020526291081913898,0.05793516278318427,0.8784905060854322,0.04304804004946661,50,20,20
1,33,0.02052682558986477,0.056421032379408535,0.8782614550120873,0.044790687018637455,50,20,20
1,34,0.02019320717042526,0.05642098902282731,0.8636916811685349,0.059694122638209654,50,20,20
1,35,0.020193207163388186,0.059888319147853794,0.8765225996340504,0.043395874054703854,50,20,20
1,36,0.02019339174313718,0.059888082517430774,0.8765178600882696,0.043400665651158236,50,20,20
1,37,0.020193391735153606,0.06655000655122117,0.8698503364077952,0.043406265305826836,50,20,20
1,38,0.02027672834973912,0.06655022140719727,0.8527885343688141,0.060384515874245356,50,20,20
1,39,0.0202767283480836,0.0679944609810304,0.8522817896605324,0.05944702101035059,50,20,20
1,40,0.02003637845351229,0.06785966369267943,0.8422921910774757,0.06981176677632898,50,20,20
1,41,0.020036378557836864,0.06102286198956912,0.8660679784838827,0.052872780968706984,50,20,20
1,42,0.020036378561448596,0.047861252145753645,0.8790190199654873,0.0530833493273057,50,20,20
1,43,0.020036378576101663,0.040677883974961804,0.8862029944125509,0.05308274303638096,50,20,20
1,44,0.020030686985970478,0.04067718039012149,0.8847944221832873,0.05449771044061701,50,20,20
1,45,0.019927867280096864,0.04067717867767266,0.8849039637809475,0.05449099026127997,50,20,20
1,46,0.01992786316022459,0.05769863752875652,0.8678824516823477,0.05449104762866791,50,20,20
1,47,0.01995180454105182,0.05769868524672333,0.8678490698919228,0.054500440320299263,50,20,20
1,48,0.01995180454105197,0.0576986853069258,0.8486407756653136,0.07370873448670594,50,20,20
1,49,0.020004881700729237,0.0576986853069284,0.8369086663740077,0.08538776661833188,50,20,20
1,50,0.020004886453831704,0.05769876968102462,0.8368828049678294,0.08541353889731154,50,20,20
1,51,0.020004886453825393,0.05778504489426017,0.8484836467151676,0.07372642193674384,50,20,20
1,52,0.02000488645389214,0.06479884252415948,0.8412195369705114,0.0739767340514346,50,20,20
1,53,0.020004845818529567,0.06479885323912637,0.8390205411589092,0.07617575978343236,50,20,20
1,54,0.020004845818530143,0.08030002943698561,0.8235193681675322,0.0761757565769504,50,20,20
1,55,0.020880193720078818,0.08030002945354571,0.8051349851121015,0.09368479171427206,50,20,20
1,56,0.020687129892672077,0.08030095606686556,0.8053068133145226,0.09370510072593813,50,20,20
1,57,0.020687129892672077,0.08030095650028356,0.8045409169435118,0.09447099666353034,50,20,20
1,58,0.020687501689787818,0.08030101874861813,0.8045404799358127,0.09447099962577953,50,20,20
1,59,0.02068523060296177,0.08030645612805581,0.8022477416764197,0.09676057159256221,50,20,20
1,60,0.02068520023773876,0.0803616143978558,0.8183638126563202,0.08058937270808521,50,20,20
1,61,0.020685200237740623,0.08468856955121225,0.8140368574913,0.0805893727197468,50,20,20
1,62,0.0207111559969411,0.08468856955121275,0.8140108920918594,0.0805893823599864,50,20,20
1,63,0.020711155996942877,0.08468856955108503,0.7958553812153168,0.09874489323665454,50,20,20
1,64,0.020416331558776157,0.08468856739585359,0.7962126773949452,0.09868242365042366,50,20,20
1,65,0.020416341212360398,0.08469565782235008,0.8135701019965133,0.08131789896877407,50,20,20
1,66,0.020625710544946295,0.08469565861156253,0.7934265822612481,0.1012520485822386,50,20,20
1,67,0.020625799310814635,0.0847157646098573,0.7934063781298707,0.10125205794945309,50,20,20
1,68,0.020625799310814635,0.0847157646098573,0.793361157992498,0.1012972780868258,50,20,20
1,69,0.020625799315528468,0.09760345214340782,0.7804783833329111,0.10129236520814784,50,20,20
1,70,0.02054247359103238,0.09760493832198172,0.7805602228136087,0.10129236527337378,50,20,20
1,71,0.020557691207674963,0.09756559408713886,0.7816955201091963,0.10018119459598665,50,20,20
1,72,0.020557709598808534,0.09757160333892145,0.7816894841605944,0.10018120290167229,50,20,20
1,73,0.020557709598414936,0.08538032667385201,0.7938808182864641,0.10018114544126566,50,20,20
1,74,0.020557709598415023,0.08538032667571482,0.7740062575256823,0.12005570620018448,50,20,20
1,75,0.02055770959900908,0.08538029888939201,0.7746976679901807,0.11936432352141449,50,20,20
1,76,0.020531753839915644,0.0853803501003126,0.7744620829044188,0.11962581315534936,50,20,20
1,77,0.020531753839915692,0.08538035010206568,0.774464661168245,0.11962323488977025,50,20,20
1,78,0.02053175383991572,0.08230198285663111,0.7775430261968679,0.1196232371065817,50,20,20
1,79,0.020531753894779046,0.08230195862404725,0.7775430503729152,0.11962323710825613,50,20,20
1,80,0.020516302786539757,0.08230196390528606,0.7775573013147772,0.11962443199339454,50,20,20
1,81,0.020516302786539677,0.08230196390342331,0.7775982775349739,0.11958345577506066,50,20,20
1,82,0.020516302797584478,0.08230307085736763,0.7775971705699043,0.11958345577514132,50,20,20
1,83,0.02051811173852219,0.08249230566625014,0.7766044226214749,0.12038515997375106,50,20,20
1,84,0.02049417035772768,0.08259157392290833,0.7759275692242535,0.12098668649510859,50,20,20
1,85,0.02049417035772763,0.08259157392115549,0.7759251712819761,0.12098908443913886,50,20,20
1,86,0.020494170357069654,0.08259285178446675,0.7759187824222518,0.12099419543620962,50,20,20
1,87,0.02049417039866662,0.08266644336902611,0.7742827590968727,0.12255662713543244,50,20,20
1,88,0.0204941703986666,0.08091530029660837,0.7760339043946971,0.12255662491002577,50,20,20
1,89,0.0204941703493308,0.08475565997870664,0.7737564810829266,0.1209936885890337,50,20,20
1,90,0.020494170334606224,0.08776420231974241,0.7707432473926746,0.12099837995297413,50,20,20
1,91,0.020541239976779594,0.08777227433943217,0.7706418955252298,0.12104459015855701,50,20,20
1,92,0.020580390769273826,0.08887877437396101,0.7694881041280794,0.12105273072868447,50,20,20
1,93,0.020580390769392057,0.08887878703366718,0.750551699782983,0.1399891224139567,50,20,20
1,94,0.020580394983615656,0.08887884664203209,0.750543323940542,0.13999743443380988,50,20,20
1,95,0.02058039578040507,0.08887727994602054,0.7501015379906601,0.14044078628291434,50,20,20
1,96,0.0205803957804239,0.09360650087498351,0.7452189433534029,0.14059415999118877,50,20,20
1,97,0.020580409778110136,0.09360650088022952,0.7452189293348442,0.14059416000681577,50,20,20
1,98,0.020580391386978873,0.0936113261328624,0.7452141307767591,0.14059415170339895,50,20,20
1,99,0.020580388261650883,0.09429329669726569,0.7445315594865195,0.14059475555456324,50,20,20
1,100,0.020580392571438892,0.09128508878037916,0.7475444544587511,0.14059006418943032,50,20,20
1,101,0.02058040303410367,0.09128508364580577,0.7482124656650044,0.13992204765508529,50,20,20
1,102,0.02058078066269808,0.09130111449455244,0.7484573446893448,0.1396607601534038,50,20,20
1,103,0.019708207327927676,0.09130151883236197,0.7493542632416095,0.13963601059810027,50,20,20
1,104,0.019708207465580795,0.09120220394788722,0.7493976740523025,0.13969191453422844,50,20,20
1,105,0.01970820746571311,0.09120274648547358,0.749396985410903,0.13969206063790854,50,20,20
1,106,0.01970819620298271,0.09120274977558605,0.7494084591925783,0.13968059482885153,50,20,20
1,107,0.020188883111147984,0.09120279207500989,0.7488876829049943,0.13972064190884623,50,20,20
1,108,0.020188884203610327,0.09120279207504195,0.7488876818124336,0.13972064190891154,50,20,20
1,109,0.020205460827549482,0.09119573280870986,0.7491757860494244,0.13942302031431358,50,20,20
1,110,0.020210088145885718,0.09130608764174031,0.749056032889225,0.13942779132314714,50,20,20
1,111,0.020123154700800405,0.09087418020385173,0.7495745140568146,0.13942815103853054,50,20,20
1,112,0.020123183229717276,0.09089786644211495,0.7495604001723342,0.13941855015583138,50,20,20
1,113,0.020131865918534612,0.09181857712632416,0.7486266172962506,0.1394229396588891,50,20,20
1,114,0.020131967913059944,0.09550840214388766,0.7449331413311839,0.13942648861186804,50,20,20
1,115,0.02013369124017866,0.09550840579949535,0.744931410824202,0.13942649213612263,50,20,20
1,116,0.020133694065988618,0.09550795737709156,0.7449320024918094,0.13942634606510892,50,20,20
1,117,0.020425737144637034,0.09550789512875739,0.744640024623743,0.13942634310285973,50,20,20
1,118,0.020425737144637034,0.09550789512875828,0.7446398772180042,0.13942649050859762,50,20,20
1,119,0.020425737404573895,0.09550789403860785,0.7452840079740691,0.13878236058274665,50,20,20
1,120,0.020425737404573745,0.0955078939784109,0.7449907666591058,0.1390756019579069,50,20,20
1,121,0.020409151128686225,0.09550802285229093,0.745007225086101,0.13907560093291932,50,20,20
1,122,0.020409070790176967,0.09563690994668261,0.7443817635523148,0.13957225571082327,50,20,20
1,123,0.020495015340719534,0.09563718615112354,0.7442960544363075,0.13957174407184605,50,20,20
1,124,0.0205232073410063,0.09563733552169118,0.743809861764845,0.14002959537245316,50,20,20
1,125,0.020523203031317425,0.09571414095150724,0.7437328023731058,0.14002985364406492,50,20,20
1,126,0.02052320292699436,0.09571413531301866,0.7437636838995971,0.13999897786038226,50,20,20
1,127,0.02061836897502799,0.09571303865579653,0.743669614379159,0.1399989779900078,50,20,20
1,128,0.02061837112769685,0.09571004421535095,0.74911722549637,0.13455435916057187,50,20,20
1,129,0.02061837112606115,0.09571097818646138,0.7491162915636997,0.13455435912376712,50,20,20
1,130,0.020137683878061616,0.09580269457560724,0.7495429467190996,0.13451667482722202,50,20,20
1,131,0.020137972886403094,0.09583056141487326,0.7495374121013515,0.13449405359736266,50,20,20
1,132,0.02010977675012684,0.09583071610774917,0.750031073483443,0.13402843365867192,50,20,20
1,133,0.020109776752408725,0.09583617948961848,0.7496951620059076,0.13435888175205782,50,20,20
1,134,0.020109773926508923,0.09584029661551652,0.7496910477364035,0.13435888172156407,50,20,20
1,135,0.020109773921728337,0.09593880962238108,0.7495925354563592,0.13435888099952545,50,20,20
1,136,0.02010977405261178,0.09593785513068286,0.7495986008660113,0.13435376995068973,50,20,20
1,137,0.020109774052611794,0.09593342446455941,0.7496030315321341,0.13435376995068993,50,20,20
1,138,0.020109774052612158,0.09592749074061581,0.7496089652560478,0.13435376995071957,50,20,20
1,139,0.02010803673203075,0.09592929017362574,0.7496089066542045,0.13435376644013453,50,20,20
1,140,0.0201070349775799,0.09573995998049332,0.7498366049372207,0.13431640010470072,50,20,20
1,141,0.02010703497758001,0.09546060485551225,0.750115960062222,0.1343164001046803,50,20,20
1,142,0.020107034977666288,0.09546060485598044,0.7501159600915102,0.1343164000748381,50,20,20
1,143,0.020107659762330473,0.09546060612502635,0.7501151494788959,0.13431658463374163,50,20,20
1,144,0.020056846734640005,0.09546189701589759,0.7501599602531737,0.13432129599628553,50,20,20
1,145,0.02005788184004449,0.09546009392975142,0.7501607282252752,0.13432129600492554,50,20,20
1,146,0.020057592434080326,0.0956837914531788,0.7499373920966985,0.13432122401603905,50,20,20
1,147,0.019971320093998882,0.09571174355760668,0.7499956909309323,0.13432124541745957,50,20,20
1,148,0.02008005953375693,0.09571175334167643,0.7498861204192648,0.13432206670529928,50,20,20
1,149,0.020032805433540087,0.09570375727148708,0.7499803238643978,0.13428311343057298,50,20,20
1,150,0.02003353955871031,0.095651764049354,0.7489311361051726,0.13538356028676124,50,20,20
1,151,0.03856124361975587,0.09565176292532689,0.7304036010059569,0.13538339244895647,50,20,20
1,152,0.0407631284916257,0.09565175631710195,0.7281958025884627,0.13538931260280646,50,20,20
1,153,0.042179983979000184,0.09565174653294402,0.7267797778330142,0.1353884916550375,50,20,20
1,154,0.04218074528119089,0.09560733803912738,0.7268236796322961,0.13538823704738082,50,20,20
1,155,0.042180745281190896,0.09560733803916505,0.7335174126786846,0.1286945040009554,50,20,20
1,156,0.042180745281190896,0.09560733803916398,0.7335173237961432,0.12869459288349783,50,20,20
1,157,0.037923099990939804,0.09560782578306457,0.7377690008198706,0.12870007340612116,50,20,20
1,158,0.03791847353749393,0.09549747990697943,0.73786393990495,0.12872010665057315,50,20,20
1,159,0.037918473459259965,0.09750698610281427,0.7358549160293828,0.12871962440853943,50,20,20
1,160,0.03792088848162693,0.09750698897072592,0.7358524752945602,0.1287196472530847,50,20,20
1,161,0.03792088848165412,0.09750658158803942,0.7354287486212014,0.12914378130910278,50,20,20
1,162,0.019392803473323592,0.09750721576342063,0.7536321782538125,0.12946780250944057,50,20,20
1,163,0.019392803473324262,0.0972021187050528,0.7539372753121978,0.12946780250941953,50,20,20
1,164,0.019392803473323592,0.11718121533257785,0.7339581786846213,0.12946780250947446,50,20,20
1,165,0.019392803758886735,0.1171812160977278,0.7339581758602561,0.12946780428312693,50,20,20
1,166,0.01939280384124123,0.12088034785893192,0.7302588964349109,0.1294679518649137,50,20,20
1,167,0.01955841722129606,0.12087994614211758,0.7301144251138418,0.12944721152274183,50,20,20
1,168,0.019558417221290824,0.127733220170434,0.7234145247931002,0.12929383781517242,50,20,20
1,169,0.019558417221290827,0.12772688713013053,0.7234208578334035,0.12929383781517256,50,20,20
1,170,0.019558417906230568,0.12378941246237188,0.7273583243637483,0.12929384526764381,50,20,20
1,171,0.017356232030514687,0.1237894151159644,0.72951973479925,0.12933461805426272,50,20,20
1,172,0.017356232030514687,0.13929444763095103,0.7140147022842988,0.1293346180542272,50,20,20
1,173,0.0173562320305142,0.13958372667449567,0.7137254232407636,0.12933461805421775,50,20,20
1,174,0.017715334266925092,0.1395782639911663,0.7137021260024653,0.12900427573943515,50,20,20
1,175,0.017715334266955443,0.13957826399537235,0.7141858241922985,0.1285205775453662,50,20,20
1,176,0.017761020809607776,0.139561534689551,0.7141566099957842,0.12852083450504995,50,20,20
1,177,0.01776102080959429,0.1479693055730083,0.705748839113009,0.12852083450438287,50,20,20
1,178,0.017761020809594283,0.14796930557315466,0.6990554908506879,0.13521418276655733,50,20,20
1,179,0.01776102072691245,0.14427016048542435,0.7027547836654537,0.13521403512220392,50,20,20
1,180,0.017761012963815218,0.1435867149179843,0.7034387231982309,0.13521354891996507,50,20,20
1,181,0.01776091092203018,0.1586779885223813,0.6883511006140509,0.13520999994153413,50,20,20
1,182,0.017665787198685154,0.15867822891532138,0.688362725311402,0.13529325857458765,50,20,20
1,183,0.028650291242113914,0.15867822891608682,0.6773782211981413,0.13529325864365357,50,20,20
1,184,0.028650296050555055,0.1598092112614327,0.6762472339491795,0.13529325873882836,50,20,20
1,185,0.028650296050552616,0.15989184823543856,0.6761645969869527,0.13529325872705197,50,20,20
1,186,0.02865029765521059,0.15989079933027725,0.6761656517698853,0.13529325124462274,50,20,20
1,187,0.02865020889121379,0.15991549530301966,0.6761410538260608,0.1352932419797009,50,20,20
1,188,0.029702106071299066,0.15991524527174844,0.6751725512055725,0.13521009745137516,50,20,20
1,189,0.029702105205709678,0.15991674188463215,0.6750576151164293,0.13532353779322343,50,20,20
1,190,0.029702105205703835,0.1599152366081359,0.674341115300185,0.1360415428859695,50,20,20
1,191,0.029702105205703697,0.15790536832445443,0.6763509249338326,0.1360416015360032,50,20,20
1,192,0.029702105205703697,0.1579053683245292,0.6763511896702701,0.13604133679949137,50,20,20
1,193,0.029409690400019443,0.15790536834757563,0.6766436044529079,0.13604133679949143,50,20,20
1,194,0.029409690400088232,0.16239064505330944,0.6721583277168608,0.13604133682973513,50,20,20
1,195,0.029409690399971263,0.1623906319601855,0.6718754681876788,0.13632420945215837,50,20,20
1,196,0.02940887971510361,0.16239067623566206,0.672109705912862,0.13609073813636638,50,20,20
1,197,0.02945912255011278,0.16239067555518383,0.6720594655253567,0.13609073636934058,50,20,20
1,198,0.02925018021176394,0.16239070008079423,0.6552727650494906,0.15308635465794473,50,20,20
1,199,0.029323142751362007,0.16239070733196193,0.6552476825040447,0.15303846741262475,50,20,20
1,200,0.029323142751362052,0.16239128875270797,0.6552471010823656,0.15303846741355767,50,20,20
1,201,0.01444487016243422,0.16239609122068735,0.6701261388838167,0.15303289973305725,50,20,20
1,202,0.022524166085861833,0.1623960813326634,0.6620468535450966,0.15303289903637263,50,20,20
1,203,0.022524166085861993,0.14271088324567852,0.6817319478777266,0.15303300279072796,50,20,20
1,204,0.022524166113228637,0.14271088325628997,0.6818873509774445,0.15287759965303205,50,20,20
1,205,0.02099823277119215,0.14277637028475432,0.683347627205667,0.15287776973838318,50,20,20
1,206,0.021461760511112794,0.14277637103643273,0.6828840807052053,0.1528777877472458,50,20,20
1,207,0.021461382882411353,0.14276031787614835,0.6829007232666838,0.15287757597475335,50,20,20
1,208,0.02146147899139751,0.1427611434628933,0.6821300202198419,0.1536473573258642,50,20,20
1,209,0.021461478991396245,0.14276114346289315,0.6918831629136675,0.14389421463203828,50,20,20
1,210,0.040324387775884186,0.14276114059594275,0.6730200335393327,0.143894438088836,50,20,20
1,211,0.04032438777592025,0.1427612485564236,0.6579419288124018,0.1589724348552483,50,20,20
1,212,0.040324387775851456,0.1427701809337536,0.6579329964653843,0.15897243482500464,50,20,20
1,213,0.04032438774848481,0.1427701809229583,0.6577774428912216,0.15912798843732923,50,20,20
1,214,0.047085486803984285,0.1427701811539328,0.6510163427896262,0.15912798925244925,50,20,20
1,215,0.047085486815551095,0.1427701398247489,0.6510165014975958,0.15912787186209726,50,20,20
1,216,0.04708548668581896,0.1427720289859629,0.6510146124059328,0.15912787192227976,50,20,20
1,217,0.04708548187739345,0.14176015008971452,0.6520264962056692,0.15912787182721744,50,20,20
1,218,0.04708548187739345,0.14175909184805405,0.6520275544473286,0.15912787182721844,50,20,20
1,219,0.04708548187788828,0.14164187222941513,0.6521447739676496,0.1591278719250416,50,20,20
1,220,0.047085481877888274,0.14164187222941513,0.6519785967590935,0.15929404913359738,50,20,20
1,221,0.047085481877888545,0.14164187070421838,0.6519630855544777,0.1593095618634102,50,20,20
1,222,0.036603796213877,0.14164251253775925,0.6624441268881672,0.15930956436019225,50,20,20
1,223,0.03660379908970305,0.1416390865601643,0.6628716753438765,0.15888543900625207,50,20,20
1,224,0.036595137342340905,0.14071835937916777,0.6637874270795818,0.1588990761989048,50,20,20
1,225,0.03659506007490061,0.14071772846450264,0.6641121531833921,0.15857505827719962,50,20,20
1,226,0.03659505719900533,0.1408353600053643,0.6639945297833101,0.15857505301231517,50,20,20
1,227,0.03659505719900535,0.14083536000536806,0.6639944188847632,0.1585751639108582,50,20,20
1,228,0.03659505719900527,0.14061332204828209,0.6642164568098302,0.1585751639428775,50,20,20
1,229,0.03654482739756317,0.14061332196302534,0.6642666867032334,0.15857516393617296,50,20,20
1,230,0.03654465988663671,0.14061336215124734,0.6641285094323147,0.15871346852979584,50,20,20
1,231,0.03654423289239965,0.14061333683648208,0.6611547591975518,0.16168767107356086,50,20,20
1,232,0.01771653645939293,0.1406173767748498,0.6799746401103367,0.16169144665541593,50,20,20
1,233,0.017715775157662338,0.14072992848585586,0.6798628513697654,0.16169144498671148,50,20,20
1,234,0.0183957586032499,0.14072973669155697,0.6791830600285682,0.16169144467662025,50,20,20
1,235,0.0183966214217559,0.14072973998036514,0.6792000014950158,0.1616736371028581,50,20,20
1,236,0.018396621421726368,0.14072963169059638,0.6751361895842269,0.16573755730344544,50,20,20
1,237,0.018396621431485977,0.1339413949330071,0.6819244263326305,0.16573755730287204,50,20,20
1,238,0.03576307611265583,0.1339413935503191,0.6645575815887855,0.16573794874823478,50,20,20
1,239,0.03579559511856056,0.13408321631560283,0.6637593295818749,0.16636185898395828,50,20,20
1,240,0.03581064512765463,0.13408321626632844,0.6637595748593383,0.16634656374667497,50,20,20
1,241,0.0356859470550027,0.13407792373778882,0.6638896035968276,0.16634652561037705,50,20,20
1,242,0.03500764692845974,0.13407793018495742,0.664567897293019,0.16634652559355992,50,20,20
1,243,0.03500764692845434,0.13406648814931166,0.6645793393309168,0.1663465255913142,50,20,20
1,244,0.035007646195806805,0.13365938168067776,0.6654834621631724,0.1658495099603387,50,20,20
1,245,0.035007646195806805,0.1336593816809094,0.6654807046214535,0.16585226750182597,50,20,20
1,246,0.035007646369609964,0.152183742919496,0.646956340334882,0.16585227037600866,50,20,20
1,247,0.034985556726583156,0.152175857701848,0.6469870224905517,0.16585156308101354,50,20,20
1,248,0.03489217961624985,0.1521758676586847,0.6470809114005608,0.16585104132450104,50,20,20
1,249,0.03489239007931169,0.1531031757887758,0.6456925536713467,0.1663118804605622,50,20,20
1,250,0.045239398013092,0.15310254482761002,0.6353461790729936,0.16631187808630238,50,20,20
1,251,0.04520183916880667,0.1530985079961326,0.6353455953278481,0.1663540575072102,50,20,20
1,252,0.04520183916880667,0.15309992109974646,0.6353441822242339,0.1663540575072102,50,20,20
1,253,0.04520183916880709,0.15309992109995219,0.6353478238982072,0.16635041583303065,50,20,20
1,254,0.04520183916881695,0.15309992109997736,0.6257250734566896,0.17597316627451323,50,20,20
1,255,0.04641169328886803,0.15309991111575924,0.6245152312528921,0.17597316434247776,50,20,20
1,256,0.04641169314721539,0.15309994219004175,0.6245660983433916,0.17592226631934832,50,20,20
1,257,0.04641169317006573,0.15309774641316787,0.6245682914367946,0.17592226897996913,50,20,20
1,258,0.06002087029937859,0.15309774656531502,0.6109591154004992,0.17592226773480368,50,20,20
1,259,0.06002087075732328,0.15300633218904205,0.6110505312791976,0.1759222657744339,50,20,20
1,260,0.06002088786909044,0.15291457598437128,0.6111446232203029,0.17591991292623255,50,20,20
1,261,0.06022039067877368,0.15291468483318404,0.6109139760561065,0.1759509484319334,50,20,20
1,262,0.060220292249233094,0.15297267013983773,0.6116130244446092,0.1751940131663181,50,20,20
1,263,0.06005190746270808,0.15297949239839922,0.6117745850380317,0.1751940151008586,50,20,20
1,264,0.06005190746267596,0.15297949239418315,0.6112893642772331,0.17567923586590556,50,20,20
1,265,0.06005190700418234,0.15318556705586084,0.6110832900899659,0.17567923584998865,50,20,20
1,266,0.06005711093967716,0.15318562261702373,0.6110780296785459,0.17567923676475045,50,20,20
1,267,0.0600571109396673,0.15318562261699847,0.610943209861601,0.17581405658173033,50,20,20
1,268,0.060057110939654275,0.15318562261609936,0.6109413778955376,0.17581588854870614,50,20,20
1,269,0.08005031413270496,0.15318561904777797,0.5909483973179455,0.17581566950156938,50,20,20
1,270,0.08005036031927475,0.1531926672014013,0.5914977960924754,0.17525917638684646,50,20,20
1,271,0.08005036014360005,0.15462350335249064,0.5900669630935357,0.17525917341037112,50,20,20
1,272,0.08004962386510582,0.15462891429684295,0.591094992676187,0.17422646916186216,50,20,20
1,273,0.08004962386510595,0.14867423839108657,0.5970496685431621,0.1742264692006433,50,20,20
1,274,0.08004975761095487,0.14872467331866632,0.5969990949384684,0.17422647413190873,50,20,20
1,275,0.080050940359965,0.148738914179487,0.5973200654571562,0.17389008000338993,50,20,20
1,276,0.080050940359965,0.14873891417941215,0.5973197903889179,0.17389035507170333,50,20,20
1,277,0.08050101301583468,0.1487390067779807,0.596757600769534,0.17400237943664876,50,20,20
1,278,0.08049874888480577,0.1487377215002546,0.5967658656609398,0.17399766395399965,50,20,20
1,279,0.0804987488848883,0.1486197681892525,0.5849181744469562,0.1859633084789036,50,20,20
1,280,0.08046699493204133,0.14844981629199494,0.5857363724652174,0.18534681631074718,50,20,20
1,281,0.08046699496879278,0.14844821538823305,0.5857379685392986,0.18534682110367598,50,20,20
1,282,0.08046699496870982,0.1484481592775783,0.5779550618676365,0.19312978388607618,50,20,20
1,283,0.08046728334464881,0.14844815616972684,0.5780009778752087,0.19308358261041586,50,20,20
1,284,0.08046723181549463,0.14839750199670745,0.5780516630137058,0.19308360317409248,50,20,20
1,285,0.08047038266603476,0.14853617931246915,0.5779045311096,0.1930889069118964,50,20,20
1,286,0.06685602164394028,0.1485371702488189,0.591517901303074,0.1930889068041674,50,20,20
1,287,0.06685602164394028,0.1485371702488189,0.5915179016316243,0.19308890647561727,50,20,20
1,288,0.06685602164394024,0.14876227381170992,0.5912927980999911,0.19308890644435883,50,20,20
1,289,0.06685782016617452,0.14876227380279125,0.590946275810107,0.19343363022092666,50,20,20
1,290,0.06685700704365362,0.14879892135966713,0.5908958460675353,0.19344822552914348,50,20,20
1,291,0.06685718159763093,0.14879890459161557,0.5908955110587649,0.19344840275198827,50,20,20
1,292,0.06641613829141725,0.14992688199559498,0.5902873702731047,0.193369609439883,50,20,20
1,293,0.06641613829141732,0.14992361701924575,0.5902906352494754,0.1933696094398597,50,20,20
1,294,0.055566486740595125,0.14992368567142886,0.6011309493134562,0.19337887827451955,50,20,20
1,295,0.05556651562649788,0.14968047903338408,0.6013740794434307,0.19337892589668687,50,20,20
1,296,0.055566515626492424,0.15089930582381691,0.6001552526570323,0.19337892589265857,50,20,20
1,297,0.05556651562649248,0.15093914433011213,0.6001154141507375,0.1933789258926577,50,20,20
1,298,0.05556651765819821,0.15304592591697636,0.5980086079063894,0.19337894851843646,50,20,20
1,299,0.05556648877374992,0.15498301741815362,0.596071696565594,0.193378797242503,50,20,20
1,300,0.05556648863139171,0.15498294010291372,0.5946907711723579,0.1947598000933372,50,20,20
1,301,0.055566488631425805,0.15932221690412887,0.590351494032462,0.19475980043198363,50,20,20
1,302,0.055566488631211025,0.15926340006787204,0.5889510162038324,0.19621909509708488,50,20,20
1,303,0.05556648873573203,0.15926729464188913,0.5889470005456764,0.19621921607670503,50,20,20
1,304,0.05556648873573203,0.15924710447055956,0.5889671907169945,0.1962192160767164,50,20,20
1,305,0.05556640694068058,0.15924671769726642,0.5885411494687426,0.19664572589331322,50,20,20
1,306,0.055566423004093125,0.17241348782703494,0.5753743632729222,0.19664572589595256,50,20,20
1,307,0.05554286386492506,0.17241991407381727,0.575388944166169,0.19664827789509154,50,20,20
1,308,0.05554284656847583,0.17238315600721002,0.5754474357010557,0.19662656172326134,50,20,20
1,309,0.0555428465684754,0.17238315600735243,0.575449192834045,0.1966248045901299,50,20,20
1,310,0.05554267180611238,0.17238307648798076,0.5754584254611718,0.19661582624473858,50,20,20
1,311,0.05554267180611278,0.17176499030783923,0.5760765116404413,0.1966158262456105,50,20,20
1,312,0.05554267180611278,0.1717649903078399,0.5760763997830579,0.19661593810299297,50,20,20
1,313,0.05554267180611276,0.1717649903078414,0.5760816545700647,0.1966106833159845,50,20,20
1,314,0.06523384779797914,0.17203050921314336,0.5661227784260681,0.19661286456281238,50,20,20
1,315,0.06523384779797914,0.17202992308822262,0.5661233645509592,0.19661286456284233,50,20,20
1,316,0.06522948717136488,0.17202986567510148,0.5660746444523721,0.19666600270116394,50,20,20
1,317,0.06522948718148579,0.172032784064852,0.5660720700706073,0.19666565868305752,50,20,20
1,318,0.06522948507340004,0.1720327727027433,0.5675808600032493,0.19515688222060976,50,20,20
1,319,0.05984588002803203,0.17203909171287815,0.5729578263100984,0.19515720194899186,50,20,20
1,320,0.05984588002803203,0.17203909171287843,0.5729638857791122,0.19515114247997833,50,20,20
1,321,0.05984588002803203,0.17203909171287843,0.5729639745855033,0.1951510536735871,50,20,20
1,322,0.059845883147739844,0.17203615876412878,0.5729668438231866,0.1951511142649457,50,20,20
1,323,0.0629843224903502,0.17203894170104628,0.5698256217927886,0.19515111401581542,50,20,20
1,324,0.06789143475032663,0.171774878960214,0.5651826932377733,0.1951509930516867,50,20,20
1,325,0.06789143475032663,0.17177487896032598,0.5651776593853161,0.19515602690403192,50,20,20
1,326,0.06789143475032665,0.1717212765219467,0.5652312618236942,0.19515602690403278,50,20,20
1,327,0.06789143475032713,0.17172134219802834,0.566122477359171,0.19426474569247396,50,20,20
1,328,0.06789143475032713,0.17172134219802834,0.5661224336049433,0.1942647894467017,50,20,20
1,329,0.06789916646919739,0.17165606520380067,0.5661801482989905,0.19426462002800998,50,20,20
1,330,0.06789385992499293,0.17083332111416805,0.56704143913192,0.19423137982891744,50,20,20
1,331,0.06789385994021441,0.17083214824387677,0.5670426119850492,0.1942313798308581,50,20,20
1,332,0.06789994356799768,0.17082581630053548,0.5668978151919495,0.19437642493951704,50,20,20
1,333,0.06789643663779342,0.17068727070467563,0.5670451714838529,0.19437112117367922,50,20,20
1,334,0.06789642110518983,0.17266755816738047,0.5650648995556284,0.1943711211718024,50,20,20
1,335,0.06789523931698692,0.17264773647069873,0.5651054692758476,0.19435155493646636,50,20,20
1,336,0.07293764145647293,0.1723822169308151,0.560330871907381,0.19434926970533042,50,20,20
1,337,0.07293764146565224,0.17238221789437344,0.5603416753184072,0.19433846532156626,50,20,20
1,338,0.07293743245310914,0.17145500120399615,0.5465315687914436,0.20907599755145012,50,20,20
1,339,0.0729374314924184,0.17145801101456393,0.5465285792922178,0.2090759782007988,50,20,20
1,340,0.09204273678342854,0.17145084351501563,0.5274305872107233,0.20907583249083114,50,20,20
1,341,0.09204273678342917,0.17120117991665967,0.5276802508090704,0.20907583249083803,50,20,20
1,342,0.09203976942798218,0.17120108519454225,0.5278309099257019,0.20892823545177083,50,20,20
1,343,0.07293449136728186,0.17120123172906843,0.5469360211563993,0.2089282557472472,50,20,20
1,344,0.07293449136742115,0.17120116605669358,0.5460538566378721,0.20981048593800997,50,20,20
1,345,0.0729343167894422,0.17125223344502113,0.5460031393410901,0.209810310424443,50,20,20
1,346,0.07298266765599117,0.17125180061515205,0.5306080644595557,0.22515746726929822,50,20,20
1,347,0.07298266765599119,0.1712490492863716,0.5306108157870351,0.22515746727059927,50,20,20
1,348,0.0729826676559912,0.17124904928678933,0.5315258161016273,0.22424246695558916,50,20,20
1,349,0.0729826676559912,0.17124904928678933,0.5315258146259879,0.22424246843122855,50,20,20
1,350,0.07297892763675004,0.17094374661472006,0.5318348582550539,0.22424246749347315,50,20,20
1,351,0.07297892763675665,0.17093959010821716,0.5318390147628338,0.22424246749218962,50,20,20
1,352,0.07297898783318159,0.1795023923757181,0.5232761177436185,0.2242425020474789,50,20,20
1,353,0.07297898783172702,0.1775719316524198,0.5252065739446952,0.22424250657115458,50,20,20
1,354,0.0928822505882104,0.1775719316524116,0.5053033112596453,0.22424250649972954,50,20,20
1,355,0.09288225058821033,0.17756965853787673,0.5053055843741763,0.2242425064997341,50,20,20
1,356,0.07778962527115615,0.17757161344925446,0.501837607233865,0.24280115404572272,50,20,20
1,357,0.07778962526197683,0.17757161248569278,0.5015755462702207,0.2430632159821081,50,20,20
1,358,0.07778962526196445,0.17757161248006095,0.5014462086889443,0.24319255356902883,50,20,20
1,359,0.07778962530692506,0.17757161247999476,0.48169882944478637,0.2629399327682918,50,20,20
1,360,0.07780387652261335,0.1775717187545657,0.4814252051583683,0.26319919956445115,50,20,20
1,361,0.07780387647765274,0.17757171875431188,0.48130221345557295,0.2633221913124609,50,20,20
1,362,0.07780387647751297,0.17757171875060504,0.48129307573506247,0.26333132903681805,50,20,20
1,363,0.07779382874608123,0.17757163936030795,0.48160658119854327,0.2630279506950661,50,20,20
1,364,0.07781618355009597,0.17757034617814643,0.4815855195888348,0.2630279506829227,50,20,20
1,365,0.07781618355009597,0.1775703461781464,0.4815839662059612,0.26302950406579617,50,20,20
1,366,0.07781618355009613,0.17757034617832573,0.48158529225642044,0.2630281780151573,50,20,20
1,367,0.07781618355009602,0.17757034617597955,0.4629811145176434,0.2816323557562804,50,20,20
1,368,0.07781620609426212,0.17757026533764259,0.46298081093219406,0.2816327176359009,50,20,20
1,369,0.077807777689222,0.177570055298605,0.4629894497312712,0.281632717280902,50,20,20
1,370,0.07780775772391134,0.17756907182337386,0.4629904372517629,0.28163273320095056,50,20,20
1,371,0.07780775833614448,0.17756907192088042,0.46409781866246463,0.2805253510805096,50,20,20
1,372,0.07780775833614607,0.1775690719206016,0.46410151550247236,0.2805216542407792,50,20,20
1,373,0.0778077586996814,0.17756836829225928,0.4641022187672792,0.28052165424077946,50,20,20
1,374,0.0778077586996814,0.17756836829225928,0.4641023133374189,0.28052155967063963,50,20,20
1,375,0.07780775869841633,0.1775683872432098,0.46410220418054665,0.28052164987782663,50,20,20
1,376,0.07780775869841633,0.17757024167733632,0.4641003497448332,0.28052164987941347,50,20,20
1,377,0.0778077586984176,0.17757024252082,0.46489014591417643,0.2797318528665858,50,20,20
1,378,0.0778337055197116,0.1775701375353444,0.4648884427358661,0.27970771420907925,50,20,20
1,379,0.06078816216180946,0.1775673543945676,0.4819367688119263,0.2797077146316974,50,20,20
1,380,0.06078816216369758,0.1775680755109282,0.48192923419689054,0.2797145281284845,50,20,20
1,381,0.060788162153949755,0.16588654427498073,0.49361076321708736,0.27971453035398375,50,20,20
1,382,0.06078815480288866,0.16593313346204547,0.4934888271634668,0.27978988457160053,50,20,20
1,383,0.060766025709212766,0.1659325419740426,0.49351154413962606,0.27978988817712014,50,20,20
1,384,0.05975984491042498,0.165932543683373,0.49451772394832366,0.27978988745787997,50,20,20
1,385,0.059761689284893296,0.16593254193018717,0.494515881597263,0.27978988718765824,50,20,20
1,386,0.059761689284893296,0.1659317873222632,0.4945166362067753,0.2797898871860699,50,20,20
1,387,0.059761689284893296,0.16593178761250718,0.5026300905771104,0.27167643252549023,50,20,20
1,388,0.05976238928520962,0.16597991610182242,0.5025770267945529,0.27168066781841643,50,20,20
1,389,0.059762560882121035,0.16387318542075419,0.5046836085308362,0.2716806451662899,50,20,20
1,390,0.059762538301690586,0.16393853294550445,0.5046186502602414,0.2716802784925651,50,20,20
1,391,0.059762535141382696,0.16395708267442793,0.504600105831337,0.2716802763528515,50,20,20
1,392,0.059762535141382696,0.16395708267442738,0.5045999759403439,0.27168040624384515,50,20,20
1,393,0.05976253595315784,0.16391048590193233,0.5047219376455934,0.27160504049931455,50,20,20
1,394,0.04051104365678535,0.1639105033795063,0.5238513541060505,0.27172709885765384,50,20,20
1,395,0.04051104365678533,0.16396130641006262,0.5238005510752616,0.27172709885788654,50,20,20
1,396,0.04028567901608111,0.16935117497701346,0.5186367327057625,0.27172641330113934,50,20,20
1,397,0.04028567901608111,0.16937133316270303,0.5186165745200833,0.2717264133011287,50,20,20
1,398,0.040285679016047835,0.1707389156486229,0.5172489923837312,0.2717264129515945,50,20,20
1,399,0.04026883048619711,0.17073893088592984,0.5176105541144257,0.2713816845134437,50,20,20
1,400,0.04026882995550668,0.16966841851298814,0.5186810670188204,0.27138168451268097,50,20,20
1,401,0.04026885301903469,0.16966841845697103,0.5190456860132499,0.271017042510741,50,20,20
1,402,0.04026885301903469,0.1696684184566288,0.5190551057951033,0.27100762272923,50,20,20
1,403,0.04026876799994687,0.16649958214795693,0.5222299514116253,0.27100169844046773,50,20,20
1,404,0.04026876802306628,0.1665275256148255,0.5222023405423384,0.27100136581976686,50,20,20
1,405,0.04026876802306628,0.16652752561472492,0.5222021741833957,0.27100153217881007,50,20,20
1,406,0.04026876802306628,0.16652752561430756,0.5212937945773812,0.2719099117852421,50,20,20
1,407,0.04026876802306628,0.16652301136864278,0.5212983088225931,0.27190991178569507,50,20,20
1,408,0.04026799397100664,0.16647522389094987,0.5213511258698782,0.2719056562681618,50,20,20
1,409,0.04026799848634928,0.16652773498242102,0.5212986101380715,0.2719056563931547,50,20,20
1,410,0.040267998486237834,0.17213851363212662,0.5156878227334426,0.2719056651481903,50,20,20
1,411,0.04026799812273566,0.17213735126032012,0.51568898546875,0.2719056651481908,50,20,20
1,412,0.04026126799735413,0.17213731975630825,0.5155542854810587,0.2720471267652751,50,20,20
1,413,0.04026126800195829,0.17208625237201491,0.5156053572409313,0.2720471223850924,50,20,20
1,414,0.04026001763469763,0.17208652418764586,0.5156063148026837,0.2720471433749697,50,20,20
1,415,0.0402600176346977,0.17208652389765333,0.5269830114530775,0.2606704470145676,50,20,20
1,416,0.04026001763469642,0.17208652305416966,0.5262038111665549,0.26144964814457466,50,20,20
1,417,0.04026001763549031,0.1528998141229704,0.5453905180853098,0.26144965015622434,50,20,20
1,418,0.040260017638268655,0.1528998141240045,0.5458999112774697,0.26094025696025186,50,20,20
1,419,0.04026001763823489,0.1529900992691326,0.5458096247676507,0.26094025832497664,50,20,20
1,420,0.040260293408573455,0.15299009928220073,0.5459598380899803,0.2607897692192404,50,20,20
1,421,0.04026029341595528,0.15299059394068856,0.545966247043767,0.2607828655995853,50,20,20
1,422,0.04026188671620787,0.1529903221250041,0.5459649465490765,0.26078284460970785,50,20,20
1,423,0.04026188670769571,0.1529903221276089,0.5379706454095463,0.2687771457551447,50,20,20
1,424,0.040261871937958965,0.15299023068780332,0.5331693237162602,0.27357857365797345,50,20,20
1,425,0.0402596120024698,0.15299098594780558,0.5331708266574804,0.2735785753922403,50,20,20
1,426,0.04025961200246977,0.15304216798166928,0.5331196459880393,0.27357857402781754,50,20,20
1,427,0.04025961200246815,0.15304216798165893,0.5331156490302067,0.2735825709856618,50,20,20
1,428,0.040310908175597925,0.15304209359627313,0.5331518532211393,0.27349514500698435,50,20,20
1,429,0.04031090817555591,0.15304209383055573,0.5323615493006821,0.27428544869320093,50,20,20
1,430,0.04031090817555591,0.15304209383055553,0.5323464431615996,0.27430055483228366,50,20,20
1,431,0.039568313493554004,0.1530421548532332,0.5331647573740124,0.2742247742791955,50,20,20
1,432,0.039675463432251916,0.15304215479075972,0.5330576080857803,0.27422477369120324,50,20,20
1,433,0.03967546343228491,0.15304215479075942,0.5331043590702899,0.2741780227066611,50,20,20
1,434,0.039675463556962415,0.15304089830404308,0.5331056153246653,0.27417802281432446,50,20,20
1,435,0.039675489879067494,0.1530404764929655,0.5331060125440007,0.27417802108396144,50,20,20
1,436,0.039594271022305026,0.15396537473953134,0.5313864385614928,0.27505391567666604,50,20,20
1,437,0.0404436934234744,0.15288013890822966,0.5258080974193396,0.28086807024895216,50,20,20
1,438,0.040443692612414414,0.15288016945921462,0.5257986837972501,0.28087745413111637,50,20,20
1,439,0.040444553047854305,0.15282740695903257,0.5258505819134285,0.28087745807967957,50,20,20
1,440,0.040444553047861535,0.1528274069590733,0.5258594869395637,0.2808685530534964,50,20,20
1,441,0.04044369779734946,0.1528669886255333,0.5258207645594078,0.2808685490177043,50,20,20
1,442,0.04044369779734946,0.15286698862551124,0.52582059911107,0.2808687144660642,50,20,20
1,443,0.04044369804255047,0.152063022708155,0.5266245667001972,0.2808687125490918,50,20,20
1,444,0.040915850158866354,0.152063022666668,0.5261523968828464,0.2808687302916137,50,20,20
1,445,0.04091557620793673,0.15206306694557678,0.5103361179874087,0.29668523885907216,50,20,20
1,446,0.04091557634609937,0.1520630715954049,0.5098169267579733,0.29720442530051705,50,20,20
1,447,0.04091557634608759,0.1699704430051388,0.4919095575729061,0.29720442307586264,50,20,20
1,448,0.04091554993506161,0.169970161044317,0.4919026648527201,0.29721162416789637,50,20,20
1,449,0.040949074870178466,0.16997010587697708,0.49186919511447225,0.2972116241383676,50,20,20
1,450,0.04094907487014548,0.16997010587721384,0.4918199259078488,0.2972608933447873,50,20,20
1,451,0.04094907487014548,0.1699701225018854,0.49456708409034084,0.29451371853762376,50,20,20
1,452,0.04078782091071083,0.16997012250189467,0.49472833804985145,0.29451371853753827,50,20,20
1,453,0.04078781909127847,0.1699700782026882,0.49054496762237626,0.2986971350836523,50,20,20
1,454,0.040787818965265066,0.16997008308561676,0.49054496305495826,0.29869713489415534,50,20,20
1,455,0.040787940534655266,0.16997008798997637,0.49006539145048805,0.299176580024876,50,20,20
1,456,0.040794268925205095,0.1614071578105365,0.49862202060243627,0.299176552661818,50,20,20
1,457,0.040794268925204685,0.16202928578046766,0.49799989263417255,0.299176552660151,50,20,20
1,458,0.02106452682760217,0.162029285780465,0.5177296346732454,0.29917655271868293,50,20,20
1,459,0.021064526827602403,0.17030032620429444,0.5094585942502855,0.2991765527178135,50,20,20
1,460,0.02106452682760446,0.17030032620441865,0.5094558001981896,0.29917934676978325,50,20,20
1,461,0.021058154848617668,0.17030043806101477,0.5094620673512877,0.29917933973907584,50,20,20
1,462,0.0210581548486175,0.17030043806083545,0.5094610537548383,0.29918035333570464,50,20,20
1,463,0.0210581548486175,0.1703004380608294,0.509450624215952,0.299190782874597,50,20,20
1,464,0.021058155049392444,0.1703050903358109,0.5094461104210556,0.2991906441937369,50,20,20
1,465,0.02105815504939239,0.17030509033577912,0.5094412773792006,0.29919547723562373,50,20,20
1,466,0.02105815481059693,0.17031155644452312,0.5094348113950291,0.29919547734984675,50,20,20
1,467,0.02108761581824865,0.17031155509292156,0.5094053517390184,0.2991954773498074,50,20,20
1,468,0.021039268237202032,0.17031261972641204,0.5177665667386261,0.2908815452977573,50,20,20
1,469,0.021039268237202088,0.17031208727799296,0.5177670991874981,0.29088154529730376,50,20,20
1,470,0.021039268237202088,0.17031370350967506,0.5177654829560498,0.29088154529707017,50,20,20
1,471,0.02103926823671514,0.17027372983780764,0.5178054566258902,0.2908815452995838,50,20,20
1,472,0.021059346663351054,0.17027365388477508,0.5178317318992325,0.29083526755263805,50,20,20
1,473,0.020982119861240947,0.16935016378565643,0.5192152940012629,0.29045242235183705,50,20,20
1,474,0.02098206278273366,0.16935016378615056,0.519215354434113,0.29045241899699986,50,20,20
1,475,0.02098206278273981,0.16875266597487543,0.5198128522453858,0.2904524189969962,50,20,20
1,476,0.020982062782737752,0.16875266597451444,0.5198116088493785,0.2904536623933667,50,20,20
1,477,0.020982062782737752,0.16875266597451444,0.5198114561538292,0.2904538150889159,50,20,20
1,478,0.020982062791709003,0.17139736292147434,0.5171667594054521,0.29045381488136185,50,20,20
1,479,0.020982062791709003,0.17139736292147467,0.5171668792974802,0.2904536949893335,50,20,20
1,480,0.020982062791709003,0.17139736292147487,0.5171641612635958,0.2904564130232178,50,20,20
1,481,0.02098206279170286,0.15561380621771784,0.5329477179558229,0.29045641303475256,50,20,20
1,482,0.020982062791710585,0.17065285473838238,0.517908669446658,0.2904564130232463,50,20,20
1,483,0.020982062791710585,0.1706528547383823,0.5179084605980127,0.2904566218718919,50,20,20
1,484,0.02098206279170336,0.17065285473834158,0.5178995576041383,0.29046552486581395,50,20,20
1,485,0.020982062791703365,0.17065285473834166,0.5179027914421926,0.29046229102775956,50,20,20
1,486,0.020981941217752754,0.17065287440250615,0.5183707802105508,0.28999440416918726,50,20,20
1,487,0.020981941217752754,0.17065287440250593,0.5183755467334933,0.28998963764624497,50,20,20
1,488,0.020966538250189945,0.17071544089394952,0.51832558235649,0.28999243849936734,50,20,20
1,489,0.020966538250182815,0.17102789613236133,0.518013135873121,0.2899924297443317,50,20,20
1,490,0.02096693006793096,0.17102791188721,0.5256872054141115,0.28231795263074333,50,20,20
1,491,0.020966930067924338,0.17102782471070893,0.5256872925906668,0.28231795263069603,50,20,20
1,492,0.02096693005329446,0.16836933205875412,0.5283457852585667,0.2823179526293807,50,20,20
1,493,0.02096693005329446,0.16836933205875393,0.5283458356486131,0.2823179022393344,50,20,20
1,494,0.008430978157235286,0.16836301551860436,0.5408884123087518,0.2823175940154044,50,20,20
1,495,0.0035356186539338553,0.1683652953391558,0.5457814918394613,0.28231759416744495,50,20,20
1,496,0.003535618653933883,0.16836529533915584,0.5457843946763895,0.28231469133051684,50,20,20
1,497,0.003535618653933883,0.16836646974720007,0.5457832202683418,0.28231469133052034,50,20,20
1,498,0.003535563600945533,0.1683645147718749,0.5443451070139935,0.2837548146131825,50,20,20
1,499,0.003535563600945533,0.1683645147720366,0.5443454797685923,0.28375444185842214,50,20,20
1,500,0.0035355636009455414,0.16836451477203748,0.5448383629538597,0.28326155867315383,50,20,20
1,501,0.0035358413628423075,0.16822302721783777,0.5449737937360966,0.2832673376832202,50,20,20
1,502,0.009618098917418584,0.16822302730596644,0.5387594676503803,0.28339940612623066,50,20,20
1,503,0.009618098917562176,0.1678742837712108,0.5391082111849913,0.2833994061262317,50,20,20
1,504,0.00959802251462558,0.16787428334238436,0.5390881878861546,0.28343950625683223,50,20,20
1,505,0.009598022490028545,0.1678463727121549,0.5391160984887242,0.283439506309088,50,20,20
1,506,0.009598128047603934,0.16780159912517842,0.5366478376031871,0.28595243522402575,50,20,20
1,507,0.009598132376416142,0.16777814649098827,0.5364634220468782,0.28616029908571294,50,20,20
1,508,0.009598132374875392,0.1835176771889515,0.5207238913504785,0.2861602990856911,50,20,20
1,509,0.009598132374875392,0.18351531250128073,0.5207262560381417,0.28616029908569873,50,20,20
1,510,0.009598132374875392,0.1835153125012808,0.5207294646589328,0.2861570904649075,50,20,20
1,511,0.009598132330866024,0.1835726349030471,0.5206649196982291,0.28616431306785356,50,20,20
1,512,0.00959813233086603,0.18357263490304718,0.5206708617405266,0.28615837102555614,50,20,20
1,513,0.009598133704313627,0.18357151718048165,0.5084547639118286,0.29837558520337243,50,20,20
1,514,0.028746369266152393,0.1835715419106904,0.48930662548400056,0.29837546333915393,50,20,20
1,515,0.028746369266152337,0.183576605530699,0.4893015618639921,0.2983754633391538,50,20,20
1,516,0.032955629443654835,0.183576603433651,0.4851324040483641,0.2983353630743271,50,20,20
1,517,0.032955631102373456,0.1835203186713645,0.4852050115018023,0.29831903872445675,50,20,20
1,518,0.032955629443655335,0.183519284116297,0.4852061217252351,0.2983189647148097,50,20,20
1,519,0.032955629443655335,0.18351928411629626,0.4852059987856306,0.29831908765441506,50,20,20
1,520,0.02734440481060003,0.1835192838845928,0.4909454520861965,0.2981908592186077,50,20,20
1,521,0.02734440481060003,0.18444391221241677,0.49002082375867206,0.29819085921830835,50,20,20
1,522,0.027281248716790336,0.18444408911535273,0.49008371890810953,0.29819094325974477,50,20,20
1,523,0.027281248716790284,0.1886861988285694,0.4858416091949031,0.29819094325973466,50,20,20
1,524,0.027281248717105248,0.1886861988288332,0.4858462383178518,0.2981863141362072,50,20,20
1,525,0.02728109526955244,0.1886684091548921,0.4684801824159976,0.3155703131595557,50,20,20
1,526,0.02728109526955244,0.18866840915489827,0.4684802836381813,0.31557021193736573,50,20,20
1,527,0.027281320736039547,0.18866829665097562,0.4684801708375086,0.31557021177547406,50,20,20
1,528,0.027284471011910595,0.18862847972690505,0.4685168362902716,0.3155702129709105,50,20,20
1,529,0.027465065779096024,0.18855899533389234,0.4684056970652407,0.3155702418217682,50,20,20
1,530,0.0274650657790975,0.1876392645346777,0.46932542768630886,0.31557024199991285,50,20,20
1,531,0.025424798435451926,0.1877288824492557,0.4712732561532085,0.31557306296208015,50,20,20
1,532,0.025424798435451926,0.18772888244925567,0.47127320854723004,0.31557311056805865,50,20,20
1,533,0.025424798435451926,0.16981878369472064,0.4891833072834981,0.3155731105863262,50,20,20
1,534,0.02542483212404656,0.1698217290606775,0.48918752796674786,0.31556591084852426,50,20,20
1,535,0.025424832124046576,0.16982172906051565,0.48918961610493783,0.31556382271049604,50,20,20
1,536,0.025428324859755227,0.1698258955154388,0.48918195812844334,0.31556382149635875,50,20,20
1,537,0.025428324859888177,0.16982634806020877,0.4891815056332643,0.31556382144663503,50,20,20
1,538,0.025428324859888177,0.1698263480602088,0.4891816321273384,0.315563694952561,50,20,20
1,539,0.025428324859888177,0.16982634806063468,0.4895017886390968,0.3152435384403765,50,20,20
1,540,0.025428324859888173,0.16982634806063476,0.4894959306882466,0.3152493963912266,50,20,20
1,541,0.025455691115132465,0.16982617115769658,0.4894686687507777,0.3152494689763896,50,20,20
1,542,0.025455691115132493,0.16982617115727067,0.48914841542259296,0.31556972230500036,50,20,20
1,543,0.025455691123411377,0.16982613755222697,0.4891486614283819,0.31556950989597604,50,20,20
1,544,0.025456428618578948,0.1698261383625522,0.48596832002398216,0.3187491129948818,50,20,20
1,545,0.025456428618435355,0.17018149397103183,0.4856129644156463,0.3187491129948818,50,20,20
1,546,0.02545642847406165,0.17017927158478227,0.4856151868161374,0.3187491131250138,50,20,20
1,547,0.025456428474059056,0.17017927158495577,0.48562605759974176,0.3187382423412387,50,20,20
1,548,0.025456428474059063,0.17019566814150663,0.4856096610431902,0.31873824234123943,50,20,20
1,549,0.022091350027198187,0.17019740948418907,0.4889729447672447,0.31873829572136336,50,20,20
1,550,0.022091350027198194,0.1701974094843761,0.4891784953007924,0.31853274518762853,50,20,20
1,551,0.02209135349466095,0.1701969153458231,0.48917898597441345,0.31853274518509755,50,20,20
1,552,0.02209135349466093,0.1701969153458231,0.48918553762336897,0.318526193536142,50,20,20
1,553,0.022092356823460727,0.17019551413556677,0.48967898466307036,0.3180331443778993,50,20,20
1,554,0.022092356822048905,0.17019551090503307,0.48957872316131834,0.3181334091115967,50,20,20
1,555,0.021621336051220758,0.17019567043853245,0.4900532151279329,0.318129778382311,50,20,20
1,556,0.021621336051218343,0.17137880872752834,0.48887007704503255,0.3181297781762174,50,20,20
1,557,0.03790603150676539,0.17137885895480381,0.47258480377667,0.31813030576175744,50,20,20
1,558,0.03790610315027914,0.1767877381458015,0.46717585294216607,0.3181303057617509,50,20,20
1,559,0.03790610315027914,0.17678773814561702,0.46716401240378,0.31814214630032145,50,20,20
1,560,0.03787330627704277,0.17669815276340942,0.4672892270964519,0.3181393138630934,50,20,20
1,561,0.03787330629990105,0.1766981328567268,0.46727673798702773,0.31815182285634286,50,20,20
1,562,0.037092998705017616,0.17670891946764086,0.4678560325758276,0.3183420492515121,50,20,20
1,563,0.037091994913440604,0.17685080665546407,0.4677151494168569,0.3183420490142366,50,20,20
1,564,0.0370919949134406,0.17674491540124446,0.46782104066167085,0.31834204902364227,50,20,20
1,565,0.0370919949134406,0.17674491543159562,0.4678344144986956,0.31832867515626573,50,20,20
1,566,0.03709210486407646,0.17465574000030487,0.4699234799635212,0.31832867517209534,50,20,20
1,567,0.037028820907954584,0.17492105346778394,0.46989875062120534,0.3181513750030539,50,20,20
1,568,0.037028820907954584,0.17492105346777795,0.4698987202652387,0.3181514053590266,50,20,20
1,569,0.037028820866695844,0.17271238288295604,0.47210766465414417,0.3181511315962007,50,20,20
1,570,0.037028820866695844,0.17276203980556068,0.47205800774094586,0.31815113158679426,50,20,20
1,571,0.037028820866695844,0.17276203980556068,0.4720533318185731,0.31815580750916705,50,20,20
1,572,0.03688819869454167,0.17276671284325207,0.47218922588010365,0.31815586258209944,50,20,20
1,573,0.03686085444727939,0.1727699953733682,0.47221344173680024,0.3181557084425486,50,20,20
1,574,0.03686085444727939,0.1727704536853166,0.4722129834254246,0.31815570844197594,50,20,20
1,575,0.0368606115471292,0.17404595378037324,0.47093772623050234,0.31815570844199204,50,20,20
1,576,0.03686001931347774,0.1785359944250611,0.4664612574109189,0.318142728850539,50,20,20
1,577,0.03686001931347774,0.17853599568589043,0.4664774409943639,0.31812654400626483,50,20,20
1,578,0.017852096747464602,0.17853597095636345,0.4854854006412582,0.3181265316549087,50,20,20
1,579,0.01788338739256287,0.17853598156666403,0.485438753517005,0.3181418775237627,50,20,20
1,580,0.01788338739256287,0.17859330177509844,0.4853814333085706,0.3181418775237627,50,20,20
1,581,0.017871634693917365,0.17859102027481707,0.4853954676937291,0.31814187733753113,50,20,20
1,582,0.017871634685637797,0.1785910210342152,0.4852096658401267,0.318327678440015,50,20,20
1,583,0.017871634685637783,0.17859102103421423,0.4847133331278929,0.31882401115224995,50,20,20
1,584,0.017871634685637783,0.1785910210042668,0.4847115617642568,0.31882578254583344,50,20,20
1,585,0.0178715256534692,0.17859104385979,0.4847116404568467,0.31882579002988914,50,20,20
1,586,0.0178715256534692,0.17859104385979016,0.48471173103353943,0.31882569945319633,50,20,20
1,587,0.0178715256534692,0.17859104385979016,0.4847158245856621,0.3188216059010737,50,20,20
1,588,0.03355093728654246,0.17859944066770794,0.46902736438052506,0.3188222576652205,50,20,20
1,589,0.03355093728654246,0.17859944066770794,0.4690312770938202,0.3188183449519253,50,20,20
1,590,0.03356006264584375,0.17883191102895338,0.46878615225326503,0.3188218740719338,50,20,20
1,591,0.03356006264606495,0.18016845594835032,0.4674496073329315,0.31882187407264945,50,20,20
1,592,0.03356006264606495,0.18016845594835218,0.4679069819272044,0.3183644994783747,50,20,20
1,593,0.03356006258953338,0.18016305495439291,0.46791238504220894,0.3183644974138611,50,20,20
1,594,0.033560062589533396,0.18016035057631566,0.467915089420286,0.31836449741386114,50,20,20
1,595,0.03356006258953338,0.18016788302604464,0.46790755697055714,0.3183644974138611,50,20,20
1,596,0.033560062591029644,0.18838287729176892,0.4596834983221985,0.3183735617949991,50,20,20
1,597,0.03356006259071469,0.18838287729150505,0.4596755633890619,0.31838149672871435,50,20,20
1,598,0.03648695259475493,0.18838267436040826,0.456749658425146,0.3183807146196875,50,20,20
1,599,0.036486947514173244,0.18838267229309166,0.4565639099155996,0.31856647027713225,50,20,20
1,600,0.036489566095538724,0.18710717776770838,0.45783678584931836,0.31856647028743107,50,20,20
1,601,0.036489566095538724,0.18710717776770838,0.45782880007657667,0.3185744560601728,50,20,20
1,602,0.0364895660955387,0.1871071777677085,0.4579987590690228,0.31840449706772683,50,20,20
1,603,0.03648949445202576,0.18700854799505234,0.4580974604851988,0.3184044970677194,50,20,20
1,604,0.03648044311803068,0.18677607116340994,0.45834251773962587,0.3184009679789301,50,20,20
1,605,0.036480443118030684,0.18677607116300612,0.4583260681450764,0.3184174175738833,50,20,20
1,606,0.036480443118030684,0.1867760711630063,0.45831702055938534,0.31842646515957385,50,20,20
1,607,0.03648044312261396,0.18771543667844665,0.45737765500590455,0.3184264651930311,50,20,20
1,608,0.03648044312111692,0.19473204387701448,0.45037011220535134,0.31841740079651326,50,20,20
1,609,0.03648044310589542,0.1947332067962837,0.4503689493021987,0.3184174007956189,50,20,20
1,610,0.03648055492131811,0.19475403798358124,0.45034797385348196,0.31841743324161537,50,20,20
1,611,0.037400193589852214,0.19475403797358556,0.44942833487718803,0.31841743355937097,50,20,20
1,612,0.03740019358962329,0.19476185914951694,0.44942051370222935,0.31841743355862717,50,20,20
1,613,0.037400189507424124,0.19476181547145585,0.4496283539639677,0.3182096410571488,50,20,20
1,614,0.0374001895771797,0.1947618144116925,0.44964338695408107,0.3181946090570436,50,20,20
1,615,0.0374001895771797,0.19475415518287245,0.4496510461814301,0.31819460905851477,50,20,20
1,616,0.03740018957718078,0.19069129934997353,0.45371390201427714,0.3181946090585658,50,20,20
1,617,0.037400189577180804,0.19010773236035622,0.45429746900386925,0.31819460905859087,50,20,20
1,618,0.037400189582814845,0.1965266546078462,0.44787854672087124,0.31819460908846486,50,20,20
1,619,0.037400189582814845,0.19652665460784605,0.44787853593504806,0.31819461987428815,50,20,20
1,620,0.03740988783398173,0.19652351843607196,0.4458265051428784,0.3202400885870648,50,20,20
1,621,0.03740988783398173,0.19166123831705106,0.4506887852558988,0.3202400885930651,50,20,20
1,622,0.03741872965245844,0.1917721000006113,0.4505731710039223,0.3202359993430046,50,20,20
1,623,0.03741520322815491,0.1917649573362272,0.4505791036515559,0.32024073578405793,50,20,20
1,624,0.03741520322815491,0.19173774313576186,0.45060631785202143,0.3202407357840578,50,20,20
1,625,0.03741258476964357,0.19173773489111312,0.45060894450891426,0.3202407358303257,50,20,20
1,626,0.03737813352860335,0.19174277372765364,0.4506537040658289,0.320225388677912,50,20,20
1,627,0.025583817056450412,0.19174284471306627,0.4624473372814235,0.32022600094905707,50,20,20
1,628,0.025583817056438692,0.1917428447129209,0.4623122110998618,0.3203611271307759,50,20,20
1,629,0.025583817056438682,0.19213756025851164,0.4619174733163371,0.32036114936870985,50,20,20
1,630,0.0255838170572599,0.19201407306836982,0.4620409570568784,0.3203611528174892,50,20,20
1,631,0.025583787218176956,0.1920476127022002,0.4620074796107045,0.32036112046891574,50,20,20
1,632,0.02558379363648617,0.1920916439272736,0.4619635132243397,0.32036104921189695,50,20,20
1,633,0.02558379363648617,0.19695354880159688,0.45710160835594743,0.3203610492059664,50,20,20
1,634,0.02558379363648617,0.19695354880353336,0.45693439638761046,0.32052826117236677,50,20,20
1,635,0.02557801585285012,0.19695678415639267,0.456936936601809,0.3205282633889436,50,20,20
1,636,0.00989846574439237,0.19701144876532253,0.47256221405145077,0.32052787143882805,50,20,20
1,637,0.009288202490662896,0.1970114786565348,0.46191083267088656,0.3317894861819097,50,20,20
1,638,0.009248230038681426,0.197005690386377,0.4619566134650708,0.33178946610986515,50,20,20
1,639,0.009269959642991906,0.19700569028945553,0.461934883651275,0.3317894664162723,50,20,20
1,640,0.00926987779279841,0.19700581990088428,0.4619347839568633,0.33178951834944853,50,20,20
1,641,0.009269877792798411,0.19700581990088423,0.4619991175518024,0.33172518475450985,50,20,20
1,642,0.009269485975050642,0.19700578774754898,0.46264065081537936,0.33108407546201585,50,20,20
1,643,0.009269506471721194,0.1969934222635236,0.4626529979237851,0.3310840733409657,50,20,20
1,644,0.009269506466207982,0.19679081816511498,0.46285560028735573,0.3310840750813175,50,20,20
1,645,0.009269506466207982,0.19679081816511496,0.4628555968152866,0.3310840785533869,50,20,20
1,646,0.009269506466207982,0.19679081816511496,0.46285582741247927,0.3310838479561943,50,20,20
1,647,0.009267282193402789,0.1967907899255282,0.4576274273882202,0.3363145004928439,50,20,20
1,648,0.009267282192581572,0.1969183183306532,0.45749990243270644,0.3363144970440537,50,20,20
1,649,0.009267282192581572,0.19688776929750726,0.4575304514657993,0.33631449704410693,50,20,20
1,650,0.009267282192581832,0.19688776929752394,0.45820213527653436,0.33564281323335493,50,20,20
1,651,0.009267282192581805,0.19688776930689464,0.4663684684658323,0.327476480034688,50,20,20
1,652,0.009267282192581805,0.1968877693049581,0.4663659077704644,0.32747904073199235,50,20,20
1,653,0.009267282192581801,0.196887769304942,0.4663639307225425,0.32748101777993044,50,20,20
1,654,0.009267282192581815,0.19397759047077268,0.46927410939751224,0.3274810179391301,50,20,20
1,655,0.009267282192581825,0.19397759047077268,0.46927389743329423,0.32748122990334805,50,20,20
1,656,0.009267355222016653,0.1939783572496728,0.46927779420853716,0.3274764933197703,50,20,20
1,657,0.00926735522201665,0.1939859384260094,0.4692702130336698,0.3274764933183013,50,20,20
1,658,0.009417944632934985,0.1939857921705586,0.46917032353153204,0.3274259396649708,50,20,20
1,659,0.009417944628350489,0.19942032159875697,0.4637357941413747,0.3274259396315145,50,20,20
1,660,0.008499820717001014,0.19942040100424524,0.4646532702686607,0.32742650801008966,50,20,20
1,661,0.008499820717000995,0.1994363496228527,0.46463732165005406,0.32742650801008877,50,20,20
1,662,0.00849982071741365,0.1995043144357419,0.46456935520802534,0.3274265096388153,50,20,20
1,663,0.008499826318450355,0.1995043123810929,0.46508887509359914,0.32690698620685493,50,20,20
1,664,0.008499826318456484,0.1995043123729806,0.45702772648258355,0.3349681348259763,50,20,20
1,665,0.008339513170176888,0.19950431250825493,0.4554836472458711,0.33667252707569406,50,20,20
1,666,0.008339513170176888,0.19950431250825493,0.455483866402711,0.3366723079188543,50,20,20
1,667,0.00834155532966406,0.1994523243742762,0.45553386002035284,0.3366722602757046,50,20,20
1,668,0.008341555329664059,0.1994174069693971,0.4555687774252312,0.33667226027570507,50,20,20
1,669,0.008341555329664059,0.1994174069693974,0.4555856262330378,0.3366554114678982,50,20,20
1,670,0.008339513563068559,0.19999992250790638,0.4550051567676027,0.3366554071614198,50,20,20
1,671,0.008317789547555458,0.20000378981751105,0.4450215561783208,0.3466568644566098,50,20,20
1,672,0.008317788286167398,0.20000378816532458,0.44151421084563225,0.3501642127028735,50,20,20
1,673,0.008317788143451908,0.2000029339179914,0.4415151313720162,0.35016414656653866,50,20,20
1,674,0.008337068468978472,0.20003446620207377,0.44146454548476854,0.35016391984417683,50,20,20
1,675,0.008337067787374156,0.20851095903347688,0.43298805341631713,0.35016391976282873,50,20,20
1,676,0.008337067787374149,0.2086907622525391,0.4328082724352153,0.3501638975248686,50,20,20
1,677,0.008337067787374149,0.20869076225253708,0.4323690421140689,0.35060312784601705,50,20,20
1,678,0.00833706778812292,0.2114643050142386,0.4295954995108453,0.3506031276867904,50,20,20
1,679,0.008337067788122928,0.21141777697286165,0.42964202755217884,0.3506031276868339,50,20,20
1,680,0.008337067788149008,0.21141777908495793,0.42994782993313,0.3502973231937602,50,20,20
1,681,0.008337067783467845,0.21141450884551088,0.4297055622666606,0.35054286110435756,50,20,20
1,682,0.008337067784756354,0.2114145241702981,0.42972590256070425,0.35052250548423897,50,20,20
1,683,0.008337067789444817,0.21141452291672105,0.4297158104144201,0.3505325988794118,50,20,20
1,684,0.008337077027708363,0.21142316000361105,0.42994676940535564,0.3502929935633227,50,20,20
1,685,0.00833707128573058,0.21142324159222436,0.42994669097340094,0.350292996148642,50,20,20
1,686,0.008337071285410967,0.21142324258185638,0.43322150190191167,0.3470181842308182,50,20,20
1,687,0.008337281316351357,0.21142948087191868,0.433215053579078,0.34701818423264846,50,20,20
1,688,0.008337281316351357,0.2114294808717952,0.4332149051630336,0.3470183326488162,50,20,20
1,689,0.008337281316351359,0.21142948087179522,0.43321493917531306,0.34701829863653705,50,20,20
1,690,0.00833728131635136,0.21142948087180058,0.4332148385521476,0.34701839925969713,50,20,20
1,691,0.008337281373855185,0.20772447335752633,0.4369198429317758,0.34701840233683845,50,20,20
1,692,0.008336543878812344,0.20772447230749466,0.4288899867297659,0.3550489970839225,50,20,20
1,693,0.008336543878812344,0.2077244723074946,0.428889958840988,0.35504902497270047,50,20,20
1,694,0.007447633276300074,0.20770285013600978,0.4157119294151343,0.3691375871725513,50,20,20
1,695,0.007447612781492823,0.20873580952383694,0.4146784608091766,0.3691381168854895,50,20,20
1,696,0.007447612781492989,0.2087358095238615,0.41479133592234513,0.36902524177229623,50,20,20
1,697,0.007447612781500826,0.2087357254551423,0.41436617325085634,0.3694504885124963,50,20,20
1,698,0.007447612781500813,0.20873550477365752,0.41436639393234176,0.3694504885124958,50,20,20
1,699,0.007447582624535492,0.2087781369794015,0.40378435022573583,0.3799899301703234,50,20,20
1,700,0.00744758262453587,0.2087781369794016,0.4038410667990376,0.3799332135970213,50,20,20
1,701,0.020021772003054397,0.20877805916157677,0.3912675828589273,0.3799325859764378,50,20,20
1,702,0.02002177818997311,0.2087788918480184,0.3912606246423494,0.37993870531965535,50,20,20
1,703,0.020021778189947034,0.20877888973592182,0.39093775595749636,0.38026157611663125,50,20,20
1,704,5.87460338344105e-05,0.20898471522306633,0.410674726897748,0.38028181184534804,50,20,20
1,705,5.8746033833331485e-05,0.19665133209033198,0.42300811003034267,0.38028181184548865,50,20,20
1,706,5.874941752549873e-05,0.1966513477361325,0.42319388676459807,0.3800960160817401,50,20,20
1,707,5.874941752549873e-05,0.19665134773613424,0.423203498369882,0.3800864044764545,50,20,20
1,708,5.874897859167954e-05,0.19665134773611936,0.42329408182909134,0.379995821456194,50,20,20
1,709,5.87489785916724e-05,0.1966513477361227,0.42330717592645856,0.3799827273588237,50,20,20
1,710,5.8748978676834276e-05,0.19665150333737355,0.4333259984742466,0.36996374920969977,50,20,20
1,711,5.8748978676834845e-05,0.19665150333737397,0.4333173542733699,0.36997239341057603,50,20,20
1,712,5.874897993267865e-05,0.19650964073879953,0.43345921686891836,0.3699723934123456,50,20,20
1,713,5.8748979932744366e-05,0.19654839989129014,0.4334204577164706,0.3699723934123025,50,20,20
1,714,5.874897993266914e-05,0.1965561512784575,0.43341270632930345,0.3699723934123023,50,20,20
1,715,5.874897993266654e-05,0.19655615127871118,0.4334269643520511,0.369958135389301,50,20,20
1,716,5.850013003484446e-05,0.19655613688974818,0.43343288601799906,0.3699524769622141,50,20,20
1,717,5.850013003472566e-05,0.19655613688973161,0.4333217071159369,0.3700636558642929,50,20,20
1,718,5.850016430151664e-05,0.19931729889622013,0.43056054501943214,0.37006365592004314,50,20,20
1,719,5.850048755047547e-05,0.1993179535515067,0.4309839918716341,0.3696395540893069,50,20,20
1,720,5.829077759695128e-05,0.1993129923440471,0.43098915973355034,0.36963955714480357,50,20,20
1,721,5.829077759695128e-05,0.19931299234404712,0.4309889907862167,0.36963972609213713,50,20,20
1,722,5.8290780960949635e-05,0.1994616798005942,0.43084030256138894,0.3696397268570546,50,20,20
1,723,5.82907809609545e-05,0.1994616798005942,0.43084028425140486,0.36963974516703857,50,20,20
1,724,5.82907909417299e-05,0.1904001801086802,0.4399017790856986,0.3696397500146786,50,20,20
1,725,5.8290790192946116e-05,0.18448643768468617,0.44581552151046433,0.3696397500146552,50,20,20
1,726,5.828155206735868e-05,0.1844778004891155,0.44557243000087227,0.36989148795794313,50,20,20
1,727,3.884025997486216e-05,0.18444618879924932,0.44562382498796815,0.3698911459528062,50,20,20
1,728,3.88393415231666e-05,0.1844464377576485,0.44562358436077704,0.3698911385400506,50,20,20
1,729,3.883934648704278e-05,0.18444643775253908,0.44584325478313425,0.36967146811783885,50,20,20
1,730,3.883934648706212e-05,0.18444306602747523,0.44584662650819773,0.36967146811783913,50,20,20
1,731,3.883934648706209e-05,0.1844430660596107,0.4458650953257379,0.36965299926816314,50,20,20
1,732,3.884882545683695e-05,0.18480218900689355,0.44550595980643143,0.3696530023612173,50,20,20
1,733,3.884311364281978e-05,0.18479832132359042,0.4358031799373812,0.37935965562538443,50,20,20
1,734,0.004289561830611401,0.18479830491949398,0.4302533954375655,0.38065873781232773,50,20,20
1,735,0.004289561832333394,0.18469261155350353,0.4210812677690992,0.3899365588450627,50,20,20
1,736,0.004289561832325557,0.1846926114463891,0.42149598237466057,0.38952184434662335,50,20,20
1,737,0.004289561832325557,0.1846926114463891,0.4214959801863534,0.38952184653493055,50,20,20
1,738,0.00428956164417018,0.1846919667681748,0.4214966292312188,0.38952184235643506,50,20,20
1,739,0.004289561644170211,0.16472435829872434,0.44146423005703406,0.3895218500000708,50,20,20
1,740,0.004289561645241751,0.16472435833734092,0.4415016408344941,0.38948443918292264,50,20,20
1,741,0.0042895616433721116,0.1636914001288314,0.44253513746941875,0.3894839007583774,50,20,20
1,742,0.004289561643372106,0.16369140012883135,0.4425351585906443,0.389483879637152,50,20,20
1,743,0.004289586603045047,0.16369141131159912,0.4414268597689079,0.3905921423164477,50,20,20
1,744,0.004289586603045047,0.16369141131159912,0.44142691345101875,0.3905920886343368,50,20,20
1,745,0.004289586468057098,0.16369494352597655,0.44142362454509493,0.39059184546087095,50,20,20
1,746,0.004289586464280934,0.168134736957444,0.43698383351104647,0.39059184306722783,50,20,20
1,747,0.004289610325667001,0.16810586330193075,0.43701244467115324,0.39059208170124826,50,20,20
1,748,3.8914773742685754e-05,0.16810608454839568,0.4405237491804989,0.39133125149736203,50,20,20
1,749,3.891476905422284e-05,0.16810608454114337,0.4405199405846663,0.3913350601051352,50,20,20
1,750,3.891476904809077e-05,0.16810608453988496,0.4404118568388649,0.3914431438522012,50,20,20
1,751,3.8914768923330797e-05,0.16810608453987558,0.44040909275142504,0.391445907939775,50,20,20
1,752,3.8888221713403494e-05,0.16810609148483915,0.43332647367937116,0.39852854661407505,50,20,20
1,753,3.888822184418088e-05,0.14832225481707495,0.4531100514107313,0.39852880555034786,50,20,20
1,754,3.8888271148045414e-05,0.14832225481706332,0.4524456793586093,0.3991931775531778,50,20,20
1,755,3.888827127816315e-05,0.1483192797841145,0.4524249595400142,0.39921687240459147,50,20,20
1,756,3.8888272133043934e-05,0.1608652092278443,0.4398790300791388,0.3992168724208826,50,20,20
1,757,3.8864433384902725e-05,0.16165163332710672,0.43909287406099473,0.3992166281785125,50,20,20
1,758,3.8864433384932216e-05,0.16165317887643516,0.43909133084671864,0.3992166258434599,50,20,20
1,759,3.8864433384932216e-05,0.16165317887643516,0.4390911703634785,0.3992167863267004,50,20,20
1,760,3.885786925803742e-05,0.1616297437166161,0.43911461189234985,0.399216786521775,50,20,20
1,761,3.914445720866995e-05,0.15911866302795658,0.4416252031607701,0.3992169893540638,50,20,20
1,762,3.9144457211220446e-05,0.15911391168993144,0.4416299544868243,0.3992169893660317,50,20,20
1,763,3.914435668167202e-05,0.15909271272388134,0.4416511537758669,0.3992169891435688,50,20,20
1,764,3.907132724319186e-05,0.15909196740120796,0.44164279518492217,0.3992261660866259,50,20,20
1,765,3.907132724319186e-05,0.15909196740120796,0.44164279468025525,0.39922616659129295,50,20,20
1,766,3.90713272431335e-05,0.15909196740120804,0.44164125002800647,0.3992277112435417,50,20,20
1,767,0.019629213075309335,0.1590919674120065,0.42205122770730746,0.3992275918053758,50,20,20
1,768,0.019629213075309335,0.1590919674120065,0.42205122635872416,0.399227593153959,50,20,20
1,769,0.01962921305502755,0.15830606638519445,0.4228371294399317,0.3992275911198452,50,20,20
1,770,0.01962921305512934,0.15829963284789206,0.4228435629744073,0.3992275911225701,50,20,20
1,771,0.01962921305512934,0.15830000874625427,0.4228431870760463,0.39922759112256956,50,20,20
1,772,0.019629203574912893,0.15809242241893295,0.42305072870781546,0.39922764529833793,50,20,20
1,773,0.019634864570223832,0.15811100853078205,0.422499105832974,0.39975502106601957,50,20,20
1,774,0.019634864573348468,0.15799473158374405,0.4226153827510563,0.3997550210918506,50,20,20
1,775,0.019634864573359726,0.15799473155162555,0.4226051930628404,0.3997652108121739,50,20,20
1,776,0.019634577976408944,0.15799295261616322,0.4225967178382769,0.3997757515691508,50,20,20
1,777,0.019634655367327458,0.15522674691756658,0.4253628434688937,0.3997757542462117,50,20,20
1,778,0.03950591518031171,0.15502092147713253,0.40571764483491796,0.39975551850763674,50,20,20
1,779,0.03950596762467328,0.15502516169314975,0.40571335220359406,0.39975551847858154,50,20,20
1,780,0.03950596775980697,0.15502516165263827,0.40472402101798033,0.40074484956957335,50,20,20
1,781,0.021714257389597858,0.15502574290795773,0.4225151065286426,0.4007448931738002,50,20,20
1,782,0.002125506131663863,0.15502576627183673,0.4420174470678598,0.40083128052863926,50,20,20
1,783,0.0021255061316526043,0.15502576627188414,0.44200939652703847,0.4008393310694245,50,20,20
1,784,0.0021255061316526043,0.1550257662718842,0.442007033189387,0.4008416944070757,50,20,20
1,785,0.002125506131652604,0.16113293648974186,0.43589986297153194,0.40084169440707307,50,20,20
1,786,0.002125506131652604,0.16113293648974203,0.4358974619864008,0.4008440953922039,50,20,20
1,787,0.0021255061316526043,0.1611329364897423,0.43589901489774696,0.40084254248085743,50,20,20
1,788,0.002125506144900097,0.16384194695828536,0.43243942347608316,0.40159312342073084,50,20,20
1,789,0.0021255061449000972,0.16384194779246766,0.43319893805912035,0.40083360800351125,50,20,20
1,790,0.0021254287197970683,0.1638419632231242,0.4331989981701944,0.4008336098868837,50,20,20
1,791,0.0021254287180747134,0.1638419629657477,0.43617783922058045,0.3978547690955967,50,20,20
1,792,0.002125428718074707,0.16384196297989256,0.43611815057009273,0.39791445773193956,50,20,20
1,793,0.002125428718074707,0.16384196297998735,0.4361183825129984,0.39791422578893915,50,20,20
1,794,0.002125428718074707,0.16384196297998727,0.43611831408126145,0.3979142942206762,50,20,20
1,795,0.0021254287180747064,0.16384196298082027,0.43620735182319204,0.39782525647791217,50,20,20
1,796,0.0021254287180747064,0.16384196297998943,0.4361288995464617,0.3979037087554734,50,20,20
1,797,0.0021254287180747086,0.1638419629658446,0.4361239994177877,0.39790860889829227,50,20,20
1,798,0.002125428715718531,0.16384709226143773,0.4361188701257226,0.39790860889711993,50,20,20
1,799,0.0021254303196995773,0.16385810921343946,0.4370915804697356,0.3969248799971241,50,20,20
1,800,0.002125430319597788,0.16387407910768512,0.43707561057831673,0.3969248799943989,50,20,20
1,801,0.0021254303195977855,0.16387407910772633,0.43708379273892395,0.39691669783375055,50,20,20
1,802,0.014785199371424735,0.16387407912047158,0.42442402367357057,0.3969166978345315,50,20,20
1,803,0.014785207063251982,0.16397036374062174,0.4243383456681463,0.3969060835279783,50,20,20
1,804,0.014779799185050043,0.16395076536194897,0.42489072986596166,0.39637870558703875,50,20,20
1,805,0.014779546067611359,0.16395075889802369,0.4235557928239056,0.3977139022104588,50,20,20
1,806,0.014779638719383738,0.16394997596192912,0.42355648179403294,0.39771390352465424,50,20,20
1,807,0.014779638719383738,0.1639499759618879,0.4235483010320981,0.39772208428663025,50,20,20
1,808,0.014779638719383738,0.1639499759618819,0.42353322753504324,0.3977371577836912,50,20,20
1,809,0.014779638719383748,0.16372866718113685,0.42375453631578075,0.3977371577836988,50,20,20
1,810,0.014779638719383748,0.16356874691043535,0.42391445656868787,0.3977371578014931,50,20,20
1,811,0.014779638719396004,0.16356874691043374,0.42397578167235545,0.3976758326978152,50,20,20
1,812,0.014786031912372382,0.16356872752070106,0.4239687409086148,0.3976764996583115,50,20,20
1,813,0.014786057875416193,0.16336771610092465,0.4241699813689251,0.3976762446547339,50,20,20
1,814,0.01478605786217749,0.16068427715270628,0.42758593075732954,0.3969437342277862,50,20,20
1,815,0.01478605786217749,0.16068427715270633,0.4275859345009608,0.39694373048415516,50,20,20
1,816,0.014786051681580686,0.1606870102547644,0.42758241381256146,0.39694452425109317,50,20,20
1,817,0.014786076824776668,0.1606813339002241,0.4275880650218863,0.39694452425311255,50,20,20
1,818,0.014786051895089261,0.16070260615369114,0.428685596995474,0.39582574495574396,50,20,20
1,819,0.014786051895564405,0.1607012387413828,0.42868696439182763,0.3958257449712236,50,20,20
1,820,0.014786045715692857,0.1648014652000468,0.42458674323474715,0.39582574584951125,50,20,20
1,821,0.014786045715692857,0.164801465200047,0.4245868340634831,0.3958256550207752,50,20,20
1,822,0.014786045715692822,0.16480146520742164,0.4246061568652275,0.39580633221165584,50,20,20
1,823,0.014786045715692815,0.16480146520723493,0.42440065194042803,0.3960118371366423,50,20,20
1,824,0.012422181292035761,0.1648014977401045,0.4267625656686005,0.3960137552992582,50,20,20
1,825,0.01242218129203574,0.16480513164579413,0.42675893176290913,0.39601375529926,50,20,20
1,826,0.01242218129050944,0.16480490698680195,0.435873896712169,0.3868990150105192,50,20,20
1,827,0.01242218129050944,0.16480490698680245,0.4358740035972828,0.3868989081254048,50,20,20
1,828,0.012422181290509444,0.1640054807889487,0.43667342967644474,0.38689890824409656,50,20,20
1,829,0.012422181260524044,0.16805652476900032,0.4326225219330419,0.38689877203743306,50,20,20
1,830,0.03224462609098451,0.1679456596621675,0.41291586954839304,0.38689384469845406,50,20,20
1,831,0.03224462609098451,0.16794565966216765,0.4129159351265143,0.3868937791203328,50,20,20
1,832,0.032244626087857324,0.16806654405051435,0.41279505077909606,0.3868937790825315,50,20,20
1,833,0.03224462610678325,0.1680659795227294,0.4127769068211873,0.3869124875492998,50,20,20
1,834,0.03224320717377694,0.16808068203934082,0.4128499855551921,0.3868261252316891,50,20,20
1,835,0.03224320717377694,0.16808068201692486,0.41253895588407247,0.3871371549252246,50,20,20
1,836,0.03224320712447286,0.16808068201870083,0.4125392596551785,0.38713685120164704,50,20,20
1,837,0.032243207124474565,0.16141687120432294,0.41920306989909617,0.38713685177210555,50,20,20
1,838,0.032243207124474565,0.16141687120432277,0.4191909673566125,0.3871489543145893,50,20,20
1,839,0.03224320712447457,0.1614168712319425,0.4160360119122388,0.39030390973134294,50,20,20
1,840,0.03224431704558344,0.1612653073079767,0.4161858827175454,0.39030449292889324,50,20,20
1,841,0.032252421908069685,0.16125061121264814,0.41619250013155484,0.39030446674772606,50,20,20
1,842,0.032252421908069685,0.16125061037840138,0.41543295077862064,0.3910640169349071,50,20,20
1,843,0.0322524219080699,0.16125061035065516,0.41543010388020823,0.3910668638610655,50,20,20
1,844,0.0322524219080699,0.16125061035065516,0.41543004522072446,0.3910669225205492,50,20,20
1,845,0.03225242190721455,0.15751102368375788,0.4191696319047696,0.3910669225042574,50,20,20
1,846,0.03225131198657691,0.15751101928858582,0.4191323143992171,0.3911053543256194,50,20,20
1,847,0.0505474115077707,0.15750523424828328,0.40084198855975633,0.39110536568418847,50,20,20
1,848,0.05054741150015991,0.15750375414345177,0.4008507030725179,0.3910981312838689,50,20,20
1,849,0.05054741150015991,0.15750375414345177,0.4008505265477785,0.3910983078086085,50,20,20
1,850,0.05054809185899676,0.157483035491759,0.40089781218212034,0.3910710604671231,50,20,20
1,851,0.05055163280124897,0.15748177361681223,0.40089140246033983,0.3910751911215991,50,20,20
1,852,0.05055163280124897,0.15748172219235163,0.4008914538848024,0.39107519112159733,50,20,20
1,853,0.05055163280124899,0.15748172219209258,0.4008783482328251,0.391088296773834,50,20,20
1,854,0.0505516328535015,0.15981314773102814,0.3985469219528967,0.39108829746257406,50,20,20
1,855,0.0505516328535015,0.1597028923987175,0.3986571772753215,0.39108829747246,50,20,20
1,856,0.05055161389019437,0.1556026786951808,0.3831389677598921,0.4107067396547323,50,20,20
1,857,0.040259432052609165,0.15560264616723923,0.3934331000544835,0.4107048217256682,50,20,20
1,858,0.04025943205260916,0.15586377891425673,0.3931719673074738,0.41070482172566025,50,20,20
1,859,0.04025943205260916,0.15586377891425085,0.39339475818428243,0.41048203084885737,50,20,20
1,860,0.040342285894316286,0.1558637787313411,0.3933119232506283,0.41048201212371427,50,20,20
1,861,0.04034225996088131,0.1558491150605727,0.3933266151777798,0.4104820098007656,50,20,20
1,862,0.040335866777576966,0.1558495777014602,0.39333320885138007,0.41048134666958264,50,20,20
1,863,0.04213038647097849,0.15584957796078372,0.391538558644619,0.41048147692361875,50,20,20
1,864,0.04213038647097849,0.1558495779607836,0.39153855543263816,0.41048148013559965,50,20,20
1,865,0.042130386460997656,0.15584956599146804,0.3915385722595805,0.4104814752879541,50,20,20
1,866,0.04213029380921181,0.1560131165185189,0.39137511580319134,0.41048147386907763,50,20,20
1,867,0.04213029380921181,0.15601311651868863,0.39137547725417965,0.4104811124179195,50,20,20
1,868,0.04213029380921181,0.15601311651868646,0.39115262873180934,0.41070396094029216,50,20,20
1,869,0.04002230288067701,0.15601401636619802,0.3932596888001912,0.4107039919529345,50,20,20
1,870,0.04002230288067701,0.1560140163663154,0.39326483995794637,0.4106988407950618,50,20,20
1,871,0.04002230288067701,0.1561239455652015,0.3931549107689467,0.4106988407851755,50,20,20
1,872,0.0400223028806769,0.15205403905581238,0.39722481728825926,0.41069884077525176,50,20,20
1,873,0.0400223028806769,0.15205147976035063,0.3972273765835434,0.41069884077542923,50,20,20
1,874,0.040022302930979706,0.15365458618154462,0.39562426673524537,0.41069884415223046,50,20,20
1,875,0.04002230293097945,0.1536545861813969,0.39562075836803245,0.4107023525195912,50,20,20
1,876,0.04002230293097945,0.15365458618122713,0.3956203338037723,0.4107027770840211,50,20,20
1,877,0.040022302878725234,0.15798550893551133,0.3912894123609412,0.4107027758248225,50,20,20
1,878,0.031649805163710035,0.158121675574568,0.3994955521342195,0.4107329671275025,50,20,20
1,879,0.029850131485647156,0.1581262482671677,0.40129078357264925,0.41073283667453575,50,20,20
1,880,0.029705520772676075,0.1581262483097778,0.40143532560487893,0.4107329053126672,50,20,20
1,881,0.029705520772663817,0.15812624830977773,0.4013643869223164,0.4108038439952421,50,20,20
1,882,0.029705520772663804,0.1581262483099536,0.4013675127900438,0.410800718127339,50,20,20
1,883,0.02970552077266402,0.15812624831485567,0.40847429623828657,0.40369393467419307,50,20,20
1,884,0.02970552077978039,0.15812481576708923,0.4084758034260514,0.4036938600270781,50,20,20
1,885,0.02970552077978039,0.15812781881989926,0.4084728003734921,0.4036938600268274,50,20,20
1,886,0.02970552077978039,0.15812781881989912,0.40847770596559035,0.4036889544347288,50,20,20
1,887,0.02970552077978039,0.1581278188199057,0.40847799098671755,0.403688669413595,50,20,20
1,888,0.02970552077978049,0.15812781881990579,0.40847806249450735,0.4036885979058054,50,20,20
1,889,0.02970552077978049,0.1581294578291579,0.4084764234852552,0.4036885979058055,50,20,20
1,890,0.02970552077978049,0.1581294578291579,0.40847643939204464,0.40368858199901625,50,20,20
1,891,0.029705520779695006,0.158129302227907,0.39853322040659483,0.41363195658580243,50,20,20
1,892,0.0297048404258253,0.15812618890903984,0.3985370141929283,0.41363195647220574,50,20,20
1,893,0.0297048404258253,0.15812618890892252,0.39852581410779875,0.41364315655745265,50,20,20
1,894,0.029704840511351326,0.1721305431131307,0.38452138921303136,0.4136432271624868,50,20,20
1,895,0.029704840501421314,0.17223272120294728,0.38441921000244533,0.413643228293186,50,20,20
1,896,0.02003597933817748,0.17209994459758068,0.3942510459074346,0.4136130301568071,50,20,20
1,897,0.020035979338177346,0.17243080532131738,0.3939201851836884,0.41361303015681683,50,20,20
1,898,0.02003597933817739,0.17243080533313843,0.39392518570416724,0.4136080296245167,50,20,20
1,899,0.020036313693079403,0.1724480282419853,0.3938847069256493,0.4136309511392861,50,20,20
1,900,0.020036313691290615,0.1775453083092489,0.388787427990877,0.41363095000858346,50,20,20
1,901,0.020033014875205493,0.1775452879939029,0.38830017858644117,0.4141215185444505,50,20,20
1,902,0.02003301487520547,0.17754528799390296,0.388170791022766,0.4142509061081256,50,20,20
1,903,0.02003301487520547,0.17754528799390926,0.3881710668394295,0.4142506302914557,50,20,20
1,904,0.020033020265547624,0.17753427232182856,0.3725872558602487,0.42984545155237475,50,20,20
1,905,0.020033020246384356,0.17753426857825347,0.3725993504258141,0.42983336074954837,50,20,20
1,906,0.020033020308047503,0.1814945413852856,0.36863907497951354,0.4298333633271544,50,20,20
1,907,0.020033020274942134,0.18149528040502927,0.36863822389255074,0.42983347542747863,50,20,20
1,908,0.02003302027494195,0.18149528040015717,0.36780446833320307,0.43066723099169807,50,20,20
1,909,0.02003302027494195,0.18149561048128324,0.367804138252073,0.43066723099170207,50,20,20
1,910,0.020033020274941957,0.18149561048127683,0.377872162640407,0.42059920660337347,50,20,20
1,911,0.02003302029186949,0.18147642008074505,0.377891352960793,0.4205992066665916,50,20,20
1,912,0.02003302029186949,0.18147642008074505,0.37789135405105645,0.4205992055763283,50,20,20
1,913,0.020033020291869118,0.18147641997480649,0.3779086684383273,0.4205818912949962,50,20,20
1,914,0.020033020291869118,0.18147641997480649,0.37790858025408025,0.42058197947924325,50,20,20
1,915,0.020033020291869118,0.18145499853641744,0.3779300016924087,0.420581979479304,50,20,20
1,916,0.020033023230039568,0.1814549998888263,0.3779690696607926,0.4205429072203413,50,20,20
1,917,0.020033023231484197,0.176255493302596,0.3831685761499886,0.4205429073159309,50,20,20
1,918,0.019868327899849825,0.1762521036428368,0.383336665446945,0.42054290301036795,50,20,20
1,919,0.01986834484405766,0.1762612307663147,0.3833275083712695,0.4205429160183578,50,20,20
1,920,0.019868102725702892,0.17626122703536645,0.38382244253045245,0.4200482277084779,50,20,20
1,921,0.01986810272570595,0.1759309804692543,0.3841526889708156,0.4200482278342237,50,20,20
1,922,0.019868102725706886,0.17593098046925956,0.38422162973166424,0.4199792870733685,50,20,20
1,923,0.01986810289851042,0.1759288847686442,0.3842234704037818,0.41997954192906306,50,20,20
1,924,0.019868102898510424,0.17592888476864382,0.3842248674069355,0.41997814492590974,50,20,20
1,925,0.019868102898510424,0.1759288847686497,0.38423992050468514,0.4199630918281542,50,20,20
1,926,0.01986810289851038,0.17592888475682872,0.38423519468793726,0.41996781765672303,50,20,20
1,927,0.01986810273294193,0.18023758851973018,0.37992656668218644,0.41996774206514126,50,20,20
1,928,0.019868102732942233,0.18023758854915495,0.3838306910131582,0.4160636177047445,50,20,20
1,929,0.019868102732942233,0.18023655050720444,0.38383172905510854,0.4160636177047444,50,20,20
1,930,0.019868124513433352,0.1802365449736753,0.38379735412023763,0.41609797639265333,50,20,20
1,931,0.01986812451343346,0.18022585922248008,0.3838080398702896,0.4160979763937964,50,20,20
1,932,0.01986812449650592,0.18024160115859758,0.38379229801430625,0.41609797633058965,50,20,20
1,933,0.019868124597954603,0.18023970498779843,0.3837941885867451,0.41609798182750163,50,20,20
1,934,0.019868124597955072,0.17608802257398484,0.3879458710183525,0.41609798180970736,50,20,20
1,935,0.019868124597950773,0.17608803719417868,0.38824942712997434,0.41579441107789483,50,20,20
1,936,0.01986812459795073,0.17608803719417856,0.38824641491001954,0.4157974232978498,50,20,20
1,937,0.01986812453640874,0.1719654544749651,0.39236900026905647,0.4157974207195679,50,20,20
1,938,0.019868124536408738,0.1719654544749651,0.39236892494116377,0.41579749604746047,50,20,20
1,939,0.019868124536408738,0.17196545447495862,0.3923685518394758,0.4157978691491552,50,20,20
1,940,0.019868124536409102,0.17196545447496095,0.39243438198794,0.41573203900068845,50,20,20
1,941,0.019868124536391793,0.17196543980189613,0.3920530513759399,0.41611338428577077,50,20,20
1,942,0.019868124536462778,0.17579949601688116,0.3882189951608753,0.4161133842857792,50,20,20
1,943,0.019778035201816903,0.17579949366333136,0.3883089703656876,0.4161135007691625,50,20,20
1,944,0.03830621257044314,0.17579946427972248,0.369780822048659,0.4161135011011743,50,20,20
1,945,0.03830621257044314,0.17658309253468285,0.36899719391239033,0.41611350098248256,50,20,20
1,946,0.038306212577109554,0.17683681310897634,0.3598652604579474,0.42499171385596574,50,20,20
1,947,0.03830621257710916,0.17683681308093868,0.35596692998313045,0.42889004435882133,50,20,20
1,948,0.03830621257710843,0.17683681308096652,0.3558981260183718,0.42895884832355285,50,20,20
1,949,0.03830621257710843,0.17683681308096663,0.3558981861529589,0.42895878818896555,50,20,20
1,950,0.03830621257710843,0.17683681308096788,0.35589825665676755,0.42895871768515553,50,20,20
1,951,0.03830621260236138,0.19254997998346837,0.3401850898432473,0.4289587175709226,50,20,20
1,952,0.038306212602410586,0.19254998115149832,0.3343461791013686,0.43479762714472014,50,20,20
1,953,0.038306212602410586,0.1925710925052034,0.33432506774768855,0.43479762714469516,50,20,20
1,954,0.03830621260236147,0.1925710913393026,0.33022661050548996,0.43889608555284376,50,20,20
1,955,0.03830621260236147,0.1925710913393026,0.3302266093203324,0.43889608673800135,50,20,20
1,956,0.03830621260236147,0.19257109133924327,0.33022648076568734,0.4388962152927056,50,20,20
1,957,0.038306212976081104,0.19039173535026105,0.33240580537999675,0.4388962462936585,50,20,20
1,958,0.0271348428983382,0.1904151041771963,0.34355336337578285,0.43889668954868183,50,20,20
1,959,0.02713484289336237,0.19041344261769655,0.34355502494261814,0.43889668954632166,50,20,20
1,960,0.027134842893362467,0.19047305820112193,0.3434954092244425,0.4388966896810719,50,20,20
1,961,0.027134842893362467,0.19047305819973478,0.343489546072967,0.4389025528339346,50,20,20
1,962,0.027134842963946193,0.1904730581997386,0.3435464017274096,0.4388456971089045,50,20,20
1,963,0.027134842862505015,0.19047491456396312,0.34353565141642134,0.4388545911571092,50,20,20
1,964,0.027134842862505015,0.190474914563962,0.3436739261359928,0.43871631643753894,50,20,20
1,965,0.027134842846030134,0.19022074568460787,0.35279238143546576,0.429852030033894,50,20,20
1,966,0.027134842846030134,0.19022074568460787,0.35279237750635617,0.4298520339630036,50,20,20
1,967,0.027134842846030086,0.19022074568283007,0.35278496509883633,0.4298594463723015,50,20,20
1,968,0.02713484284602695,0.19021912695354382,0.34055076391512584,0.44209526628530244,50,20,20
1,969,0.027134842847254113,0.190218896397146,0.339547770678635,0.44309849007696395,50,20,20
1,970,0.027153380421695048,0.1901226055920524,0.32397417179770666,0.45874984218854337,50,20,20
1,971,0.027153380421695465,0.1901226055920523,0.3239765045521073,0.45874750943414244,50,20,20
1,972,0.027153380421698167,0.18404169719898558,0.33005741294631796,0.45874750943299547,50,20,20
1,973,0.027153380421698167,0.18404169719898644,0.3300576068341925,0.45874731554512016,50,20,20
1,974,0.027153380421672528,0.18404169719898406,0.32987788585076905,0.4589270365285717,50,20,20
1,975,0.027153380421672528,0.18404169719916438,0.3298898785999278,0.45891504377923265,50,20,20
1,976,0.027153380421672528,0.18404246781192218,0.3298891079872057,0.458915043779197,50,20,20
1,977,0.027153380421672528,0.18404246781194256,0.3300239753211971,0.4587801764451852,50,20,20
1,978,0.027153380421672105,0.1840424678119427,0.3300203735424344,0.45878377822394817,50,20,20
1,979,0.02715338042181479,0.1839496219787734,0.3301132193745766,0.45878377822483274,50,20,20
1,980,0.027153380422554874,0.18394962197875636,0.33011482126129194,0.4587821763373944,50,20,20
1,981,0.027153380422554843,0.1839496219787264,0.32384194860700055,0.4650550489917158,50,20,20
1,982,0.027153380422554843,0.18395394056351222,0.3238376300222168,0.46505504899171357,50,20,20
1,983,0.027153380422554777,0.18395880129923228,0.323832769324868,0.46505504895334243,50,20,20
1,984,0.027153380422554756,0.18219030973355443,0.3256012609868187,0.4650550488570696,50,20,20
1,985,0.027153380422554753,0.18219030973355413,0.3255948125708711,0.4650614972730176,50,20,20
1,986,0.027153380422554753,0.18219030973355507,0.32577111045697393,0.46488519938691375,50,20,20
1,987,0.027153380422554753,0.18219030973391306,0.3257715999420967,0.46488470990143294,50,20,20
1,988,0.02715338042257792,0.18171194947237015,0.3262499602035864,0.46488470990146297,50,20,20
1,989,0.008604679488641177,0.18250223448598935,0.3440031864557897,0.46488989956957755,50,20,20
1,990,0.008586134173747961,0.1825022344484466,0.33967431018444977,0.46923732119335326,50,20,20
1,991,0.008586134173747597,0.1825022344484568,0.3396085769523314,0.46930305442546183,50,20,20
1,992,0.00858614637889227,0.18402708735905157,0.3380796900111032,0.46930707625095075,50,20,20
1,993,0.008586146378869102,0.1845054041681661,0.33760137320204037,0.4693070762509223,50,20,20
1,994,0.008586567376770634,0.18450538963720148,0.3368945851463071,0.47001345783971843,50,20,20
1,995,0.008586567376770635,0.18450538963720153,0.3368946450810762,0.4700133979049492,50,20,20
1,996,0.008586567376770635,0.18450538966381105,0.33690758359457235,0.4700004593648435,50,20,20
1,997,0.008586567351877,0.1884893476051152,0.33292362568967043,0.47000045935333484,50,20,20
1,998,0.008586567351877,0.18848934760493502,0.33291163985674976,0.47001244518643576,50,20,20
1,999,0.008586567351877,0.18848934757814953,0.33289441735002384,0.47002966771994714,50,20,20
1,1000,0.008586567351877,0.18848934757835942,0.3327638883581483,0.4701601967116129,50,20,20
1,1001,0.008586567351877,0.18848934757835933,0.332778443753344,0.4701456413164173,50,20,20
1,1002,0.008586567351876904,0.18848934757623564,0.3326476490809324,0.47027643599095265,50,20,20
1,1003,0.008586567351876904,0.18848934757623567,0.33312963743000346,0.4697944476418816,50,20,20
1,1004,0.008586567351876904,0.18848934757623012,0.3331414679566834,0.46978261711520714,50,20,20
1,1005,0.0014280567775784958,0.1884659860070582,0.34031273786439636,0.46979321935096513,50,20,20
1,1006,0.001428034835799142,0.19305626733012787,0.3357570954592129,0.46975860237485706,50,20,20
1,1007,0.0014280348357991466,0.19285008283755858,0.33596327995177644,0.4697586023748629,50,20,20
1,1008,0.0014280348357991466,0.19285008283732502,0.33595872557524437,0.46976315675162844,50,20,20
1,1009,0.0014280348357991466,0.19285008283747454,0.33596271317015175,0.4697591691565717,50,20,20
1,1010,0.0014280348354367702,0.19315190115659245,0.33566089485141054,0.4697591691565573,50,20,20
1,1011,0.001428034835436766,0.19335771407270724,0.33545508193528856,0.46975916915656457,50,20,20
1,1012,0.0014280348346964761,0.1933577140726912,0.33545325317050734,0.469760997922102,50,20,20
1,1013,0.0014280348346964761,0.19335771407269128,0.33545326260314345,0.4697609884894658,50,20,20
1,1014,0.001428034834696476,0.19301427386982986,0.3357967028059957,0.46976098848947495,50,20,20
1,1015,0.001428034834696476,0.19301427386982728,0.3358111114814195,0.46974657981405377,50,20,20
1,1016,0.0014280348346964763,0.19301427386983316,0.3356761562444428,0.4698815350510246,50,20,20
1,1017,0.0014280348334650523,0.19301374205017474,0.336051297891649,0.46950692522470755,50,20,20
1,1018,0.0014280348334654517,0.19300922150197988,0.33605581843983484,0.46950692522471615,50,20,20
1,1019,0.0014280351129026018,0.1930220549381419,0.3360430968589532,0.4695068130899982,50,20,20
1,1020,0.001428035112902602,0.1930220549381419,0.33604634783139103,0.46950356211756067,50,20,20
1,1021,0.001428035112902602,0.19302205493814178,0.3360460659110174,0.46950384403793444,50,20,20
1,1022,0.0014280433493452924,0.19302328846755437,0.3360447858325247,0.46950388235057205,50,20,20
1,1023,0.0014280433492026064,0.1931325441914022,0.3359355301097047,0.4695038823496869,50,20,20
1,1024,0.0014280433478156746,0.19313254402087132,0.32254760418901607,0.48289180844229357,50,20,20
1,1025,0.0014280433478816065,0.20490307926599893,0.31077706893417845,0.4828918084519374,50,20,20
1,1026,0.0014280433478816067,0.20490307928526502,0.31107194291674256,0.48259693445010754,50,20,20
1,1027,0.0014281858725486926,0.20489580689445483,0.3110790643907123,0.48259694284228155,50,20,20
1,1028,0.0014281858725486943,0.20489580687509437,0.3107839609373788,0.4828920463149757,50,20,20
1,1029,0.0014281858724827664,0.20945576357861861,0.30622400424375074,0.4828920463051454,50,20,20
1,1030,0.001428185872482367,0.20943104268079074,0.3062487251414716,0.4828920463052529,50,20,20
1,1031,0.0014281781581384184,0.20942980914326056,0.3062500186434443,0.48289199405515437,50,20,20
1,1032,0.0014281781581384184,0.20942980914326045,0.3062500111325562,0.4828920015660426,50,20,20
1,1033,0.0014281781580669651,0.20987927578848006,0.3058005444874164,0.4828920015660341,50,20,20
1,1034,0.0014281781580669692,0.20987927578847376,0.30579709687814316,0.4828954491753137,50,20,20
1,1035,0.0014281781580669692,0.2099055531198351,0.3057708195468981,0.48289544917519733,50,20,20
1,1036,0.0014281781580669911,0.20990555311984133,0.3057751576513921,0.48289111107069715,50,20,20
1,1037,0.001428178158068914,0.2099332427943852,0.30574746797684577,0.4828911110706977,50,20,20
1,1038,0.001428178158068917,0.19384066257787463,0.32184004819318845,0.48289111107086463,50,20,20
1,1039,0.0014281781580689121,0.19384066257788124,0.321840282185157,0.48289087707888945,50,20,20
1,1040,0.021387399933632145,0.19384066271817774,0.301881177011762,0.4828907603364254,50,20,20
1,1041,0.02138739993363208,0.19384108423218785,0.3018807554977256,0.4828907603364522,50,20,20
1,1042,0.0213873999335744,0.19384108423131743,0.29527661307788,0.4894949027572255,50,20,20
1,1043,0.021387387355108478,0.18183965701088917,0.3072820986584859,0.4894908569755142,50,20,20
1,1044,0.021387387355114706,0.18182499279144512,0.307296762875464,0.48949085697797395,50,20,20
1,1045,0.020166562670253994,0.18123256859768375,0.30911523609943187,0.4894856326326292,50,20,20
1,1046,0.02016656267025399,0.1830197782771808,0.3073280264200407,0.4894856326325233,50,20,20
1,1047,0.02016656267025399,0.1830197782771819,0.30732824883499693,0.48948541021756603,50,20,20
1,1048,0.02016656267013936,0.18330210063432895,0.3070459264779954,0.4894854102175358,50,20,20
1,1049,0.02016656267013936,0.17107892992638823,0.3192690971854,0.4894854102180719,50,20,20
1,1050,0.020166562670139436,0.17107892992638754,0.319272554922053,0.48948195248141985,50,20,20
1,1051,0.020166562670139436,0.17107892992638693,0.3191031025102692,0.48965140489320413,50,20,20
1,1052,0.020166562670139436,0.17107892992639875,0.31910827599052694,0.48964623141293456,50,20,20
1,1053,0.020166562715845805,0.17113238835914138,0.3190548158535072,0.4896462330715051,50,20,20
1,1054,0.02016656271584663,0.18332711448793884,0.30686007969193285,0.4896462431042811,50,20,20
1,1055,0.02016656271584663,0.18332711448805802,0.3068566294833593,0.48964969331273545,50,20,20
1,1056,0.02016656271584663,0.18332711448805677,0.3068582034658722,0.48964811933022384,50,20,20
1,1057,0.0201665628739022,0.18304369393661285,0.3071416238592194,0.489648119330265,50,20,20
1,1058,0.0201665628739022,0.18304369393661285,0.30714162204885304,0.4896481211406312,50,20,20
1,1059,0.02017441120298548,0.18304231042871927,0.3071351785739563,0.4896480997943379,50,20,20
1,1060,0.02017441120299022,0.1830423104246368,0.3002137163353254,0.49656956203704616,50,20,20
1,1061,0.02017441120299022,0.18304231042463734,0.2997379258869822,0.49704535248538884,50,20,20
1,1062,0.02017441120310348,0.18896596821001324,0.2938142681012491,0.49704535248563303,50,20,20
1,1063,0.02017441120310348,0.1889659682100074,0.2937992199940876,0.49706040059280043,50,20,20
1,1064,0.02017441120310346,0.1889659682068806,0.29379139092720946,0.4970682296628054,50,20,20
1,1065,0.01076938942201927,0.1889659723938683,0.3031905215659582,0.4970741166181532,50,20,20
1,1066,0.01076938942201927,0.18896597239386828,0.3031786063481767,0.49708603183593475,50,20,20
1,1067,0.01076938942201927,0.1889659723938679,0.3031716101170878,0.49709302806702405,50,20,20
1,1068,0.010769383492200935,0.18896597111420618,0.29884578851524923,0.5014188568783429,50,20,20
1,1069,0.003335180815959479,0.18896596678664884,0.30628588245256,0.501412969944831,50,20,20
1,1070,0.003335180815959481,0.18896596678678396,0.306297604340172,0.5014012480570839,50,20,20
1,1071,0.003128778933869459,0.1890559564771886,0.3064250611494399,0.5013902034395001,50,20,20
1,1072,1.7390136651179194e-05,0.1891617855983435,0.3089240836165541,0.5018967406484497,50,20,20
1,1073,1.7390136651179194e-05,0.18916178559834357,0.3089370538745918,0.5018837703904118,50,20,20
1,1074,1.7390136651255074e-05,0.189161785598348,0.3089381085547881,0.5018827157102108,50,20,20
1,1075,1.739294044626938e-05,0.189161796175737,0.3089380691094014,0.5018827417744145,50,20,20
1,1076,1.7392940446194453e-05,0.1891617961825132,0.32350360506746534,0.487317205809574,50,20,20
1,1077,1.7392943121700473e-05,0.18916178064293515,0.31125110102810155,0.49956972538584005,50,20,20
1,1078,1.739294312170056e-05,0.18916178064293473,0.31125102115312286,0.49956980526081923,50,20,20
1,1079,1.7715605220189624e-05,0.18939074036966497,0.31100982559569107,0.49958171842942184,50,20,20
1,1080,1.7715605220189624e-05,0.18939074036968884,0.31101674387827605,0.4995748001468131,50,20,20
1,1081,1.7715605220189624e-05,0.18939074036956957,0.311013912437621,0.4995776315875873,50,20,20
1,1082,1.7715605220189624e-05,0.18939074036956952,0.3110139129990574,0.4995776310261509,50,20,20
1,1083,1.7715453094863135e-05,0.1893911469798013,0.3110135065058517,0.49957763106124986,50,20,20
1,1084,1.7715453094862803e-05,0.18939114697980133,0.31101170812104,0.49957942944606154,50,20,20
1,1085,1.7715452978968885e-05,0.18939928184142804,0.3110035732597736,0.499579429445817,50,20,20
1,1086,1.7381098076896653e-05,0.1895376440920613,0.3108946218101188,0.49955035299973993,50,20,20
1,1087,1.738109566361127e-05,0.18953764261952696,0.3033969172781359,0.5070480590066712,50,20,20
1,1088,1.6960102300068543e-05,0.18953764253036126,0.2874679875460619,0.5229774098212743,50,20,20
1,1089,1.6960102300068566e-05,0.18953764253033747,0.2874658205793894,0.5229795767879706,50,20,20
1,1090,1.696003171634194e-05,0.18953764253033367,0.28740906316814363,0.523036334269804,50,20,20
1,1091,0.015630044290865307,0.18953763195618728,0.2717960152591736,0.5230363084937716,50,20,20
1,1092,0.015630044291119565,0.1895385454669105,0.2717951018386643,0.5230363084033032,50,20,20
1,1093,0.01563004429111469,0.18953854546715265,0.2716061410173584,0.5232252692243717,50,20,20
1,1094,0.015630044291114528,0.18947743634572162,0.2716672501382682,0.5232252692248932,50,20,20
1,1095,0.015630044291114534,0.1896023239827003,0.2709530842435626,0.5238145474826201,50,20,20
1,1096,0.01563004429013919,0.18964554924837684,0.2709098589821714,0.5238145474793101,50,20,20
1,1097,0.01563004429013297,0.1896587139705952,0.27089669426234786,0.5238145474769216,50,20,20
1,1098,0.015630044290083227,0.1896587139835667,0.2778907110938681,0.5168205306324792,50,20,20
1,1099,0.015630044284220025,0.18966246828567648,0.2778869568320677,0.5168205305980329,50,20,20
1,1100,0.015630044284220025,0.18966246828567704,0.2778870691202673,0.5168204183098326,50,20,20
1,1101,0.01563004430748628,0.1852206593818072,0.28232887799167466,0.5168204183190289,50,20,20
1,1102,0.015630044307486327,0.1852127844290488,0.2823367529445056,0.5168204183189563,50,20,20
1,1103,0.015630044141381458,0.18519669735051145,0.28234066477627745,0.5168325937318285,50,20,20
1,1104,0.015630044256247727,0.18507213550021734,0.27236761171915214,0.5269302085243802,50,20,20
1,1105,0.0002474867793218741,0.1850726110339214,0.28774951121613396,0.5269303909706221,50,20,20
1,1106,0.0002474867793218741,0.18507261103390957,0.2877442375007349,0.5269356646860333,50,20,20
1,1107,0.00024748677932187396,0.1854161627328272,0.2874006858018344,0.5269356646860159,50,20,20
1,1108,0.00024748677932187396,0.18541616273282732,0.2873979781202518,0.5269383723675983,50,20,20
1,1109,0.00024748677932187385,0.18541616273282735,0.28739465079489035,0.5269416996929598,50,20,20
1,1110,0.00024748677932187385,0.18541616273282732,0.2873946504413491,0.5269417000465011,50,20,20
1,1111,0.0002471640715197846,0.18513327207636102,0.2876897761550467,0.526929787697072,50,20,20
1,1112,0.00024716416237268926,0.18510091082143276,0.2877112046183111,0.5269407203978831,50,20,20
1,1113,0.0002471644293691625,0.19907710535414977,0.2737344539376452,0.5269412762788357,50,20,20
1,1114,0.0002471644293691625,0.19907660098047925,0.27373495831129063,0.5269412762788612,50,20,20
1,1115,0.0002471644293691624,0.19907660098032967,0.2737309123500499,0.5269453222402515,50,20,20
1,1116,0.0002471632235565779,0.19907660097999638,0.2736580676828442,0.5270181681136032,50,20,20
1,1117,0.0002471632236898564,0.20073488273052204,0.2719997868837329,0.5270181671620553,50,20,20
1,1118,0.0002471632236898564,0.20073488273051543,0.2719995025733079,0.527018451472487,50,20,20
1,1119,0.00024716322368985636,0.20073488273072115,0.27200733071800615,0.5270106233275829,50,20,20
1,1120,0.0002471589776850367,0.20053702188376935,0.272205229772863,0.5270105893656829,50,20,20
1,1121,0.0002471589776850636,0.20053702188376873,0.27220516989737864,0.5270106492411678,50,20,20
1,1122,0.0002471589776850664,0.2005370218837837,0.2722052835359668,0.5270105356025646,50,20,20
1,1123,0.00024715897768506635,0.20053702188378367,0.27220526466952455,0.5270105544690071,50,20,20
1,1124,0.00024715897768227664,0.20059024757521343,0.2721520414558831,0.5270105519912217,50,20,20
1,1125,0.0002471589776822767,0.2005899107102382,0.27215237832085815,0.5270105519912217,50,20,20
1,1126,0.0002471589776825444,0.2005899107104445,0.29157203279439214,0.5075908975174814,50,20,20
1,1127,0.0002471589776825444,0.200588007529681,0.2915739359751513,0.5075908975174859,50,20,20
1,1128,0.00024715897768254504,0.19924224047337408,0.29291970303148357,0.5075908975174603,50,20,20
1,1129,0.00024715897768254504,0.1992422404733855,0.2929200525323174,0.5075905480166151,50,20,20
1,1130,0.000247158977287508,0.19845964804751565,0.2937023004488229,0.5075908925263739,50,20,20
1,1131,0.0002471589771571265,0.19664698098558223,0.29551496750603534,0.5075908925312254,50,20,20
1,1132,0.00024715864138340833,0.1966288847920099,0.29553306403645696,0.5075908925301499,50,20,20
1,1133,0.0002471583743869674,0.19825257134095575,0.29390993363563966,0.5075903366490179,50,20,20
1,1134,0.0002471583743869656,0.19825257134095536,0.29390981630122903,0.5075904539834292,50,20,20
1,1135,0.00024715875681410345,0.19825110420613476,0.2939112799869221,0.507590457050129,50,20,20
1,1136,0.0002471587568140957,0.19515866427099104,0.29700371991861496,0.50759045705358,50,20,20
1,1137,0.0002471587568175525,0.19515866427097972,0.2970048303898079,0.507589346582395,50,20,20
1,1138,0.0002471597441349334,0.19510536971709008,0.29705812379788293,0.5075893467408925,50,20,20
1,1139,0.0002471597441316083,0.19510536971711823,0.2970627294682823,0.5075847410704682,50,20,20
1,1140,0.0002471597441316083,0.1951053697167338,0.2970465980956259,0.5076008724435092,50,20,20
1,1141,0.000247159744131643,0.19510536971678127,0.29704107560183035,0.5076063949372572,50,20,20
1,1142,0.00024715974413163847,0.19510536971676637,0.29704110662833816,0.5076063639107643,50,20,20
1,1143,0.00024715974413165955,0.19510536971656314,0.2970310763324973,0.5076163942068085,50,20,20
1,1144,0.0002471597439508324,0.19510536970365272,0.2898105193238645,0.5148369512285325,50,20,20
1,1145,0.0002471597439508321,0.1951053697036527,0.28981056856036036,0.5148369019920367,50,20,20
1,1146,0.0002471597439508301,0.19510536971785392,0.28981333897147904,0.5148341315667168,50,20,20
1,1147,0.00024715875663961303,0.19510541650708557,0.2898132932742071,0.5148341314620681,50,20,20
1,1148,0.0002471587566404959,0.18468046001836044,0.3002382497625477,0.5148341314624517,50,20,20
1,1149,0.0002471587566404959,0.18468046001836913,0.30119896709966754,0.5138734141253232,50,20,20
1,1150,0.00024715875664049595,0.1846804600250623,0.3008118178034981,0.5142605634147995,50,20,20
1,1151,0.0002471587566404907,0.17303348546007663,0.3124587923684755,0.514260563414808,50,20,20
1,1152,0.00024715875664022414,0.17303348547700206,0.29366585780634613,0.5330534979600121,50,20,20
1,1153,0.0002471587566371905,0.17303306791118245,0.2936662754131422,0.5330534979190387,50,20,20
1,1154,0.0002471587566371905,0.17303306791118192,0.2936600768687455,0.5330596964634355,50,20,20
1,1155,0.00024715875660220025,0.17303306791112058,0.2936508802005938,0.5330688931316835,50,20,20
1,1156,0.00023875248648178683,0.17294075767729616,0.2942580346839993,0.5325624551522212,50,20,20
1,1157,0.0002387524864817612,0.17294075767728515,0.2942527344470804,0.5325677553891512,50,20,20
1,1158,0.00023875248648176119,0.17294075767728515,0.29425276616048285,0.5325677236757488,50,20,20
1,1159,0.0002387524864817632,0.1762527520593905,0.29094077178226285,0.5325677236718634,50,20,20
1,1160,0.00023875248648176663,0.17625376665363832,0.29093975718789233,0.5325677236719861,50,20,20
1,1161,0.00023875248648176672,0.17625376665363823,0.290926788352377,0.5325806925075013,50,20,20
1,1162,0.00023875248648176672,0.17625376665364045,0.2909268636869088,0.5325806171729675,50,20,20
1,1163,0.00023875248649284396,0.17625376665364045,0.2909305084894044,0.5325769723704609,50,20,20
1,1164,0.00023875248649284396,0.17625376665364054,0.2909305823308113,0.5325768985290539,50,20,20
1,1165,8.222073138204633e-06,0.17630382330860683,0.2911111466778439,0.5325768079404096,50,20,20
1,1166,8.239007168587693e-06,0.17628688087872454,0.29113073835682224,0.5325741417572835,50,20,20
1,1167,8.239007168511819e-06,0.17628688087872008,0.29113837895920336,0.5325665011549069,50,20,20
1,1168,8.239007168511819e-06,0.17628688087872021,0.29113829057891516,0.532566589535195,50,20,20
1,1169,8.239007168511775e-06,0.17628688087872021,0.2911383648329115,0.5325665152811986,50,20,20
1,1170,9.97595723749265e-06,0.17628722101424876,0.2911362877288012,0.5325665152997108,50,20,20
1,1171,9.7654472289468e-06,0.17627371354342267,0.2911501043266377,0.5325664166827092,50,20,20
1,1172,9.765447228912067e-06,0.1762737135433751,0.2911498293346523,0.5325666916747421,50,20,20
1,1173,9.765447228912067e-06,0.17627371354336582,0.29113510003960724,0.5325814209697964,50,20,20
1,1174,9.765449606026131e-06,0.18576163255228656,0.2816471808799184,0.5325814211181875,50,20,20
1,1175,9.765449606026131e-06,0.18576163255229416,0.2816474348662899,0.5325811671318084,50,20,20
1,1176,9.765449606026123e-06,0.1857616325522941,0.2816474304508508,0.5325811715472476,50,20,20
1,1177,9.765449594921978e-06,0.18576163255229403,0.28164387856915346,0.5325847234289561,50,20,20
1,1178,9.765449594922353e-06,0.18576163255230568,0.2816481250527023,0.5325804769453957,50,20,20
1,1179,9.765449594922353e-06,0.1857616325523056,0.2816482561517811,0.5325803458463169,50,20,20
1,1180,9.765643835503685e-06,0.18578185194036742,0.2816280395967941,0.5325803428190015,50,20,20
1,1181,9.765643835523395e-06,0.18578185194036742,0.28163036793702967,0.5325780144787661,50,20,20
1,1182,9.765643834693091e-06,0.18587593015021525,0.28153629976049976,0.5325780044454489,50,20,20
1,1183,9.765643835764012e-06,0.1858412498587832,0.2815709800509513,0.5325780044464282,50,20,20
1,1184,9.777179843034445e-06,0.186401922845198,0.2810102930348344,0.5325780069401231,50,20,20
1,1185,9.777179843014729e-06,0.18640192284519536,0.2810093657599164,0.5325789342150439,50,20,20
1,1186,9.777179843014729e-06,0.1864019228451955,0.28100932485938773,0.5325789751155723,50,20,20
1,1187,9.777179843014729e-06,0.18640192284519558,0.2810093280146955,0.5325789719602646,50,20,20
1,1188,9.777179843014729e-06,0.18640192284519586,0.28100933944548384,0.532578960529476,50,20,20
1,1189,9.777179843014729e-06,0.18640192284519677,0.2810168378674682,0.5325714621074905,50,20,20
1,1190,9.777177465017817e-06,0.18568126306889077,0.28173749779493124,0.5325714619587114,50,20,20
1,1191,9.777051830995118e-06,0.18561722886113485,0.2817949064203107,0.5325780876667222,50,20,20
1,1192,9.777051830995118e-06,0.18561722886113985,0.2817911001013282,0.5325818939856997,50,20,20
1,1193,9.777051830995176e-06,0.18561723070539615,0.2821467801973964,0.5322262120453751,50,20,20
1,1194,9.777051830995176e-06,0.1856172307053962,0.2821469182492204,0.5322260739935512,50,20,20
1,1195,0.0024565603372199343,0.18562239545248693,0.27969481768236715,0.532226226527925,50,20,20
1,1196,0.0024565486670513575,0.18506442604981183,0.28024955482487107,0.5322294704582647,50,20,20
1,1197,0.0024565486670513597,0.1850587795550048,0.28025520131822096,0.5322294704597218,50,20,20
1,1198,0.0024565488419490823,0.18500844920344994,0.28030561599427256,0.5322293859603273,50,20,20
1,1199,0.0024565488419490823,0.18500844920344903,0.28029804314535167,0.532236958809249,50,20,20
1,1200,1.8679110609105685e-06,0.18500281336776334,0.2827584538990051,0.5322368648221691,50,20,20
1,1201,1.867912418953929e-06,0.18500281335860905,0.2821511639262457,0.5328441548027252,50,20,20
1,1202,1.8679124265098898e-06,0.18593125858955836,0.2812227186513628,0.5328441548466515,50,20,20
1,1203,1.8679124265105151e-06,0.18593125858955845,0.2812885037270891,0.5327783697709251,50,20,20
1,1204,1.8679124265106494e-06,0.1859312567453174,0.2809377524304255,0.5331291229118297,50,20,20
1,1205,1.8679124265106494e-06,0.18593125674531755,0.28093798385566937,0.5331288914865858,50,20,20
1,1206,1.8679124265110896e-06,0.18593125674537034,0.2809456211118591,0.5331212542303433,50,20,20
1,1207,1.8678846886112466e-06,0.186025434507645,0.2808546897573182,0.5331180078503475,50,20,20
1,1208,1.8678846886112466e-06,0.18602543450764486,0.2808544566694047,0.5331182409382612,50,20,20
1,1209,1.8678846893116374e-06,0.18764989355483386,0.2792299971484526,0.5331182414120234,50,20,20
1,1210,0.0004668777266538452,0.1875530018334654,0.2788618795350707,0.5331182409048092,50,20,20
1,1211,0.00046687772668527563,0.1868800341593292,0.27953484710284726,0.5331182410111373,50,20,20
1,1212,0.0004668777266852757,0.1868800341593292,0.27953484549340624,0.5331182426205783,50,20,20
1,1213,0.0004668777266852757,0.18688003415932095,0.2795345465530837,0.5331185415609092,50,20,20
1,1214,0.00046687772668527373,0.1868582250196367,0.27955635569201687,0.5331185415616602,50,20,20
1,1215,0.00046687772668527373,0.18685822501979785,0.27956878882495584,0.5331061084285603,50,20,20
1,1216,0.00046687772668335085,0.18685861950632557,0.2795683943384304,0.5331061084285601,50,20,20
1,1217,0.0004668777266833504,0.1868586195062952,0.2799442836295701,0.5327302191374508,50,20,20
1,1218,0.0004668777266833509,0.186858619506302,0.2802101083453679,0.532464394421646,50,20,20
1,1219,0.00046857589931167655,0.1868585831157828,0.2802078770502288,0.5324649639346765,50,20,20
1,1220,0.0004685758993115449,0.18685858311575462,0.2802110163026605,0.532461824682273,50,20,20
1,1221,0.0004685758993115253,0.18685858311575462,0.2802178989805667,0.5324549420043668,50,20,20
1,1222,0.00046857589795348077,0.18685858310777714,0.2801984670130674,0.5324743739812018,50,20,20
1,1223,0.00046857589795348077,0.1868816867758608,0.2801753633458154,0.53247437398037,50,20,20
1,1224,0.019643735185116768,0.1868814591598576,0.26100043169120524,0.5324743739638196,50,20,20
1,1225,0.019643735185085335,0.18755192205251564,0.26032996890490717,0.532474373857491,50,20,20
1,1226,0.019643735185085335,0.1875519220525156,0.26032060799604884,0.5324837347663494,50,20,20
1,1227,0.01964373518508535,0.18889796052133026,0.25897456952723347,0.5324837347663498,50,20,20
1,1228,0.019643735185085352,0.18889796052338595,0.2589733301382753,0.5324849741532522,50,20,20
1,1229,0.019643735185084284,0.1878754208522053,0.25999586981043665,0.5324849741522726,50,20,20
1,1230,0.019643768993973434,0.18694694364916528,0.26092431317432124,0.5324849741825387,50,20,20
1,1231,0.01964376906836033,0.18694689229837458,0.2609243642332954,0.5324849743999679,50,20,20
1,1232,0.01964376906836033,0.18694690713112094,0.2611293725918237,0.5322799512086932,50,20,20
1,1233,0.01964376906836033,0.18694690712441958,0.2605559083793753,0.5328534154278429,50,20,20
1,1234,0.019643769068360323,0.1869040486620589,0.26059876684331124,0.5328534154262677,50,20,20
1,1235,0.019643769068360323,0.1869040486620589,0.26059876691352946,0.5328534153560497,50,20,20
1,1236,0.019642070895725984,0.18690405775415042,0.2606010255593701,0.5328528457907519,50,20,20
1,1237,0.01964207089572598,0.18694440080393854,0.2605606825095864,0.5328528457907474,50,20,20
1,1238,0.019642054081664,0.18690165320723146,0.260612806758968,0.5328434859521347,50,20,20
1,1239,0.019642054081664,0.1869024975733094,0.2606119623928901,0.5328434859521346,50,20,20
1,1240,0.019642054081661482,0.18687821703858926,0.2606363869389719,0.5328433419407756,50,20,20
1,1241,0.019642054081661482,0.1868782170385843,0.26063158431030997,0.5328481445694426,50,20,20
1,1242,0.019642054081661486,0.1868782170385843,0.26063158337711045,0.5328481455026425,50,20,20
1,1243,0.01964205387551431,0.18687804726756554,0.2606317609266951,0.5328481379302239,50,20,20
1,1244,0.01964205387551431,0.18687804726797655,0.26064797002260814,0.5328319288338998,50,20,20
1,1245,0.019642053875514296,0.18687623166043668,0.26064978562995295,0.5328319288340948,50,20,20
1,1246,0.019642053875514296,0.18677181449417302,0.2607542027962179,0.5328319288340937,50,20,20
1,1247,0.019642053875514296,0.18677181449417538,0.2607542603912388,0.5328318712390705,50,20,20
1,1248,0.019642053875514306,0.18677181449416863,0.2604917995675126,0.5330943320628037,50,20,20
1,1249,0.01964205387551434,0.1867718144941777,0.2604934541306871,0.5330926774996201,50,20,20
1,1250,0.01964205387551434,0.18677179966143137,0.260297574247368,0.5332885722156855,50,20,20
1,1251,0.01964205387551434,0.18677179966182186,0.2603085537581879,0.5332775927044751,50,20,20
1,1252,0.01964205387551434,0.1867717996618132,0.26030824639946265,0.533277900063209,50,20,20
1,1253,0.01964205387551434,0.1867717996619016,0.2605102985455046,0.5330758479170786,50,20,20
1,1254,0.01964205387551434,0.1867717996619016,0.2609372528648729,0.5326488935977103,50,20,20
1,1255,0.01964205387551434,0.18678192012932246,0.26092713239745213,0.5326488935977103,50,20,20
1,1256,0.01964205387551434,0.18678192012932232,0.26092691852575167,0.5326491074694109,50,20,20
1,1257,0.019642053755545025,0.1913299466076375,0.25637904037709286,0.5326489592597239,50,20,20
1,1258,0.019642053755545025,0.19132994660558175,0.2563711041724707,0.5326568954664017,50,20,20
1,1259,0.019642053755545025,0.1912085623556993,0.2564924884132248,0.5326568954755301,50,20,20
1,1260,0.019642053755545025,0.1912085623556995,0.25649657928792297,0.5326528046008318,50,20,20
1,1261,0.019642053755545043,0.191208562355309,0.25648562910291817,0.532663754786227,50,20,20
1,1262,0.019642053755545043,0.19120856235531414,0.2564870255196996,0.5326623583694404,50,20,20
1,1263,0.019642053755545043,0.1912085623553091,0.25648560613158244,0.5326637777575627,50,20,20
1,1264,0.01964205375554501,0.1917012764442472,0.255992892042645,0.5326637777575621,50,20,20
1,1265,0.019642053755570335,0.1917018068396328,0.2559751779460911,0.5326809614587051,50,20,20
1,1266,0.019642053755569634,0.19063579094389405,0.2570411943149446,0.5326809609855911,50,20,20
1,1267,0.019642053755569634,0.1906357909438939,0.2570372657350288,0.5326848895655071,50,20,20
1,1268,0.019642053755569634,0.1906357909438939,0.2570372693996404,0.5326848859008955,50,20,20
1,1269,0.019642053769681835,0.1905837219998033,0.25660330549068777,0.5331709187398261,50,20,20
1,1270,0.019642053761234415,0.1909046463467418,0.2562823813715152,0.5331709185205076,50,20,20
1,1271,0.019642053761234415,0.19090464634674167,0.25628228360539673,0.5331710162866261,50,20,20
1,1272,0.019642053761234526,0.19091024899685155,0.2562766789653212,0.5331710182765912,50,20,20
1,1273,0.01964205419455962,0.18840418125812078,0.2587827455115798,0.5331710190357385,50,20,20
1,1274,0.019642054194559604,0.18840418125812078,0.2587828061489114,0.533170958398407,50,20,20
1,1275,0.019642054194559604,0.18852775462129334,0.25865923279486724,0.5331709583892787,50,20,20
1,1276,0.01964205419456211,0.17797678762982827,0.2692101103058624,0.5331710478697462,50,20,20
1,1277,0.01964205419456211,0.1790339167122218,0.26815298122346853,0.5331710478697465,50,20,20
1,1278,0.01964205419456211,0.17903391671222174,0.26815304836134884,0.5331709807318662,50,20,20
1,1279,0.019642054194562105,0.17913835979052853,0.268048605283042,0.5331709807318661,50,20,20
1,1280,0.019642054194988566,0.18130964325808435,0.2658773218906255,0.5331709806563003,50,20,20
1,1281,0.019642072442647384,0.18098799179908506,0.2649572089083305,0.5344127268499357,50,20,20
1,1282,0.019642072442647384,0.18098799180096087,0.2649636685358788,0.5344062672205115,50,20,20
1,1283,0.019642072442647384,0.18098785365131484,0.26496380668551534,0.5344062672205211,50,20,20
1,1284,0.019642072442647384,0.18098785365095676,0.2649632624662368,0.5344068114401578,50,20,20
1,1285,0.01964225017101514,0.1788185381947056,0.2671324001946101,0.534406811439668,50,20,20
1,1286,0.01964225017101514,0.1788185381947056,0.2671324455724208,0.5344067660618572,50,20,20
1,1287,0.01964225017101514,0.17881853819470328,0.2671361830741434,0.534403028560137,50,20,20
1,1288,0.019642250171015143,0.17881853819470428,0.2671323663819718,0.5344068452523075,50,20,20
1,1289,0.019642277910173103,0.17881433041882347,0.26713654841021667,0.5344068432607856,50,20,20
1,1290,0.019642277910173703,0.17881433041873823,0.2669346075430512,0.5346087841280357,50,20,20
1,1291,0.0196422779264866,0.17798968716338337,0.2677590534141323,0.5346089814959964,50,20,20
1,1292,0.0196422779264866,0.17784388249492492,0.26790485808258746,0.5346089814959998,50,20,20
1,1293,0.0196422779264866,0.1778373141321401,0.26791142644537197,0.534608981496,50,20,20
1,1294,0.019642277926486602,0.17783731413214057,0.26791158956683014,0.5346088183745414,50,20,20
1,1295,0.01964227792648664,0.17783731413212325,0.26791094615729194,0.5346094617840971,50,20,20
1,1296,0.019642277926486644,0.1778373141321426,0.26785003041569644,0.5346703775256731,50,20,20
1,1297,0.019642277926486644,0.17798351685766792,0.26770382769017464,0.5346703775256696,50,20,20
1,1298,0.019642277926486644,0.1779835168576679,0.26727692921893015,0.5350972759969141,50,20,20
1,1299,0.0196422779264865,0.1734916875756163,0.2717687608215191,0.5350972736763769,50,20,20
1,1300,0.019642277926486616,0.17349168757561997,0.2717715292852191,0.5350945052126731,50,20,20
1,1301,0.01964227792738159,0.17342255664250736,0.2718406602831675,0.5350945051469423,50,20,20
1,1302,0.01964227792738159,0.17342255664250736,0.27184078753897567,0.5350943778911341,50,20,20
1,1303,0.019642277927382178,0.17342255662818648,0.27182846883053197,0.5351066966138982,50,20,20
1,1304,0.0196422778143323,0.1734222308327056,0.2625312018778074,0.5444042894751537,50,20,20
1,1305,0.019642165081263166,0.173422391878367,0.26253081199547174,0.5444046310448983,50,20,20
1,1306,0.019642165081263166,0.17342239187836658,0.2625347878760986,0.544400655164272,50,20,20
1,1307,0.01964216512477302,0.17342442857067777,0.2579367781354031,0.5489966281691461,50,20,20
1,1308,0.01964216512477302,0.17342442857069607,0.2579428358911167,0.5489905704134143,50,20,20
1,1309,0.019642137385616227,0.17342307015793168,0.25794422204180056,0.5489905704146516,50,20,20
1,1310,0.019642137385616227,0.17342307015793168,0.2579472342236859,0.5489875582327663,50,20,20
1,1311,0.019642137385616223,0.1734230701579124,0.25794551245091446,0.548989280005557,50,20,20
1,1312,0.019642137385616223,0.17342307015795505,0.2579537343432082,0.5489810581132206,50,20,20
1,1313,0.019642137385616223,0.17342307015809663,0.2579656868700987,0.5489691055861885,50,20,20
1,1314,0.019642137385616223,0.1734207501122932,0.25796800691590227,0.5489691055861883,50,20,20
1,1315,0.01964213738561622,0.17342075011277583,0.2579852669230018,0.5489518455786062,50,20,20
1,1316,0.019642137385616223,0.17342075011261482,0.25797289015950214,0.5489642223422667,50,20,20
1,1317,0.019642137385616223,0.173420750112183,0.25796309601734885,0.5489740164848519,50,20,20
1,1318,0.01964211907201794,0.1734207426819622,0.25920486346457294,0.5477322747814464,50,20,20
1,1319,0.019642119072017974,0.17333597944686507,0.2592896266996668,0.5477322747814496,50,20,20
1,1320,0.019642119072743828,0.17308940302351775,0.2595362017430563,0.5477322761606814,50,20,20
1,1321,0.01964211907274384,0.17308940302350614,0.2595318731528863,0.5477366047508633,50,20,20
1,1322,0.019642119072718928,0.17308884799713983,0.2595493439890019,0.5477196889411391,50,20,20
1,1323,0.019642119072718928,0.17308884799713983,0.25954934030964955,0.5477196926204916,50,20,20
1,1324,0.019642119072719864,0.17281073626601312,0.25982745204077845,0.5477196926204884,50,20,20
1,1325,0.019642119072719275,0.17281073626631158,0.2598258023359829,0.5477213423249861,50,20,20
1,1326,0.019642119072719275,0.172810736266269,0.2598177472766242,0.5477293973843874,50,20,20
1,1327,0.019642118639394177,0.175287855140479,0.25734062959375,0.5477293966263765,50,20,20
1,1328,0.019642118639394177,0.17528785514070333,0.25756565190548897,0.5475043743144132,50,20,20
1,1329,0.019642118639394177,0.17528785514068526,0.25775790054963243,0.5473121256702879,50,20,20
1,1330,0.019642118639547897,0.17536477853636925,0.257680977155056,0.5473121256690265,50,20,20
1,1331,0.019642118639547897,0.17536477853636903,0.257487816831296,0.5475052859927867,50,20,20
1,1332,0.019642118639547904,0.17536477853635124,0.2571044058728733,0.5478886969512272,50,20,20
1,1333,0.019642118639547863,0.17536477853635118,0.2571001600166017,0.5478929428074989,50,20,20
1,1334,0.019642118639553553,0.18692022877658587,0.24554470973337075,0.5478929428504893,50,20,20
1,1335,0.020377700202971857,0.1869201162475977,0.24480923968070933,0.5478929438687206,50,20,20
1,1336,0.020377700202971857,0.18692011624754679,0.24480176464650166,0.547900418902979,50,20,20
1,1337,0.02037770020297126,0.18692011624754515,0.24480183543935827,0.5479003481101248,50,20,20
1,1338,0.020377700202970174,0.19247279892081512,0.239249584955312,0.5478999159209017,50,20,20
1,1339,0.022663687699847657,0.19247279787943053,0.23696359867323072,0.5478999157474902,50,20,20
1,1340,0.02266351319295273,0.19247085542909328,0.23696571560601062,0.5478999157719423,50,20,20
1,1341,0.02266351319295272,0.1924708557587502,0.24488076720889548,0.5399848638394001,50,20,20
1,1342,0.022663513192954832,0.19247085575878445,0.2450354500339012,0.5398301810143579,50,20,20
1,1343,0.022663513192955606,0.19247085575878436,0.24503788482741057,0.5398277462208477,50,20,20
1,1344,0.02266351319295465,0.19258631448126895,0.24492242610447545,0.5398277462212993,50,20,20
1,1345,0.02266351319295465,0.19258841580715888,0.24492032477878084,0.5398277462211039,50,20,20
1,1346,0.02266351319295465,0.19258841580715796,0.24492022044861644,0.5398278505512691,50,20,20
1,1347,0.02266351319295465,0.19258841580715788,0.24491813019449868,0.5398299408053867,50,20,20
1,1348,0.022663513192952237,0.2035945719816564,0.23391206349963767,0.5398298513257518,50,20,20
1,1349,0.022663513192952237,0.2035945719816564,0.23391210718882327,0.5398298076365662,50,20,20
1,1350,0.022663513192950128,0.20359457198162206,0.23388775162666126,0.5398541631987647,50,20,20
1,1351,0.022663513192950516,0.2035945719823592,0.23401180961886617,0.5397301052058224,50,20,20
1,1352,0.022663513192945448,0.20363791669264927,0.23396846490871703,0.539730105205687,50,20,20
1,1353,0.022663513192945448,0.2036379166926508,0.24627306728511938,0.527425502829283,50,20,20
1,1354,0.022666773941071576,0.20363808095889546,0.24677322206004704,0.5269219230399853,50,20,20
1,1355,0.02266677336432818,0.20361508941420212,0.24679621422157275,0.5269219229998968,50,20,20
1,1356,0.022666773364328163,0.20261566424131217,0.24779563939491478,0.5269219229994448,50,20,20
1,1357,0.02266677336251176,0.2026156642411194,0.24779755055095257,0.5269200118454161,50,20,20
1,1358,0.02266677336251184,0.1931482549264233,0.2572649598298601,0.5269200118812042,50,20,20
1,1359,0.02266677336251184,0.1931482549264232,0.2572647475263505,0.5269202241847137,50,20,20
1,1360,0.02266677336251184,0.19314825492642282,0.2572645852901919,0.5269203864208728,50,20,20
1,1361,0.02266677336251184,0.1931482545967659,0.2493495402869078,0.534835431753814,50,20,20
1,1362,0.022666773362511997,0.19314825459676588,0.2493528836315565,0.5348320884091653,50,20,20
1,1363,0.022666773362512025,0.19307569009166398,0.2494254481366493,0.5348320884091743,50,20,20
1,1364,0.022666773362512025,0.1930750530605677,0.24942608516771414,0.5348320884092058,50,20,20
1,1365,0.022666773362512025,0.1930750530605796,0.24942574852777555,0.5348324250491324,50,20,20
1,1366,0.022666773056051505,0.19307517624415305,0.24940274695585718,0.5348553037439376,50,20,20
1,1367,0.0226667730560515,0.19307517624392873,0.24917773251355235,0.5350803181864667,50,20,20
1,1368,0.022666775966105085,0.18380383562445948,0.25844874237598475,0.5350806460334495,50,20,20
1,1369,0.021481121174111713,0.18380383575818232,0.2596343975015259,0.5350806455661794,50,20,20
1,1370,0.021481121174111707,0.18380383575817738,0.2596342715784463,0.5350807714892636,50,20,20
1,1371,0.021481121174111707,0.18380383575817785,0.2596413700542697,0.5350736730134399,50,20,20
1,1372,0.02148112117411173,0.18380383931292119,0.27024787863565397,0.5244671608773123,50,20,20
1,1373,0.02148112117411173,0.18380383931292132,0.2702429602184341,0.5244720792945323,50,20,20
1,1374,0.02148112117338588,0.18404719751277732,0.2699996033981465,0.52447207791569,50,20,20
1,1375,0.02148112117338584,0.18404719751330226,0.2699951113330636,0.5244765699802477,50,20,20
1,1376,0.02148112117338584,0.18404719751330176,0.26999373088213474,0.524477950431177,50,20,20
1,1377,0.021481121173385683,0.18404719751330198,0.27000593427038455,0.5244657470429273,50,20,20
1,1378,0.021481121130107056,0.18404516129701903,0.26072009214252245,0.533753625430351,50,20,20
1,1379,0.021481121125568638,0.18404516129691068,0.25838777095391025,0.5360859466236099,50,20,20
1,1380,0.021481121125568638,0.1840451612969105,0.25838745281763886,0.5360862647598814,50,20,20
1,1381,0.021481121125568638,0.1840451612969116,0.25837205567063737,0.5361016619068818,50,20,20
1,1382,0.021481121125568638,0.1840451612950366,0.25836569319336256,0.5361080243860316,50,20,20
1,1383,0.02148114577206276,0.18404524941585468,0.2583655804260486,0.5361080243860332,50,20,20
1,1384,0.02148114577206274,0.1841149595910527,0.2582958702508443,0.5361080243860394,50,20,20
1,1385,0.02148114577206274,0.18411467982787935,0.2582961500140276,0.5361080243860298,50,20,20
1,1386,0.02148114771209786,0.18411467995767883,0.2644482897020355,0.529955882628187,50,20,20
1,1387,0.021481147712097862,0.18411964542460527,0.264443324235083,0.529955882628213,50,20,20
1,1388,0.02148114793237577,0.1841196643882176,0.26442464200910926,0.5299745456702963,50,20,20
1,1389,0.021481147932393255,0.18411966443963226,0.26913341299094357,0.5252657746370297,50,20,20
1,1390,0.021481147932162062,0.1841196639568344,0.26844819444941165,0.5259509936615908,50,20,20
1,1391,0.021481147932162062,0.1841196639568329,0.2684535522429918,0.525945635868012,50,20,20
1,1392,0.021481147932161947,0.18411966395682927,0.2684506976132811,0.5259484904977265,50,20,20
1,1393,0.021481147932161947,0.1841196639568432,0.26845088050407984,0.5259483076069138,50,20,20
1,1394,0.021481147932161174,0.18411966395684337,0.26844829162795125,0.5259508964830428,50,20,20
1,1395,0.021481147932161177,0.184119663956969,0.2684432763782623,0.5259559117326063,50,20,20
1,1396,0.021481147932299383,0.17717109611762258,0.27539184421744495,0.5259559117326313,50,20,20
1,1397,0.021481147932299383,0.17717111258153725,0.2753918277535304,0.5259559117326313,50,20,20
1,1398,0.021481147932299383,0.17717111258153706,0.27539175604100685,0.525955983445155,50,20,20
1,1399,0.021481147880843366,0.1800164438469735,0.27256970021192367,0.5259327080602582,50,20,20
1,1400,0.02148114788084375,0.18003925571162668,0.27254688834839774,0.5259327080591305,50,20,20
1,1401,0.021481159511556727,0.17449198449261685,0.2780939365390824,0.5259329194567421,50,20,20
1,1402,0.021481159293779018,0.17449196553009771,0.277676028213417,0.5263508469627045,50,20,20
1,1403,0.021481159293778987,0.17449196553010246,0.27768143581624066,0.5263454393598761,50,20,20
1,1404,0.021481159293778612,0.17449196552905147,0.277556896045706,0.5264699791314623,50,20,20
1,1405,0.021481159293778616,0.1744929821224158,0.29173776813618413,0.5122880904476198,50,20,20
1,1406,0.021481159293778775,0.1744079029472443,0.29182284699953326,0.5122880907594419,50,20,20
1,1407,0.021481159293778775,0.17440790294683706,0.3013151836792068,0.5027957540801762,50,20,20
1,1408,0.021481159293778775,0.17440790294683692,0.30131517353691395,0.5027957642224685,50,20,20
1,1409,0.021481159293778775,0.17440790294713068,0.30132752962729936,0.5027834081317895,50,20,20
1,1410,0.021481159293778793,0.17440789939838963,0.290729249116753,0.5133816921910764,50,20,20
1,1411,0.002755234859723123,0.174410861122594,0.30932433511465357,0.5135095689030272,50,20,20
1,1412,0.0027552348597231213,0.1744108611224683,0.3093202192835451,0.5135136847342613,50,20,20
1,1413,0.0027552348597230814,0.17441086111646617,0.30931383329790935,0.5135200707258991,50,20,20
1,1414,0.0027552348597230814,0.17441086111593213,0.3093132054387904,0.5135206985855522,50,20,20
1,1415,0.0027552348622326374,0.17441086111592072,0.309308598427793,0.5135253055940514,50,20,20
1,1416,0.0027552348622326356,0.1744108611157803,0.3092968078383389,0.5135370961836458,50,20,20
1,1417,0.002755234903969054,0.1744106861438272,0.31483464086068563,0.5079994380915158,50,20,20
1,1418,0.002755234903998014,0.16372951133506997,0.325515815670883,0.5079994380900476,50,20,20
1,1419,0.002755234903998492,0.1637295113350689,0.3281794235729004,0.5053358301880307,50,20,20
1,1420,0.0027552349039810064,0.16372951128365604,0.32348140466651343,0.5100338491458482,50,20,20
1,1421,0.002755234903981009,0.16372951128366123,0.3234815354109077,0.5100337184014488,50,20,20
1,1422,0.002755210257700051,0.16372965164793743,0.3234814196908316,0.5100337184035301,50,20,20
1,1423,0.0027552102577000502,0.16372965164792663,0.3234774087066231,0.5100377293877495,50,20,20
1,1424,0.00275521025770005,0.16372965164792652,0.323477348964145,0.5100377891302278,50,20,20
1,1425,0.0027552102579368448,0.16373554226153997,0.3234714583511126,0.5100377891294101,50,20,20
1,1426,0.002755210257936857,0.16373554226154233,0.32602491791421473,0.5074843295663055,50,20,20
1,1427,0.002755210257936857,0.16373554226154233,0.326031274445665,0.5074779730348553,50,20,20
1,1428,0.0027552102579368617,0.16373554253627515,0.3266015466417471,0.5069077005640402,50,20,20
1,1429,0.0027552102579368647,0.1637355425365495,0.3266025593505063,0.5069066878550067,50,20,20
1,1430,0.0027552102579368647,0.16373554253625575,0.3265882155631137,0.5069210316426931,50,20,20
1,1431,0.0027551988869766557,0.16373233822570857,0.3265916858241592,0.506920777063155,50,20,20
1,1432,0.0027551991509651907,0.16365548738288094,0.3266609322731127,0.5069283811930396,50,20,20
1,1433,0.0027551991509651907,0.16365548738288094,0.3266609996053903,0.5069283138607621,50,20,20
1,1434,0.0027551959659772762,0.1636554654697119,0.3266610216897846,0.5069283168745247,50,20,20
1,1435,0.0027551959659772767,0.1636554654697256,0.326868862703542,0.5067204758607533,50,20,20
1,1436,0.0027551959659772875,0.16365546519497903,0.3263030294920873,0.5072863093469544,50,20,20
1,1437,0.0027551957063502784,0.1636591846136704,0.3262993103956481,0.5072863092843293,50,20,20
1,1438,0.002755195706350118,0.16128723039541012,0.3286712649261264,0.5072863089721112,50,20,20
1,1439,0.0027551957063501166,0.16125698384363507,0.32870151147794274,0.5072863089720699,50,20,20
1,1440,0.002755195706350105,0.16125698384363257,0.326148111227499,0.5098397092225163,50,20,20
1,1441,0.0027551957038405486,0.16125698384363635,0.32614739130334164,0.5098404291491795,50,20,20
1,1442,0.002755195703840545,0.16125698384336065,0.32614630379113085,0.509841516661666,50,20,20
1,1443,0.0027542971416977423,0.16125446846046881,0.3262775920915496,0.5097136423062824,50,20,20
1,1444,0.0027542971416977423,0.16125446846046881,0.3262775903404902,0.5097136440573417,50,20,20
1,1445,0.002754297141618999,0.16124827678804077,0.32628378201426195,0.5097136440560768,50,20,20
1,1446,0.0027542968792995744,0.16124987755116663,0.32627761133069233,0.50971821423884,50,20,20
1,1447,0.002754296879299575,0.16124987755115452,0.3262732490688037,0.5097225765007406,50,20,20
1,1448,0.0027542968792995744,0.16124987755125356,0.32627647323240727,0.5097193523370379,50,20,20
1,1449,0.0027542968792995744,0.16124987755125553,0.32627004159267675,0.5097257839767666,50,20,20
1,1450,0.002754296879299577,0.16124987755125564,0.32627002933021154,0.5097257962392318,50,20,20
1,1451,0.0027543279323600724,0.16124953641582482,0.3262703422044348,0.5097257934473789,50,20,20
1,1452,0.0027543279334483655,0.15575319439037016,0.3317666812562548,0.5097257964199251,50,20,20
1,1453,0.0027543279334483976,0.155753194391003,0.33187098326592385,0.5096214944096231,50,20,20
1,1454,0.0027543279334483976,0.155753194391003,0.3318709863216987,0.5096214913538482,50,20,20
1,1455,0.0027543335534086144,0.15574537514871842,0.3318719015507278,0.5096283897471426,50,20,20
1,1456,0.002754333553408137,0.155745376351108,0.3295105398438329,0.5119897502516491,50,20,20
1,1457,0.002754333553408137,0.15574537635110786,0.3295103133287674,0.5119899767667146,50,20,20
1,1458,0.002754325024039231,0.15574547840933428,0.3295173364960118,0.5119828600706127,50,20,20
1,1459,0.002754325024039233,0.15574547841027386,0.32951818401380384,0.511982012551881,50,20,20
1,1460,0.0027543252123977085,0.15644710567021777,0.3287593168509985,0.512039252266384,50,20,20
1,1461,0.002754325196084815,0.15727208902920237,0.32793453087628754,0.5120390548984233,50,20,20
1,1462,0.002754291387188218,0.15727455514915126,0.3279320986382229,0.5120390548254354,50,20,20
1,1463,0.002754291387286447,0.157272072926581,0.3279345808616681,0.5120390548244623,50,20,20
1,1464,0.002751189583116759,0.15727190063917937,0.3279378641596874,0.5120390456180138,50,20,20
1,1465,0.002751189583116759,0.157271900639181,0.3279344753946773,0.5120424343830225,50,20,20
1,1466,0.0027512025202299567,0.15727199522588184,0.3279343559732306,0.512042446280655,50,20,20
1,1467,0.0027512025209962074,0.1572722524803557,0.32793409871795126,0.5120424462806944,50,20,20
1,1468,0.0027512025209962083,0.15727225248039786,0.32839629995458713,0.5115802450440163,50,20,20
1,1469,0.0027512025209962087,0.15727225248039797,0.328423394742364,0.5115531502562396,50,20,20
1,1470,0.0027573717917416967,0.15727240653181485,0.3284170712956314,0.5115531503808098,50,20,20
1,1471,0.002757371791733295,0.1583599324483983,0.32732954537815984,0.5115531503817062,50,20,20
1,1472,0.0027573717957341654,0.15836186109578765,0.32733979099571614,0.5115409761127597,50,20,20
1,1473,0.002757371795742344,0.15836186109578765,0.3273477766636017,0.5115329904448661,50,20,20
1,1474,0.0027573717960594586,0.1537865322252153,0.3319231055382554,0.5115329904404675,50,20,20
1,1475,0.0027573717960934067,0.1537865322252263,0.3391339317094556,0.5043221642692226,50,20,20
1,1476,0.0027573717960934067,0.15378653222540611,0.3393663487345521,0.5040897472439464,50,20,20
1,1477,0.002757656611851838,0.15378653266232079,0.33936606478146003,0.504089745944365,50,20,20
1,1478,0.0027576566118733764,0.15378679729957392,0.3503635089199149,0.49309203716863537,50,20,20
1,1479,0.0027576751061382885,0.1537831393392578,0.3503671483072706,0.4930920372473308,50,20,20
1,1480,0.002757675106138288,0.1537831393392434,0.35015929847775956,0.49329988707685624,50,20,20
1,1481,0.0027576731688318964,0.15378315264061004,0.35157205151235305,0.491887122678202,50,20,20
1,1482,0.0027576731688319007,0.15377930071915796,0.35157590343383655,0.4918871226781706,50,20,20
1,1483,0.0027576731718073535,0.15373821609564606,0.3516168643377162,0.4918872463948275,50,20,20
1,1484,0.0027576731718073535,0.15373821609554703,0.3516147965844209,0.4918893141482218,50,20,20
1,1485,0.0027576732779631087,0.15373297635503638,0.3516046027326562,0.49190474763434167,50,20,20
1,1486,0.0027576732779630935,0.15373297635915334,0.35160871597982746,0.4919006343830536,50,20,20
1,1487,0.0027576734845139767,0.16236762227035548,0.3429740698618957,0.49190063438323195,50,20,20
1,1488,0.002757673484513971,0.16236762227035548,0.3429740258886684,0.49190067835645945,50,20,20
1,1489,0.0027576734845139663,0.1623676222694158,0.3429776501024137,0.4918970541436539,50,20,20
1,1490,0.010628199253379702,0.16236762112557226,0.33510712541798326,0.49189705420306246,50,20,20
1,1491,0.010628199253379702,0.1623676211255723,0.3351070544706333,0.49189712515041223,50,20,20
1,1492,0.01062819925337971,0.162367621125923,0.33511263985781975,0.49189153976287514,50,20,20
1,1493,0.010628199253379322,0.16236710588076242,0.33511315510171086,0.49189153976414496,50,20,20
1,1494,0.01062819925337955,0.1640742202598373,0.3334060407226026,0.49189153976417804,50,20,20
1,1495,0.01062819925337955,0.16407422025983567,0.33340345074525907,0.49189412974152347,50,20,20
1,1496,0.01062819925337955,0.16407422025983567,0.3334030719974353,0.49189450848934724,50,20,20
1,1497,0.010628199253379537,0.16407422025947976,0.333397355609589,0.49190022487754936,50,20,20
1,1498,0.010628199253379537,0.16407422025948346,0.33339759279320774,0.49189998769392695,50,20,20
1,1499,0.010628199253379537,0.16407422025948343,0.3333974150433192,0.49190016544381565,50,20,20
1,1500,0.010628199253391552,0.16407422026041488,0.33340164272194583,0.49189593776424545,50,20,20
1,1501,0.010628199253391327,0.16482705092193073,0.33264881206044783,0.4918959377642279,50,20,20
1,1502,0.010628199253391327,0.16482705092193245,0.3326596924020476,0.4918850574226265,50,20,20
1,1503,0.010628199253391327,0.1648270509219325,0.33265985068907583,0.4918848991355983,50,20,20
1,1504,0.010628199253391321,0.16465519275631466,0.33283170885469376,0.4918848991355983,50,20,20
1,1505,0.01062776481395793,0.16472265935041397,0.3327615062789696,0.4918880695566562,50,20,20
1,1506,0.010627764813833915,0.16771601750902917,0.3297617158337654,0.49189450184336886,50,20,20
1,1507,0.010627764813847777,0.1670913525302511,0.33038637615384625,0.4918945065020523,50,20,20
1,1508,0.0106277554794545,0.1671464813263967,0.3303344269289616,0.49189133626518466,50,20,20
1,1509,0.0106277554794545,0.1671464813263967,0.3303333128318882,0.49189245036225804,50,20,20
1,1510,0.010627755479440639,0.1647034380642626,0.3327763607526584,0.4918924457036358,50,20,20
1,1511,0.010627755480262006,0.16470386466594003,0.3344777861282093,0.4901905937255859,50,20,20
1,1512,0.010627755480262006,0.16470386466594003,0.33447778497907843,0.4901905948747167,50,20,20
1,1513,0.010627755273682071,0.16736779924663242,0.3318138502590554,0.49019059522062736,50,20,20
1,1514,0.010627755273682704,0.16736779924663242,0.33200125649425893,0.49000318898542317,50,20,20
1,1515,0.010627755273682713,0.16736779924665107,0.33200487265770534,0.4899995728219581,50,20,20
1,1516,0.01064114935571435,0.16736711196763243,0.33158426795821333,0.49040747071843716,50,20,20
1,1517,0.01064114935571435,0.16736711196763243,0.3315842711894426,0.4904074674872079,50,20,20
1,1518,0.010634980084143255,0.16736876736994227,0.33158878515648416,0.49040746738942764,50,20,20
1,1519,0.0106349800839208,0.17183623844028212,0.32712131222135815,0.4904074692544363,50,20,20
1,1520,0.0106349800839208,0.17183623844028806,0.32712157993214525,0.49040720154364337,50,20,20
1,1521,0.01063498008392098,0.1718362567745092,0.341519361071828,0.4760094020697392,50,20,20
1,1522,0.01063498008392098,0.17183625677451544,0.34151788861651305,0.476010874525048,50,20,20
1,1523,0.01063498008392098,0.1718362567745121,0.34152282365306436,0.4760059394885001,50,20,20
1,1524,0.010634980083908965,0.17183625677358078,0.3415186017340236,0.4760101614084843,50,20,20
1,1525,0.010677058730108342,0.17183625697615837,0.341466065939106,0.4760206183546253,50,20,20
1,1526,0.01067705872738149,0.1718399593064493,0.3414541164087755,0.4760288655573921,50,20,20
1,1527,0.01067705875217258,0.15569612788951323,0.35759794780098125,0.47602886555733165,50,20,20
1,1528,0.010677058752172586,0.15569612788953754,0.35757770932728794,0.47604910403100065,50,20,20
1,1529,0.010677058752172649,0.15569534828815246,0.35757848892896216,0.4760491040307114,50,20,20
1,1530,0.010677058752172649,0.1556953482882072,0.35757858775051615,0.4760490052091027,50,20,20
1,1531,0.01067705898487825,0.15569482903485635,0.3575945319762408,0.476033580004023,50,20,20
1,1532,0.01067705898487825,0.15569482903467655,0.3573622662659026,0.47626584571454117,50,20,20
1,1533,0.010677058984880338,0.15569482903055956,0.35735368936867135,0.4762744226158871,50,20,20
1,1534,0.01063496360172504,0.155695828005755,0.3574049640466484,0.4762642443458698,50,20,20
1,1535,0.010634963268730136,0.15570026133180395,0.34218045647923323,0.49148431892023103,50,20,20
1,1536,0.010634963268721957,0.15570026133180423,0.3421725229500999,0.491492252449372,50,20,20
1,1537,0.010634963318232162,0.1556965455725861,0.3421547744697947,0.4915137166393849,50,20,20
1,1538,0.01063491931126256,0.1556963471915236,0.34215491230140616,0.4915138211958049,50,20,20
1,1539,0.010634919311262559,0.1556963471915239,0.343112220499236,0.4905565129979746,50,20,20
1,1540,0.010635198925578238,0.1431046213242743,0.3557036666646446,0.49055651308550025,50,20,20
1,1541,0.010635198925578253,0.1431046213243388,0.3557070509684725,0.49055312878160784,50,20,20
1,1542,0.010635198885996969,0.1431076508855184,0.35572494842684566,0.49053220180163626,50,20,20
1,1543,0.01063519888599697,0.14310765088552538,0.35581790753512016,0.4904392426933549,50,20,20
1,1544,0.010635198885996972,0.14310765089195945,0.3562390654105355,0.49001808481150555,50,20,20
1,1545,0.0106351988860184,0.13646030239258,0.36288641390862625,0.4900180848127732,50,20,20
1,1546,0.007884240364846265,0.13646152025323155,0.36563471455893753,0.490019524822983,50,20,20
1,1547,0.007884240364844178,0.13646152025337135,0.3656464707290274,0.4900077686527555,50,20,20
1,1548,0.00788424036492838,0.13646152025376276,0.3657441042311362,0.48991013515017123,50,20,20
1,1549,0.00788424036492838,0.13646152025398664,0.37532593013058313,0.4803283092504996,50,20,20
1,1550,0.007894992410895136,0.13646068928310265,0.36841766878076354,0.48722664952523603,50,20,20
1,1551,0.007894990650134054,0.13645993559951689,0.3684186910361975,0.48722638271414914,50,20,20
1,1552,0.007894990650134066,0.13645993439718684,0.36812544708387784,0.4875196278687989,50,20,20
1,1553,0.007894990650134387,0.13645510786897544,0.36813027361172346,0.4875196278691643,50,20,20
1,1554,0.00789499070092782,0.13645208086574415,0.3524789998868812,0.5031739285464445,50,20,20
1,1555,0.007894990664621038,0.13645207793006395,0.3524688576690601,0.5031840737362535,50,20,20
1,1556,0.007894990664999579,0.14003758749298317,0.3488833307375681,0.5031840911044472,50,20,20
1,1557,0.007894990664999569,0.14003758749296455,0.3488797198230861,0.5031877020189479,50,20,20
1,1558,0.007894990664999569,0.13997871410727455,0.3489385935548775,0.5031877016728465,50,20,20
1,1559,0.007894953218473711,0.13997752975259284,0.3489355990082252,0.5031919180207067,50,20,20
1,1560,0.007894952927073111,0.1399775342809287,0.3489411789159409,0.5031863338760558,50,20,20
1,1561,0.007894952927198893,0.139977534280945,0.35924226018379757,0.4928852526080581,50,20,20
1,1562,0.00789495292600791,0.13997753272954233,0.3592210276483692,0.4929064866960802,50,20,20
1,1563,0.007894952926007878,0.13997753272890967,0.35911365407828844,0.4930138602667937,50,20,20
1,1564,0.007894952926007243,0.13997753272890964,0.35892612590031886,0.4932013884447642,50,20,20
1,1565,0.007894952926007243,0.13997753272891805,0.3589263678561313,0.4932011464889428,50,20,20
1,1566,0.007894952926007243,0.13997753272891797,0.35796901102798856,0.4941585033170853,50,20,20
1,1567,0.007894954513045067,0.13997751485873583,0.346986971537387,0.5051405590908316,50,20,20
1,1568,0.007895227128422656,0.1399729139238151,0.34691187613489666,0.5052199828128651,50,20,20
1,1569,0.007895227128422656,0.13997291392428376,0.3469139452044114,0.5052179137428818,50,20,20
1,1570,0.00789522712846729,0.13423031366984892,0.3526629131845936,0.5052115460170901,50,20,20
1,1571,0.00789522712846729,0.1343986484386807,0.35249457841576143,0.5052115460170904,50,20,20
1,1572,0.007895227128467295,0.13439864844334587,0.3529050814867933,0.5048010429413934,50,20,20
1,1573,0.007895227129432187,0.1342760531491598,0.3526772412655285,0.5051514784558792,50,20,20
1,1574,0.007895227129432187,0.1342760531491607,0.35267739293562245,0.5051513267857842,50,20,20
1,1575,0.007895227129432187,0.13427605314916316,0.3526775965388475,0.5051511231825567,50,20,20
1,1576,0.007895227129432187,0.13427605314916316,0.35267760048515967,0.5051511192362446,50,20,20
1,1577,0.009089525543715324,0.13427602114586448,0.35148340606326345,0.5051510472471563,50,20,20
1,1578,0.009089525543715666,0.1342760211460853,0.35148619905008205,0.5051482542601166,50,20,20
1,1579,0.009089525543715346,0.13422630868342972,0.3515359113335398,0.5051482544393149,50,20,20
1,1580,0.00908952395667735,0.13422630821940262,0.3481175715617431,0.5085665962621768,50,20,20
1,1581,0.009089523957289614,0.1342263082131823,0.34887153920833586,0.5078126286211921,50,20,20
1,1582,0.009089523957289614,0.13422630821270815,0.3488593783471988,0.5078247894828034,50,20,20
1,1583,0.009089523957289913,0.1342263082126492,0.3488503879336563,0.5078337798964045,50,20,20
1,1584,0.009089523962343297,0.13394018550866324,0.34913651063353285,0.5078337798954604,50,20,20
1,1585,0.009089523945776988,0.13330079302252418,0.3497759008155781,0.5078337822161201,50,20,20
1,1586,0.009089523945776988,0.13330079302252418,0.34977598332924326,0.507833699702455,50,20,20
1,1587,0.009091195812335915,0.13663451220953107,0.3464405945751514,0.5078336974029809,50,20,20
1,1588,0.0090911958123398,0.13663451221107678,0.34644280886494966,0.5078314831116331,50,20,20
1,1589,0.009099465034489933,0.13663452519472583,0.3458617273179945,0.5084042824527893,50,20,20
1,1590,0.009099465034489933,0.13672302748510826,0.34577322502761215,0.5084042824527893,50,20,20
1,1591,0.009099192413119956,0.13672302746331166,0.36031517320178047,0.4938626069217878,50,20,20
1,1592,0.009099192413119487,0.13672302833573466,0.35982253144633797,0.49435524780480816,50,20,20
1,1593,0.009099192413119494,0.13672302833869726,0.3598295324745859,0.4943482467735976,50,20,20
1,1594,0.009099192413119602,0.1367230283357639,0.3598260037058531,0.4943517755452637,50,20,20
1,1595,0.009099192413119602,0.13672302833577088,0.3598421428645468,0.4943356363865632,50,20,20
1,1596,0.009089012863461192,0.13672308950317189,0.3603027182977377,0.4938851793356293,50,20,20
1,1597,0.009091435117939275,0.13672302478476314,0.36034156175699705,0.49384397834030047,50,20,20
1,1598,0.00909143511793926,0.13672302478469922,0.36033834726793484,0.4938471928294264,50,20,20
1,1599,0.00909143511793926,0.13672302478465706,0.35987606621665846,0.494309473880745,50,20,20
1,1600,0.009091444473755136,0.13672103760820023,0.35987797336190347,0.49430954455614107,50,20,20
1,1601,0.009091444473654746,0.13691856053185247,0.35968045234196067,0.49430954265253196,50,20,20
1,1602,0.009091444473254778,0.13932294982494475,0.35727608041874526,0.4943095252830553,50,20,20
1,1603,0.009538455288985167,0.13932299552429978,0.356829016123825,0.4943095330628892,50,20,20
1,1604,0.009538455288900965,0.13932299552390787,0.35673110849176404,0.49440744069542625,50,20,20
1,1605,0.009538455288900965,0.13932299552390076,0.35671496259987756,0.4944235865873199,50,20,20
1,1606,0.009536783414117572,0.15263646288554553,0.3434031671340794,0.49442358656625707,50,20,20
1,1607,0.009536783414117261,0.15263646290247765,0.3436841191059181,0.49414263457748653,50,20,20
1,1608,0.00953678341399159,0.15263646290301197,0.3432539281103312,0.49457282557266397,50,20,20
1,1609,0.009536783413987705,0.15263646290146635,0.34325170228933977,0.49457505139520486,50,20,20
1,1610,0.009536783413987705,0.15264448020066923,0.34324368499013735,0.49457505139520436,50,20,20
1,1611,0.009536783413987705,0.15269878932396033,0.34318937604641,0.49457505121564055,50,20,20
1,1612,0.00953678469016206,0.1526987894092708,0.34228334997371773,0.49548107592684815,50,20,20
1,1613,0.009536784690162052,0.15269878940460052,0.34177994590075905,0.4959844800044773,50,20,20
1,1614,0.009536784690162052,0.15328434738079624,0.34119438792448986,0.4959844800045508,50,20,20
1,1615,0.009536784690162068,0.15328434738093835,0.3500790192240884,0.4870998487048108,50,20,20
1,1616,0.009536784690162135,0.1532843473809139,0.3500721698669551,0.4871066980619684,50,20,20
1,1617,0.009536784690162135,0.15328434738090543,0.35007186169425636,0.48710700623467545,50,20,20
1,1618,0.011722143630591495,0.1532859650437881,0.34788197529044235,0.4871099160351771,50,20,20
1,1619,0.01172216067700786,0.1533081378801149,0.3478699274438395,0.4870997739990366,50,20,20
1,1620,0.011722160676406102,0.15330814234298137,0.34683625312277533,0.488133443857836,50,20,20
1,1621,0.010878408240441822,0.15330881444412425,0.34767933343616586,0.48813344387926655,50,20,20
1,1622,0.010878408240441822,0.1533088144441246,0.34767940338950865,0.4881333739259234,50,20,20
1,1623,0.01087842620272328,0.1533088157806952,0.3575343913167761,0.4782783666998036,50,20,20
1,1624,0.010878426203050146,0.15330881582360803,0.34367270114836274,0.4921400568249773,50,20,20
1,1625,0.010878426203049804,0.153308815823386,0.34366974877589807,0.4921430091976643,50,20,20
1,1626,0.010878426203049804,0.1533088158235681,0.343665018454834,0.4921477395185462,50,20,20
1,1627,0.01087842620304968,0.15330881582352693,0.34365961832744985,0.49215313964597157,50,20,20
1,1628,0.010878426142326663,0.1533088132633406,0.3393251543584595,0.49648760623587157,50,20,20
1,1629,0.010878560751320987,0.15285019513054882,0.3397836379697336,0.49648760614839493,50,20,20
1,1630,0.010878560779604468,0.15290152775651836,0.3402286058180841,0.4959913056457914,50,20,20
1,1631,0.010878560779604963,0.15290152775638968,0.34022218973552015,0.49599772172848344,50,20,20
1,1632,0.010878560779604963,0.15290152775638424,0.3402278644368433,0.49599204702716576,50,20,20
1,1633,0.010878560779604963,0.15290152775638527,0.340236723279737,0.49598318818427095,50,20,20
1,1634,0.010878560779604963,0.15290152775664922,0.3402505264953486,0.49596938496839565,50,20,20
1,1635,0.010878560779604968,0.1529015277566474,0.34025048124827584,0.4959694302154702,50,20,20
1,1636,0.010878560779605024,0.1529015277561493,0.3402126200068134,0.49600729145743067,50,20,20
1,1637,0.01087856077930403,0.1528996846818399,0.3402144631082535,0.496007291430601,50,20,20
1,1638,0.010878560779304039,0.1524906705027321,0.3406234772223015,0.4960072914956608,50,20,20
1,1639,0.010878560779304096,0.15249067050273693,0.34086297577811764,0.4957677929398397,50,20,20
1,1640,0.010878560779304096,0.14650144590456596,0.34685220037628584,0.4957677929398431,50,20,20
1,1641,0.010878542821964387,0.14650144566091414,0.34711857561314985,0.4955014359039706,50,20,20
1,1642,0.010878542821964104,0.14964194462335859,0.34397806514093865,0.49550144741373736,50,20,20
1,1643,0.010878542820998824,0.14992395165643038,0.34404649267755455,0.49515101284501506,50,20,20
1,1644,0.010878542820998824,0.14992395165672437,0.3443245574530182,0.49487294806925725,50,20,20
1,1645,0.01087854282099882,0.1498905228376665,0.34435798633718734,0.49487294800414605,50,20,20
1,1646,0.01087854282099882,0.14989052283766627,0.3443580366152521,0.49487289772608156,50,20,20
1,1647,0.010878542820998816,0.14987319422497392,0.3443753652279254,0.4948728977261008,50,20,20
1,1648,0.010878542820998816,0.14987319422497342,0.3443843750581286,0.49486388789589797,50,20,20
1,1649,0.010878542820998755,0.1498731942249686,0.34414487381156783,0.4951033891424636,50,20,20
1,1650,0.010870273655151903,0.14987843525242495,0.3451572962587177,0.4940939948337039,50,20,20
1,1651,0.010870273650098461,0.15016747735315955,0.3448682541625794,0.49409399483416117,50,20,20
1,1652,0.010870273650098461,0.15016747735315839,0.3448682856603022,0.4940939633364396,50,20,20
1,1653,0.010870273650098454,0.15017166511376814,0.34486409790019507,0.49409396333593697,50,20,20
1,1654,0.010870273650098454,0.15017166511376814,0.3448641642964179,0.4940938969397141,50,20,20
1,1655,0.010927472867773083,0.15017016045794726,0.344803468803179,0.4940988978710997,50,20,20
1,1656,0.010927472867773083,0.15000199738890008,0.344971631872226,0.49409889787109973,50,20,20
1,1657,0.010927472816917569,0.14999799101747596,0.3449756337536308,0.4940989024119745,50,20,20
1,1658,0.010927938359359235,0.15012475698441907,0.3448483442205534,0.4940989604356672,50,20,20
1,1659,0.01092793835935924,0.15012475698441916,0.3448484136990189,0.4940988909572016,50,20,20
1,1660,0.010927937083189338,0.1501247568991057,0.3365113507533441,0.5024359552643592,50,20,20
1,1661,0.010927937083189327,0.15012475688267168,0.336275226892073,0.5026720791420644,50,20,20
1,1662,0.010927937083189329,0.14997740714066465,0.33642257663409936,0.502672079142045,50,20,20
1,1663,0.010927937083179568,0.1499774026775814,0.336280965219255,0.5028136950199825,50,20,20
1,1664,0.010927937083178359,0.14997740268092583,0.3367893972715089,0.5023052629643854,50,20,20
1,1665,0.00873695283962532,0.14997584514931364,0.3385857236074188,0.5027014784036408,50,20,20
1,1666,0.00873695283962532,0.14997584514913165,0.33859839139852177,0.5026888106127199,50,20,20
1,1667,0.008736952863354751,0.15869711435490752,0.32989474545740743,0.5026711873243288,50,20,20
1,1668,0.00873695286349076,0.15869711435491554,0.32989858744382905,0.5026673453377629,50,20,20
1,1669,0.008736952863490766,0.1586971143554466,0.3298978010350978,0.5026681317459633,50,20,20
1,1670,0.008736952863490757,0.1586971143554466,0.3298977845476155,0.5026681482334456,50,20,20
1,1671,0.00873694222363061,0.15874603277482902,0.33024775590850214,0.5022692690930366,50,20,20
1,1672,0.008736942223630114,0.15874603277532517,0.33121648491333106,0.5013005400877121,50,20,20
1,1673,0.008736942223630115,0.15874603277532515,0.33121645506613845,0.5013005699349047,50,20,20
1,1674,0.008736942223634579,0.1587460327753295,0.33129656107516103,0.5012204639258732,50,20,20
1,1675,0.00873652800018637,0.15875109965165302,0.33129190842175127,0.5012204639264073,50,20,20
1,1676,0.008736527995244808,0.15875109855923017,0.3312992739282855,0.5012130995172379,50,20,20
1,1677,0.008733096671879137,0.15875433426105623,0.338467146303688,0.49404542276337565,50,20,20
1,1678,0.008733096671879137,0.15875433426079216,0.33845338840827,0.49405918065905796,50,20,20
1,1679,0.008733096671879142,0.15875433426049823,0.33835004978453237,0.4941625192830894,50,20,20
1,1680,0.008733096671879142,0.15875433426049862,0.33865805982084046,0.4938545092467808,50,20,20
1,1681,0.008725775908650533,0.16046109617580875,0.3369641927945834,0.49384893512095657,50,20,20
1,1682,0.00872577590865094,0.16046109617580892,0.3369551409468008,0.49385798696873856,50,20,20
1,1683,0.00872577590865094,0.16046109617246454,0.33644445595922706,0.49436867195965667,50,20,20
1,1684,0.008725775908836808,0.16046109617233842,0.32765516312814763,0.5031579647906758,50,20,20
1,1685,0.008725775908836773,0.16006102902460334,0.3280552417857728,0.5031579532807858,50,20,20
1,1686,0.008725775908836778,0.16005691297757246,0.32805935781405743,0.503157953299532,50,20,20
1,1687,0.008725775908836775,0.16005691297757665,0.32805971757570374,0.5031575935378814,50,20,20
1,1688,0.008725798559885218,0.15893125321824017,0.3291853545743373,0.5031575936475357,50,20,20
1,1689,0.008725798559885218,0.15893125321824442,0.3298208096946494,0.5025221385272197,50,20,20
1,1690,0.008725798558796927,0.16147302264697413,0.3272790432395532,0.5025221355546745,50,20,20
1,1691,0.008725798558796922,0.16147683548916458,0.3272752304161088,0.5025221355359285,50,20,20
1,1692,0.00872579855861104,0.16147683548914865,0.32717989528068037,0.5026174706715587,50,20,20
1,1693,0.008725798558606584,0.16147683548914782,0.32691441125271603,0.5028829546995284,50,20,20
1,1694,0.008725798558606584,0.16727024988971625,0.32112099685184037,0.5028829546998351,50,20,20
1,1695,0.008725798550751361,0.16726901369002012,0.3211222375517485,0.5028829502074783,50,20,20
1,1696,0.008725798549660687,0.16555941311179495,0.3228318362725712,0.5028829520659717,50,20,20
1,1697,0.008725798549660687,0.1655594131247427,0.32284560550821695,0.5028691828173781,50,20,20
1,1698,0.008725798549616205,0.16546313583288394,0.32293547321225413,0.5028755924052443,50,20,20
1,1699,0.008725857203062855,0.16670508712256726,0.32167647456026716,0.5028925811141011,50,20,20
1,1700,0.008725857203062898,0.16689539690475352,0.3214861647783866,0.5028925811137953,50,20,20
1,1701,0.00872585720274213,0.1668953968585112,0.31611705734333606,0.5082616885954091,50,20,20
1,1702,0.008725857202742134,0.16689539685798013,0.31610755237180105,0.5082711935674754,50,20,20
1,1703,0.00872585721067346,0.16689539685713242,0.31610742916269924,0.5082713167694934,50,20,20
1,1704,0.008725857210655238,0.16689502689398109,0.31610780219378387,0.5082713137015783,50,20,20
1,1705,0.008375310163876925,0.1668964151949948,0.31645494685176545,0.5082733277893619,50,20,20
1,1706,0.008375310163876944,0.16192978007017556,0.3214215819765853,0.5082733277893609,50,20,20
1,1707,0.008375310163876538,0.16192978007017533,0.321421758045064,0.5082731517208829,50,20,20
1,1708,0.008375310163740528,0.16192978007016673,0.3214177716753956,0.5082771380906962,50,20,20
1,1709,0.00837531016374053,0.1619297800571605,0.3214037521968776,0.5082911575822203,50,20,20
1,1710,0.00837531016374053,0.16192992400855574,0.3214036082454823,0.5082911575822203,50,20,20
1,1711,0.00837531016374053,0.16192992400855574,0.3214034910384502,0.5082912747892524,50,20,20
1,1712,0.00837531016374053,0.16192992400855155,0.3207678273381761,0.5089269384895306,50,20,20
1,1713,0.00837531016374241,0.16342349380820498,0.3192742575391289,0.5089269384889226,50,20,20
1,1714,0.009072203601951144,0.16342350146229953,0.3185768822423578,0.5089274126933908,50,20,20
1,1715,0.009072203601951158,0.163423501462448,0.3187201470481854,0.5087841478874148,50,20,20
1,1716,0.02004925874673067,0.16342344809559986,0.30774362731419613,0.5087836658434726,50,20,20
1,1717,0.02004925874673142,0.16328790018969055,0.30787917521992375,0.5087836658436535,50,20,20
1,1718,0.020049258746731597,0.1632879001896907,0.30787924616427736,0.5087835948992996,50,20,20
1,1719,0.020049283691281033,0.16328790825335662,0.30787921313659694,0.5087835949187647,50,20,20
1,1720,0.020049283691302985,0.16329899284976515,0.3078745979075125,0.5087771255514189,50,20,20
1,1721,0.020049283691302985,0.16329899284976285,0.3079496313095604,0.5087020921493733,50,20,20
1,1722,0.020049283691302985,0.1632989928497717,0.30794965210664293,0.508702071352282,50,20,20
1,1723,0.020049283691302985,0.16329899284977148,0.3080351515578561,0.5086165719010689,50,20,20
1,1724,0.02004928369130299,0.16329899284977326,0.3077272131161275,0.5089245103427957,50,20,20
1,1725,0.02004928369130299,0.16329899284926583,0.30675298657471134,0.5098987368847192,50,20,20
1,1726,0.02004928372482022,0.16329902438889257,0.2973527647443972,0.5192989271418894,50,20,20
1,1727,0.020049283724820177,0.1633045460992551,0.2973472430340392,0.5192989271418849,50,20,20
1,1728,0.020049283716889653,0.1633045484361378,0.2973472109366144,0.5192989569103574,50,20,20
1,1729,0.020049283716867525,0.16329582528086622,0.2973559423349492,0.5192989486673164,50,20,20
1,1730,0.02004928371686752,0.1634633543203388,0.29718841329547685,0.5192989486673164,50,20,20
1,1731,0.02004928371686752,0.16346335432034562,0.2971885116040256,0.5192988503587608,50,20,20
1,1732,0.019993955314498817,0.1635005556463929,0.29662954528957913,0.5198759437495285,50,20,20
1,1733,0.019993955314498817,0.16349994160660838,0.29663015932932113,0.519875943749571,50,20,20
1,1734,0.01999395531449437,0.16349994160660405,0.296562885999433,0.5199432170794679,50,20,20
1,1735,0.01999395903763626,0.16345096270243611,0.29658534372323336,0.5199697345366934,50,20,20
1,1736,0.01999395903763626,0.1634509627024273,0.29658953909308566,0.5199655391668498,50,20,20
1,1737,0.01999395904288826,0.1634610262462009,0.29657870161855987,0.5199663130923494,50,20,20
1,1738,0.015149645768668214,0.16346102624632675,0.3014230148919057,0.5199663130930978,50,20,20
1,1739,0.015470224733961844,0.16346098052039548,0.30110248144053137,0.5199663133051099,50,20,20
1,1740,0.015470224733961846,0.1636349239613496,0.30092853799939767,0.5199663133052893,50,20,20
1,1741,0.015470224733961844,0.16412321201574387,0.30044024994493645,0.5199663133053563,50,20,20
1,1742,0.015157200897418035,0.16412321546508793,0.3007430019424368,0.5199765816950556,50,20,20
1,1743,0.015157200708414968,0.16799746080844627,0.2969261060825324,0.5199192324006051,50,20,20
1,1744,0.015157200708414215,0.16813316452394528,0.2967904023672152,0.5199192324004241,50,20,20
1,1745,0.015157201919967712,0.16813109818433783,0.296794481098768,0.519917218796925,50,20,20
1,1746,0.015157201919967712,0.16813209061677142,0.29679348866651345,0.519917218796746,50,20,20
1,1747,0.015157201919968532,0.17516706328218665,0.28975851600019614,0.5199172187976479,50,20,20
1,1748,0.015157201919968532,0.17516706328747544,0.2897680803204879,0.5199076544720672,50,20,20
1,1749,0.015157201919972378,0.17501234997077034,0.2899227936202892,0.5199076544889673,50,20,20
1,1750,0.015157200790580923,0.17501238779096784,0.28992275765986053,0.5199076537585898,50,20,20
1,1751,0.015157200790580916,0.17501238779096673,0.2904358586960232,0.5193945527224281,50,20,20
1,1752,0.015157200757063697,0.1750123568528042,0.2994522596680216,0.5103781827221092,50,20,20
1,1753,0.015157142105812293,0.17377085365928682,0.3007108102201064,0.5103611940147929,50,20,20
1,1754,0.015157142105812293,0.17377085365930367,0.3007109990470959,0.5103610051877865,50,20,20
1,1755,0.015157142105811816,0.17377085365944947,0.3007607137945971,0.5103112904401401,50,20,20
1,1756,0.015157142105811816,0.17377085365944936,0.30067018197553247,0.5104018222592046,50,20,20
1,1757,0.015157142105811818,0.17377085365945524,0.3006702333702097,0.5104017708645214,50,20,20
1,1758,0.015157119454831985,0.17376867642746,0.30067243336375593,0.5104017707539503,50,20,20
1,1759,0.015157119454831985,0.17376867642746,0.3006724330489018,0.5104017710688045,50,20,20
1,1760,0.015157119454831985,0.17376867642746002,0.3006723005621532,0.5104019035555531,50,20,20
1,1761,0.015168777807937734,0.17376863928309405,0.3006606791530135,0.5104019037559531,50,20,20
1,1762,0.015168777807938232,0.17376863931864123,0.30096528454313876,0.51009729833028,50,20,20
1,1763,0.015168777807938216,0.1737686393185011,0.30082208395981785,0.5102404989137411,50,20,20
1,1764,0.01516877780793771,0.17376863929468986,0.3007763158174847,0.510286267079886,50,20,20
1,1765,0.01516877780793771,0.17376863929471656,0.30110896019134376,0.5099536227060004,50,20,20
1,1766,0.015168777800988296,0.17375833005673688,0.2811257025531317,0.5299471895891417,50,20,20
1,1767,0.017987552667641547,0.1737583518533857,0.27830684238399483,0.5299472530949765,50,20,20
1,1768,0.017987552667641547,0.17375835184164987,0.27804520203735333,0.5302088934533539,50,20,20
1,1769,0.01798755266764137,0.17375835184165048,0.2780477019421604,0.5302063935485464,50,20,20
1,1770,0.01798755266764137,0.17375835184164437,0.2780477942192913,0.5302063012714217,50,20,20
1,1771,0.017987552667641907,0.1774504470494903,0.27435569906031443,0.530206301222552,50,20,20
1,1772,0.017987552667641935,0.17745044704943636,0.2748362977029719,0.5297257025799486,50,20,20
1,1773,0.017987552741308113,0.17745044476434024,0.2734212258887865,0.531140776605564,50,20,20
1,1774,0.017987552741308116,0.17745044476434027,0.27343600882681224,0.5311259936675381,50,20,20
1,1775,0.01798755274130811,0.17745044476438895,0.27326989391347634,0.5312921085808253,50,20,20
1,1776,0.01798755274130811,0.17745044476442773,0.27327670719124897,0.5312852953030139,50,20,20
1,1777,0.017987552741308113,0.17745044476442665,0.27276363728964353,0.5317983652046204,50,20,20
1,1778,0.01798755274132384,0.1774504447691205,0.27259846899502393,0.5319635334945305,50,20,20
1,1779,0.017987552741323843,0.17745044477038674,0.27260705276553954,0.5319549497227488,50,20,20
1,1780,0.017987552741322996,0.17836668358347474,0.2716908139533545,0.5319549497218468,50,20,20
1,1781,0.0179875527413247,0.1746752591854644,0.27538223835148484,0.5319549497217245,50,20,20
1,1782,0.01798755274133204,0.17100520078164383,0.2790522967552978,0.5319549497217246,50,20,20
1,1783,0.01798755274133161,0.17093386511419822,0.27912363452313205,0.5319549476213363,50,20,20
1,1784,0.017987552741331823,0.17086793453339985,0.27918956510355275,0.5319549476217138,50,20,20
1,1785,0.01798755274133182,0.17086793453340327,0.27920265760235696,0.5319418551229063,50,20,20
1,1786,0.017985678532497787,0.17146230890480185,0.27867837545009916,0.5318736371125997,50,20,20
1,1787,0.017985678532497787,0.17188775260173178,0.2782529317531662,0.5318736371126027,50,20,20
1,1788,0.01798567853248206,0.17188775259700978,0.2780807299626165,0.5320458389078901,50,20,20
1,1789,0.01798567853248206,0.17188775259700978,0.27808072820913904,0.5320458406613675,50,20,20
1,1790,0.01798571215636825,0.16795190917417965,0.2807427579258967,0.5333196207435537,50,20,20
1,1791,0.01798570917443472,0.16795264709695734,0.2807534684745043,0.5333081752541021,50,20,20
1,1792,0.01798570917443472,0.16795264709695726,0.2807532362417421,0.5333084074868643,50,20,20
1,1793,0.018124307491816247,0.16795278979724004,0.28062476355466115,0.5332981391562821,50,20,20
1,1794,0.01812430749181299,0.16770986214885863,0.2808676912199452,0.5332981391393827,50,20,20
1,1795,0.018124307492169922,0.167709862148794,0.2804582546709714,0.5337075756880643,50,20,20
1,1796,0.018124307492169922,0.1677098621488141,0.28045846081906656,0.5337073695399492,50,20,20
1,1797,0.018124307492169922,0.16770986214876538,0.2804577631457852,0.5337080672132792,50,20,20
1,1798,0.018124305906329536,0.16770925737435488,0.2804730983977111,0.5336933383216041,50,20,20
1,1799,0.018124305906322195,0.17137913653978157,0.2768032192322904,0.5336933383216048,50,20,20
1,1800,0.018124305906322195,0.17137913653974285,0.2767964091395437,0.5337001484143903,50,20,20
1,1801,0.018124335878582486,0.1713790033375638,0.2767879847842361,0.5337086759996166,50,20,20
1,1802,0.0019226643963349557,0.1713789819162572,0.2929897323903121,0.5337086212970953,50,20,20
1,1803,0.0019226643963349594,0.1713887719744371,0.2929799423321333,0.5337086212970942,50,20,20
1,1804,0.0019226643963350166,0.17085447479951646,0.2935142395070534,0.5337086212970948,50,20,20
1,1805,0.0019226643963289154,0.17085447479827817,0.2935031350209351,0.5337197257844578,50,20,20
1,1806,0.0019226643963289175,0.17085447479830626,0.29350336056449206,0.5337195002408727,50,20,20
1,1807,0.0019226643964151816,0.17069642096912202,0.29366141439143556,0.533719500243027,50,20,20
1,1808,0.0001584998386490465,0.17069642059419518,0.2954255881276301,0.5337194914395252,50,20,20
1,1809,0.00015849983864904462,0.17069642059292892,0.2954168761173573,0.5337282034510643,50,20,20
1,1810,0.0001584998386489875,0.17123110440823905,0.2948821923020479,0.5337282034510636,50,20,20
1,1811,0.00015849983864898762,0.17123110440823905,0.29488220857960945,0.5337281871735021,50,20,20
1,1812,0.00015849983864898746,0.1712311044082391,0.2948824716135356,0.5337279241395756,50,20,20
1,1813,0.00015167531036569467,0.1713591803349531,0.2947555693586251,0.5337335749960552,50,20,20
1,1814,0.00015167531036569467,0.17136010086791617,0.2947546488256616,0.5337335749960557,50,20,20
1,1815,0.00015167024917456256,0.17072850935547584,0.2959003160603286,0.5332195043350197,50,20,20
1,1816,0.00015167024881733353,0.1707285093559252,0.29578075859996145,0.5333390617952949,50,20,20
1,1817,0.0008255042773759559,0.17072850935852718,0.29510692386917264,0.5333390624949231,50,20,20
1,1818,0.0008255042773759827,0.17072850935851025,0.2951115441670481,0.5333344421970645,50,20,20
1,1819,0.0008255042773759827,0.17072850935851025,0.2951070294116518,0.5333389569524608,50,20,20
1,1820,0.0008255042767003602,0.1707285093782881,0.29519195376062696,0.5332540325843833,50,20,20
1,1821,0.0008255042768404549,0.17075665008250135,0.29516381305628736,0.5332540325843695,50,20,20
1,1822,0.0008255042768404549,0.1707566500825016,0.2951640897411883,0.5332537558994684,50,20,20
1,1823,0.000825504276840455,0.17075665008250393,0.2951642955001149,0.5332535501405394,50,20,20
1,1824,0.0008255094926945451,0.17075698616520923,0.3048550500630968,0.5235624542789982,50,20,20
1,1825,0.0008255094926994112,0.15129581849259285,0.32431621773579666,0.52356245427891,50,20,20
1,1826,0.0008255094927352753,0.15126387659696966,0.32434815963130886,0.523562454278985,50,20,20
1,1827,0.0008254987958245565,0.15063506026635326,0.3262507635964061,0.522288677341415,50,20,20
1,1828,0.0008255567028848932,0.15063518816674276,0.3262596620181321,0.5222795931122396,50,20,20
1,1829,0.0008255567028848933,0.15063518817107227,0.3268060460132316,0.5217332091128108,50,20,20
1,1830,0.000825556702628732,0.17063089526265363,0.3068103389120781,0.5217332091226381,50,20,20
1,1831,0.0008255567026287321,0.1706308952710303,0.30682166190772237,0.5217218861186173,50,20,20
1,1832,0.0008255567026287298,0.17063089527100211,0.306821570366617,0.5217219776597508,50,20,20
1,1833,0.0008255566289804426,0.1706309852204652,0.3078794810502599,0.5206639771002944,50,20,20
1,1834,0.0008255566289804426,0.17063098522046535,0.30787931795474854,0.5206641401958059,50,20,20
1,1835,0.0008255566289804307,0.16934452108190398,0.3091657821032114,0.5206641401859046,50,20,20
1,1836,0.0008255557240191973,0.16934654736588026,0.3091601338206589,0.5206677630894417,50,20,20
1,1837,0.006868385136748265,0.16937624237892163,0.3030822120070671,0.5206731604772632,50,20,20
1,1838,0.0068683622132431265,0.169390356352422,0.3030681241016708,0.5206731573326642,50,20,20
1,1839,0.006868362213243081,0.16939035635242125,0.30306097912117375,0.5206803023131621,50,20,20
1,1840,0.006868512359377889,0.16939001966814118,0.2973940708098121,0.526347397162669,50,20,20
1,1841,0.006868512359377889,0.16939001966814096,0.29739416102935196,0.5263473069431295,50,20,20
1,1842,0.006868512359377889,0.16938883378135672,0.29739534691613656,0.526347306943129,50,20,20
1,1843,0.006868512359378072,0.16938884284442554,0.3053548750058211,0.5183877697903754,50,20,20
1,1844,0.006868512359378071,0.169388842843953,0.3053536709774287,0.5183889738192403,50,20,20
1,1845,0.006868512359378071,0.16938884284395747,0.30536001210914093,0.5183826326875234,50,20,20
1,1846,0.00686851235937358,0.16887648795438104,0.30587236699872267,0.5183826326875225,50,20,20
1,1847,0.006722408756186895,0.16887634177916713,0.30601741253804016,0.5183838369266054,50,20,20
1,1848,0.006722408756186908,0.16887634177483718,0.3054652904102946,0.5189359590586808,50,20,20
1,1849,0.006722408756186908,0.16884586523521525,0.3054957669499171,0.5189359590586804,50,20,20
1,1850,0.006722408756186908,0.16884586523578032,0.30551389363756987,0.5189178323704626,50,20,20
1,1851,0.0067224087563473,0.16741597696682203,0.30694377720520405,0.5189178370716253,50,20,20
1,1852,0.006722408756689293,0.16741863583847955,0.30693141912573607,0.5189275362790935,50,20,20
1,1853,0.006722408756689293,0.16741863584717387,0.30716215759291876,0.5186967978032164,50,20,20
1,1854,0.006722408756689293,0.16741863584716996,0.30715171739148067,0.5187072380046583,50,20,20
1,1855,0.006721927462993476,0.16727259497756491,0.3072983037705079,0.5187071737889317,50,20,20
1,1856,0.006721927462993476,0.16727259496923516,0.3079382605004249,0.5180672170673444,50,20,20
1,1857,0.00672193414132224,0.16727060856201756,0.3079301762640812,0.5180772810325762,50,20,20
1,1858,0.006721934141322253,0.15600680004657885,0.3191939847795131,0.5180772810325831,50,20,20
1,1859,0.00672193414132224,0.1560068000466302,0.3191941469529931,0.5180771188590516,50,20,20
1,1860,0.0067219341413222375,0.15600680004662593,0.319203407741402,0.5180678580706471,50,20,20
1,1861,0.006721934162002956,0.16498125024922225,0.3102289575008866,0.5180678580878855,50,20,20
1,1862,0.0067219362200243325,0.17819487110482457,0.29701533457073503,0.5180678581044134,50,20,20
1,1863,0.006717785291771749,0.17806680929542376,0.29715319250431016,0.5180622129084924,50,20,20
1,1864,0.006717785291771745,0.17806680927470306,0.2970628453762145,0.5181525600573087,50,20,20
1,1865,0.006717785315664958,0.1781704642071196,0.2969590155869092,0.5181527348903047,50,20,20
1,1866,0.006717785315664974,0.1781704642071196,0.29696068291638517,0.5181510675608287,50,20,20
1,1867,0.006717785263653101,0.18677277199944384,0.28835844292513696,0.5181509998117645,50,20,20
1,1868,0.006043843068141972,0.186822142656763,0.28897792797810307,0.518156086296991,50,20,20
1,1869,0.006043843068141889,0.186822142656763,0.2889651249993601,0.518168889275734,50,20,20
1,1870,0.006043687706332556,0.186822177220848,0.2759971843061095,0.5311369507667087,50,20,20
1,1871,0.006043687706332556,0.18684599992368806,0.27597336160324404,0.5311369507667342,50,20,20
1,1872,0.006043004716721612,0.186846118240247,0.2759739321379209,0.5311369449051092,50,20,20
1,1873,0.006043004716721612,0.18684611824033845,0.27598341038156277,0.5311274666613759,50,20,20
1,1874,0.00604300471672102,0.18724112985641062,0.2755883987654918,0.5311274666613751,50,20,20
1,1875,0.006043004716309363,0.2046796160740252,0.2581499125461106,0.5311274666635536,50,20,20
1,1876,0.006043004716308839,0.20613257278102673,0.25669695584070057,0.5311274666619625,50,20,20
1,1877,0.006043004716308824,0.20613257278102673,0.2566953077678719,0.5311291147347913,50,20,20
1,1878,0.006043004716308824,0.20613257278102615,0.2566952582990908,0.531129164203573,50,20,20
1,1879,0.006043004716308824,0.2061334471369337,0.2566943839431833,0.5311291642035729,50,20,20
1,1880,0.006043004716308824,0.20613344713691362,0.2567288229311251,0.5310947252156513,50,20,20
1,1881,0.006043004716308824,0.20613344713691134,0.2567288273674779,0.531094720779301,50,20,20
1,1882,0.006043004716308824,0.2061334471316222,0.2567192528700676,0.5311042952820003,50,20,20
1,1883,0.006043004716308824,0.20613344713162196,0.25671897612764893,0.5311045720244194,50,20,20
1,1884,0.006043004716308824,0.2061334471316236,0.25672821470578466,0.531095333446282,50,20,20
1,1885,0.006043004716129259,0.20613341256742504,0.25647720735010143,0.5313463753663433,50,20,20
1,1886,0.006043004716129259,0.20613256844384328,0.25647805147368347,0.5313463753663431,50,20,20
1,1887,0.006043004716129259,0.20613495962085146,0.2564756602966754,0.531346375366343,50,20,20
1,1888,0.006043004716129254,0.20613495962085196,0.2564726912568995,0.5313493444061185,50,20,20
1,1889,0.019726504161154748,0.20610513675079425,0.2428244456027333,0.531343913485317,50,20,20
1,1890,0.019726504161916,0.20605525018075013,0.24287433681448356,0.5313439088428493,50,20,20
1,1891,0.019726504161916115,0.2060552501809562,0.24295035225159428,0.5312678934055324,50,20,20
1,1892,0.019726504161916115,0.20608316337205435,0.24292243906049765,0.5312678934055309,50,20,20
1,1893,0.019726504161916115,0.20608316337205446,0.24292695418459728,0.5312633782814313,50,20,20
1,1894,0.019726504161916115,0.20608316337206223,0.2429210713084171,0.5312692611576036,50,20,20
1,1895,0.019726505068481153,0.20603585365588933,0.24112247477521082,0.5331151665004178,50,20,20
1,1896,0.019726505068481153,0.20603585365591848,0.24112982885697828,0.5331078124186213,50,20,20
1,1897,0.01972650506904282,0.2058396060223815,0.2413260754988405,0.5331078134097343,50,20,20
1,1898,0.019726505069047728,0.20583960602238552,0.24125195777547695,0.5331819311330892,50,20,20
1,1899,0.019726505337595953,0.20581449325974358,0.2412770702124755,0.5331819311901836,50,20,20
1,1900,0.019726505337595953,0.2058144932597437,0.24127722605121676,0.5331817753514422,50,20,20
1,1901,0.019726505337595953,0.20581449325974563,0.24127637426297763,0.5331826271396795,50,20,20
1,1902,0.019726505337595953,0.205814493259744,0.24126702081846627,0.5331919805841924,50,20,20
1,1903,0.019726505337598517,0.20574659993132893,0.24133491414304553,0.5331919805880257,50,20,20
1,1904,0.019726505337598517,0.20574659993237748,0.25050647733092657,0.5240204173990957,50,20,20
1,1905,0.019726505337598517,0.2057442692405104,0.2505088080227936,0.5240204173990957,50,20,20
1,1906,0.019726505337598517,0.20574426923108505,0.24132597225902497,0.5332032531722903,50,20,20
1,1907,0.019726505337598517,0.20574426923108508,0.2412947450677302,0.5332344803635852,50,20,20
1,1908,0.019726505337598517,0.2057442692310753,0.24129457900768383,0.5332346464236412,50,20,20
1,1909,0.01972650533759752,0.20834791740640454,0.2386909307605505,0.5332346464954463,50,20,20
1,1910,0.01972650533759752,0.20834791740640463,0.2386908026548356,0.5332347746011611,50,20,20
1,1911,0.01972650533759496,0.2084169578580025,0.23862176220707376,0.5332347745973276,50,20,20
1,1912,0.019729557883672463,0.20839745060265533,0.2386382169395712,0.5332347745741,50,20,20
1,1913,0.019729557883672463,0.20839745060269266,0.23908397613403096,0.5327890153796028,50,20,20
1,1914,0.019729557883672463,0.2083974506023281,0.23820536277930532,0.5336676287346929,50,20,20
1,1915,0.019729557883653527,0.20839739531556312,0.21905801942720313,0.552815027373579,50,20,20
1,1916,0.019729557883653527,0.2083973953155632,0.21905906095288913,0.552813985847893,50,20,20
1,1917,0.01972955788364862,0.20839739531556034,0.2196086876757314,0.5522643591250584,50,20,20
1,1918,0.01972955788364862,0.20839739531546048,0.21959910343099673,0.5522739433698931,50,20,20
1,1919,0.019737149636505368,0.20839541206636977,0.22144448745062564,0.5504229508464981,50,20,20
1,1920,0.019737149637193047,0.20838156254618834,0.22145833696910538,0.550422950847512,50,20,20
1,1921,0.019737149637193047,0.20838156254618836,0.22145837882607292,0.5504229089905447,50,20,20
1,1922,0.019737149637193047,0.20838156254618634,0.22145462089973464,0.550426666916885,50,20,20
1,1923,0.01973715014001022,0.20817107051093203,0.22159725595464563,0.5504945233944102,50,20,20
1,1924,0.019737150140010488,0.20817107051176204,0.2217139079321978,0.5503778714160277,50,20,20
1,1925,0.019737075385392544,0.2081710704738871,0.22171508462333187,0.5503767695173866,50,20,20
1,1926,0.019737075385401096,0.1887968495964698,0.2410893055751552,0.5503767694429719,50,20,20
1,1927,0.019737075384713414,0.17860944174085142,0.2512767134321033,0.55037676944233,50,20,20
1,1928,0.019737075384713414,0.17860944174085147,0.25128168528879946,0.5503717975856337,50,20,20
1,1929,0.019737075384758617,0.17860944174137572,0.25128748078024693,0.5503660020936169,50,20,20
1,1930,0.019737075384758617,0.17860944174146579,0.26942483769662956,0.5322286451771437,50,20,20
1,1931,0.01973903524154447,0.178609445544476,0.26942297146581046,0.532228547748167,50,20,20
1,1932,0.01973903524154447,0.17860944554802236,0.27636298088878625,0.5252885383216449,50,20,20
1,1933,0.0391447906459442,0.17860926568796173,0.25702526180006524,0.5252206818660272,50,20,20
1,1934,0.039144790646910815,0.17860926599913518,0.23869772439555795,0.5435482189583943,50,20,20
1,1935,0.039144790646910815,0.17860926599913596,0.23869777465928102,0.5435481686946704,50,20,20
1,1936,0.039144790646910815,0.17860926599913596,0.23869803704822012,0.5435479063057312,50,20,20
1,1937,0.0391448184454813,0.17860701453297115,0.2387002607152016,0.5435479063063443,50,20,20
1,1938,0.0391448184454813,0.1786070145331828,0.23870379479823398,0.5435443722230999,50,20,20
1,1939,0.020874593211623264,0.17860701449274172,0.25697402009067294,0.5435443722049602,50,20,20
1,1940,0.02087459318774107,0.17850417143856345,0.25707703792213343,0.5435441974515602,50,20,20
1,1941,0.02087459318774107,0.17850691023700274,0.25707429912369406,0.5435441974515602,50,20,20
1,1942,0.02087459318773389,0.17850609749443247,0.25707488195798356,0.5435444273598482,50,20,20
1,1943,0.020874593187812387,0.1785060972974111,0.257075105895331,0.5435442036194437,50,20,20
1,1944,0.020874593187812387,0.17850609729683917,0.2570651715092337,0.5435541380061129,50,20,20
1,1945,0.020874593187804647,0.17790175954982013,0.25766950925633464,0.5435541380060384,50,20,20
1,1946,0.02087459318780462,0.17790175954982046,0.2576647873301237,0.5435588599322491,50,20,20
1,1947,0.020874592918553255,0.1779016053991975,0.2576649416413089,0.5435588600409381,50,20,20
1,1948,0.020874592918510335,0.17790160539870747,0.25767451204256164,0.5435492896402183,50,20,20
1,1949,0.020874592918510335,0.17790160540690148,0.25790901088099905,0.5433147907935869,50,20,20
1,1950,0.01580091075904669,0.17790160558927107,0.2629826928790398,0.5433147907726404,50,20,20
1,1951,0.014344720405586694,0.17790160558476198,0.24842009471167356,0.5593335792979759,50,20,20
1,1952,0.014344720405586694,0.1779050875656411,0.2484166127302906,0.5593335792984797,50,20,20
1,1953,0.014344720405586694,0.1779050875742489,0.24148681417404658,0.5662633778461159,50,20,20
1,1954,0.014344720405586322,0.18069112581347524,0.2387007327336992,0.566263421047237,50,20,20
1,1955,0.014344720405163333,0.1806911255190005,0.2384056253825953,0.5665585286932386,50,20,20
1,1956,0.014383119794945854,0.1806886288166665,0.23793969849459082,0.566988552893795,50,20,20
1,1957,0.01438311984497676,0.17789947527008812,0.2407285503271932,0.5669888545577401,50,20,20
1,1958,0.014383119844977137,0.17789947527008812,0.240729739801966,0.5669876650829672,50,20,20
1,1959,0.014383123355859236,0.18751970038158589,0.23110951742638453,0.5669876588361685,50,20,20
1,1960,0.014383123355860372,0.18751970038158183,0.23111197721853685,0.5669851990440192,50,20,20
1,1961,0.014383123355860372,0.1875197003815815,0.23111191484628446,0.566985261416272,50,20,20
1,1962,0.014383634798998644,0.18751964324785475,0.2311114599011203,0.5669852620520246,50,20,20
1,1963,0.014383631318142758,0.17804782479746126,0.24058328183304564,0.5669852620513491,50,20,20
1,1964,0.014383631318142704,0.1780477900827827,0.24008830806406356,0.56748027053501,50,20,20
1,1965,0.021899358293699378,0.1780478212122926,0.2324611106603636,0.5675917098336446,50,20,20
1,1966,0.0218993582936994,0.17804782121229182,0.2324643951449751,0.5675884253490336,50,20,20
1,1967,0.02189935826359106,0.17789966558107728,0.2326125508063036,0.567588425349028,50,20,20
1,1968,0.02189935826359106,0.17789888278381297,0.23261333360352426,0.5675884253490717,50,20,20
1,1969,0.02189935826359068,0.17789888278381297,0.23261225366139676,0.5675895052911996,50,20,20
1,1970,0.021899358263504202,0.17812276284902087,0.23238837359884854,0.5675895052886264,50,20,20
1,1971,0.02189935826486571,0.17812693859853354,0.23238419784797373,0.567589505288627,50,20,20
1,1972,0.021899358244184975,0.1815424006361724,0.22896873584825628,0.5675895052713863,50,20,20
1,1973,0.021861265966288658,0.18154231009346664,0.2294466400803832,0.5671497838598615,50,20,20
1,1974,0.021861265966333147,0.18154231009362795,0.22949783340128235,0.5670985905387567,50,20,20
1,1975,0.021861265966333147,0.1815423100936278,0.22981078811377414,0.5667856358262651,50,20,20
1,1976,0.021861265966333147,0.18154094025769185,0.22981215794971013,0.5667856358262651,50,20,20
1,1977,0.021861265966333147,0.1815409402576914,0.22981216835678123,0.5667856254191943,50,20,20
1,1978,0.021861265966333147,0.18154094025769157,0.22981216819883166,0.5667856255771436,50,20,20
1,1979,0.021861265966333147,0.18154094025982936,0.23652648687450015,0.5600713068993373,50,20,20
1,1980,0.021861259288004187,0.18154149976825326,0.23653932632744737,0.5600579146162952,50,20,20
1,1981,0.02186125928800454,0.18154149976822417,0.23653405966771743,0.5600631812760537,50,20,20
1,1982,0.02186125928800454,0.18154149976822495,0.2365425680253286,0.5600546729184416,50,20,20
1,1983,0.021861259288004267,0.18154149976739511,0.23642601400800234,0.560171226936598,50,20,20
1,1984,0.015664293048449063,0.18154204265427987,0.24273384800995212,0.5600598162873185,50,20,20
1,1985,0.015656189992529296,0.18154202213841197,0.24274197222123256,0.560059815647826,50,20,20
1,1986,0.01565618999252895,0.18154202213841206,0.24273996310543583,0.5600618247636231,50,20,20
1,1987,0.015660433003618086,0.1815420224447221,0.24273571824070106,0.5600618263109586,50,20,20
1,1988,0.015660125892133548,0.18154274502772835,0.24273530472751667,0.5600618243526211,50,20,20
1,1989,0.015660125905302164,0.1815429086193133,0.24273514111888594,0.5600618243564983,50,20,20
1,1990,0.014355070767628604,0.18160365369580694,0.24397947294040118,0.5600618025961631,50,20,20
1,1991,0.014355070767628606,0.18160365368892703,0.24374732456065484,0.5602939509827893,50,20,20
1,1992,0.014355070766266244,0.1816021520960965,0.24374882610094215,0.5602939510366949,50,20,20
1,1993,0.01435507076626625,0.18160215209609837,0.2437550184741074,0.5602877586635276,50,20,20
1,1994,0.01435507076626625,0.18160215621276493,0.24414576529775062,0.5598970077232179,50,20,20
1,1995,0.014355070766265111,0.1816021562127624,0.24414330419112867,0.5598994688298435,50,20,20
1,1996,0.014355070766270114,0.18140276304150685,0.24434269736205877,0.5598994688301641,50,20,20
1,1997,0.014355070765708468,0.18103175115986275,0.24471371023303606,0.5598994678413926,50,20,20
1,1998,0.014355070762941333,0.18103158780758488,0.2447137158753909,0.5598996255540829,50,20,20
1,1999,0.014355070763656799,0.1810315877907986,0.24465072180879677,0.5599626196367479,50,20,20
1,2000,0.014355070763656799,0.18103158779079848,0.24464569240911588,0.559967649036429,50,20,20
1,2001,0.014355129781940746,0.19005452755531607,0.23562273162688335,0.5599676110358603,50,20,20
1,2002,0.014355129781940746,0.19005452755526472,0.2356225336712756,0.5599678089915195,50,20,20
1,2003,0.014355129781940748,0.19005452755528118,0.235618974808957,0.5599713678538216,50,20,20
1,2004,0.014355129781954877,0.1900545281552225,0.24889420771904017,0.5466961343437826,50,20,20
1,2005,0.014355129781954877,0.1902084038447334,0.2487403320295345,0.5466961343437774,50,20,20
1,2006,0.014355129781954759,0.19020840384452734,0.24866430803461312,0.546772158338905,50,20,20
1,2007,0.01435512979256947,0.18041000482976483,0.2584627070390957,0.5467721583385701,50,20,20
1,2008,0.014355129792569468,0.1804100049342911,0.2585726616142269,0.5466622036589128,50,20,20
1,2009,0.014355129792569468,0.1804100049342909,0.25857263532769936,0.5466622299454404,50,20,20
1,2010,0.014355129792569468,0.18041000493429077,0.25857254522182704,0.546662320051313,50,20,20
1,2011,0.01435512979256947,0.1800001133105466,0.2589824368446619,0.5466623200522225,50,20,20
1,2012,0.014355131963416772,0.180000115333536,0.26354397735664303,0.5421007753464046,50,20,20
1,2013,0.01435513473876252,0.18236045879680562,0.2611839752126858,0.5421004312517465,50,20,20
1,2014,0.014355134738762527,0.1826746723344405,0.26086976167739234,0.542100431249405,50,20,20
1,2015,0.014355134738762527,0.18267467233452703,0.2608733019342831,0.5420968909924277,50,20,20
1,2016,0.014355134738762527,0.18267467232237283,0.26085976052267484,0.5421104324161904,50,20,20
1,2017,0.014355134738762558,0.18255996620043163,0.2609744666451457,0.5421104324156608,50,20,20
1,2018,0.01435513473876346,0.18255996208376501,0.26084559102282046,0.5422393121546519,50,20,20
1,2019,0.01435513473876346,0.18255996208376388,0.2608522202235988,0.5422326829538747,50,20,20
1,2020,0.014355134737504369,0.1825599620838012,0.26085794282964425,0.5422269603490512,50,20,20
1,2021,0.014355134737504367,0.18255996198252042,0.2607423107123722,0.542342592567604,50,20,20
1,2022,0.014355134737509222,0.1825593478165821,0.24118718780124598,0.5618983296446636,50,20,20
1,2023,0.014355134737509474,0.18255935861804212,0.24802581664577097,0.555059689998678,50,20,20
1,2024,0.014355133587639995,0.18255935861803085,0.24404483683531095,0.559040670959019,50,20,20
1,2025,0.014355133587640118,0.18255935861803,0.24778488885234473,0.5553006189419862,50,20,20
1,2026,0.014355133587640165,0.1825593586180302,0.24778388696290815,0.5553016208314225,50,20,20
1,2027,0.014355133587640161,0.18255935861671616,0.2477817311613015,0.555303776634343,50,20,20
1,2028,0.014355131089093904,0.18019927223936227,0.2501418208072155,0.5553037758643291,50,20,20
1,2029,0.014355131089093904,0.1801992722394182,0.25015075880176985,0.5552948378697189,50,20,20
1,2030,0.014355131089093904,0.1801992722397592,0.25040642450317496,0.5550391721679728,50,20,20
1,2031,0.014355131089093904,0.18019927223971813,0.2503982527761458,0.555047343895043,50,20,20
1,2032,0.014355131089093904,0.18019927224002746,0.2503953441079341,0.5550502525629455,50,20,20
1,2033,0.014355131089093904,0.1801992722400268,0.25039722083864435,0.5550483758322363,50,20,20
1,2034,0.014404571959173393,0.18019927415583184,0.2503474045384324,0.5550487493465635,50,20,20
1,2035,0.014404571959173393,0.1801992741553108,0.2503467808061023,0.5550493730794146,50,20,20
1,2036,0.014402623347642836,0.180199270351811,0.25034873842058686,0.5550493678799598,50,20,20
1,2037,0.0144026233476434,0.16476547876479924,0.2657825300075829,0.5550493678799746,50,20,20
1,2038,0.014402822426477084,0.1647654787967133,0.26578233085039243,0.5550493679264173,50,20,20
1,2039,0.014402822426477096,0.1647654787967282,0.2657824508595585,0.5550492479172364,50,20,20
1,2040,0.014402822426477203,0.1642861855952292,0.2662617440610383,0.5550492479172554,50,20,20
1,2041,0.01440284560374092,0.16381863116758455,0.26672927061872875,0.555049252609946,50,20,20
1,2042,0.01440284560374092,0.16381863116758125,0.2667160837560976,0.5550624394725804,50,20,20
1,2043,0.009445583871389007,0.16381863121848916,0.2716733454237247,0.5550624394863971,50,20,20
1,2044,0.009445583579067308,0.1638183595457019,0.2716735762137415,0.5550624806614892,50,20,20
1,2045,0.009445524560840846,0.17260910099550097,0.2628830136569669,0.5550623607866912,50,20,20
1,2046,0.009445524560796358,0.17260910099534071,0.26283169280998264,0.5551136816338803,50,20,20
1,2047,0.009429363103551566,0.1737448951742538,0.2617117741717668,0.5551139675504277,50,20,20
1,2048,0.009429363103551566,0.17374489517419783,0.26170293098666825,0.5551228107355822,50,20,20
1,2049,0.009429337866061786,0.16465870631921178,0.27078914972588186,0.5551228060888443,50,20,20
1,2050,0.009429337866061786,0.16465870631921262,0.2707892050289795,0.5551227507857458,50,20,20
1,2051,0.009429337880403853,0.16099814474178248,0.2744497666560879,0.5551227507217255,50,20,20
1,2052,0.009429337867234662,0.16099777400481877,0.27445013741008206,0.5551227507178637,50,20,20
1,2053,0.009429337867234782,0.15856678125614637,0.2768811301549553,0.5551227507216641,50,20,20
1,2054,0.009429337867234839,0.1524511301976466,0.2829967806632716,0.5551227512718474,50,20,20
1,2055,0.009429337867234839,0.1524511301975601,0.2829932356860811,0.5551262962491245,50,20,20
1,2056,0.009429337867234842,0.1524511301975627,0.2831918246226561,0.5549277073125469,50,20,20
1,2057,0.009429337867234844,0.15245113019756254,0.283191640547315,0.5549278913878881,50,20,20
1,2058,0.009429450618804769,0.1524512207737868,0.2831914372195197,0.5549278913878892,50,20,20
1,2059,0.009429450618804767,0.1524512207734458,0.28293574068506333,0.5551835879226867,50,20,20
1,2060,0.009429240299895949,0.15245628881778064,0.28293078188005405,0.55518368900227,50,20,20
1,2061,0.009429240299895909,0.15245628881797546,0.2830890661305252,0.5550254047516039,50,20,20
1,2062,0.009429240299895909,0.15245628881797357,0.28308893774608995,0.5550255331360411,50,20,20
1,2063,0.009429240299893633,0.1524562888179394,0.283073744384352,0.5550407264978151,50,20,20
1,2064,0.009429240299893647,0.15245628882099602,0.2830827507738396,0.5550317201052708,50,20,20
1,2065,0.009429240299893647,0.15245628882099602,0.28308252573340703,0.5550319451457033,50,20,20
1,2066,0.009429240299893907,0.14032028182504344,0.29521853269795933,0.5550319451771023,50,20,20
1,2067,0.009429663957400742,0.14031802105806945,0.29522036967359866,0.5550319453109303,50,20,20
1,2068,0.009429663957400487,0.14031801025659424,0.2883751917359207,0.5618771340500835,50,20,20
1,2069,0.009429663957400615,0.14031800144602952,0.2809136310815157,0.5693387035150532,50,20,20
1,2070,0.009429663957400603,0.14031800144601475,0.2809149234954751,0.5693374111011086,50,20,20
1,2071,0.009429663957400603,0.1403180014460115,0.2809148670103117,0.5693374675862752,50,20,20
1,2072,0.009429240837525218,0.14244185490649244,0.27879143685686913,0.5693374673991123,50,20,20
1,2073,0.009429240837525218,0.1424418549065064,0.2787915495845483,0.5693373546714191,50,20,20
1,2074,0.009429240837526972,0.1429888783456432,0.2782445261498506,0.5693373546669782,50,20,20
1,2075,0.00942924083752679,0.1353976978036447,0.28583570425559546,0.5693373571032321,50,20,20
1,2076,0.009429240837526786,0.13539769780364208,0.28563712726457774,0.5695359340942526,50,20,20
1,2077,0.00942960504833657,0.13539769720275577,0.2706304410799153,0.5845422566689915,50,20,20
1,2078,0.00942960504833657,0.13539769720277095,0.2706305702615011,0.5845421274873905,50,20,20
1,2079,0.009429605048339618,0.1308424584188617,0.2751858090453577,0.5845421274874398,50,20,20
1,2080,0.009429605048339618,0.1308424584188622,0.27552285710753643,0.5842050794252609,50,20,20
1,2081,0.009429605048339755,0.12256588467380626,0.28379938381833814,0.5842051264595147,50,20,20
1,2082,0.009429605048339819,0.12256588467380673,0.28380662936519874,0.5841978809126539,50,20,20
1,2083,0.009429605048338098,0.12551837204700983,0.28085414188382085,0.5841978810208306,50,20,20
1,2084,0.009429605048336306,0.12551819600316233,0.28085431792651216,0.5841978810219887,50,20,20
1,2085,0.009429605048334497,0.12608124492980113,0.2802912690010839,0.5841978810207799,50,20,20
1,2086,0.009429605048334497,0.12608124492980097,0.2802901186997213,0.5841990313221426,50,20,20
1,2087,0.009429605048334498,0.12608124492994824,0.28029402594025715,0.5841951240814596,50,20,20
1,2088,0.009429605048334498,0.1260812449299432,0.2802937773296463,0.5841953726920753,50,20,20
1,2089,0.00942960504834987,0.1260892348210228,0.28028578743841825,0.5841953726922084,50,20,20
1,2090,0.00942960504834987,0.1260892348177773,0.28027666917920674,0.5842044909546655,50,20,20
1,2091,0.009429605049790964,0.14260529257108512,0.2637606115588231,0.5842044908203001,50,20,20
1,2092,0.009429605049790964,0.14260529257108515,0.2637621906380538,0.5842029117410696,50,20,20
1,2093,0.00942960504979107,0.14260529257110668,0.2638893688791972,0.584075733499905,50,20,20
1,2094,0.025081531809856103,0.14260022453073742,0.2482425385170642,0.5840757051423422,50,20,20
1,2095,0.025081167599032422,0.14260022452956012,0.2433785319695679,0.5889400759018396,50,20,20
1,2096,0.025081167599032422,0.14260022452956012,0.24337693461192603,0.5889416732594813,50,20,20
1,2097,0.02508116759675638,0.14600222462793636,0.23997493453884172,0.5889416732364654,50,20,20
1,2098,0.02508116759675638,0.14600222462778906,0.23997096441048657,0.5889456433649678,50,20,20
1,2099,0.02508116759675638,0.1460022246277893,0.23997106522780431,0.58894554254765,50,20,20
1,2100,0.025081138755279647,0.146029908902748,0.23994340979388376,0.5889455425480882,50,20,20
1,2101,0.025081138755279647,0.14602990890274906,0.23994360121485578,0.5889453511271152,50,20,20
1,2102,0.02508113875527464,0.14622963445742784,0.23974387566050187,0.5889453511267952,50,20,20
1,2103,0.02508113875527464,0.1462296344574362,0.23974391810051268,0.588945308686776,50,20,20
1,2104,0.025081139525765135,0.1463763358910308,0.23959721589643543,0.588945308686768,50,20,20
1,2105,0.025081139528948256,0.14635741368299293,0.23961614056850475,0.588945306219553,50,20,20
1,2106,0.02508113952894802,0.14635741368297753,0.2394973364121859,0.5890641103758876,50,20,20
1,2107,0.025081139528948006,0.14635741367992106,0.23949305215967612,0.5890683946314538,50,20,20
1,2108,0.025081139528948006,0.14635741367992097,0.23949703278622786,0.5890644140049021,50,20,20
1,2109,0.012272629455341664,0.1463574156326497,0.25230560130539126,0.5890643536066161,50,20,20
1,2110,0.012272629455341664,0.1463574156327466,0.252314110399739,0.5890558445121716,50,20,20
1,2111,0.01227262945555738,0.13290217257108572,0.2657693538922309,0.589055844081125,50,20,20
1,2112,0.02924516621364895,0.1329184746694202,0.2487804846922107,0.5890558744247193,50,20,20
1,2113,0.02924516621364895,0.1329184746694222,0.249489825518795,0.588346533598133,50,20,20
1,2114,0.029245166213648636,0.1329184744168765,0.24899159746945315,0.5888447619000211,50,20,20
1,2115,0.029245166213648664,0.13287787625403602,0.24903219563229106,0.5888447619000237,50,20,20
1,2116,0.029245166213648664,0.1328778762540369,0.24903224765599927,0.5888447098763148,50,20,20
1,2117,0.02924516621343375,0.13293549322454526,0.24897463080466153,0.588844709757359,50,20,20
1,2118,0.029244569525350754,0.13174205551787435,0.2501689580404499,0.588844416916324,50,20,20
1,2119,0.029244569525350646,0.13222209799703985,0.24968891556129655,0.5888444169163121,50,20,20
1,2120,0.029244569525349196,0.13230184954352556,0.24960916401482217,0.5888444169163023,50,20,20
1,2121,0.029244569525349196,0.1323018495436811,0.24961355222016976,0.5888400287107991,50,20,20
1,2122,0.029244569525349196,0.13230184954368293,0.2496210864925348,0.5888324944384322,50,20,20
1,2123,0.029244569525349085,0.13230184954395027,0.24950442530579445,0.5889491556249055,50,20,20
1,2124,0.029244569525349085,0.13230184954395027,0.24950447801741304,0.5889491029132868,50,20,20
1,2125,0.02924456735450178,0.13230184752092655,0.24449740304774578,0.5939561820768252,50,20,20
1,2126,0.029244567354443852,0.13448733289146267,0.24231191768040813,0.5939561820736848,50,20,20
1,2127,0.029244567354444088,0.13448733289171746,0.24220909625063747,0.5940590035032005,50,20,20
1,2128,0.029244567354444088,0.1343485883626703,0.24234784077968022,0.5940590035032048,50,20,20
1,2129,0.025678947123722463,0.13434866575571405,0.24591271134220033,0.5940596757783628,50,20,20
1,2130,0.025678947123722335,0.1343819984592113,0.2458793787468835,0.5940596756701825,50,20,20
1,2131,0.02567894712372536,0.1339938620666582,0.24626751513860878,0.5940596756710071,50,20,20
1,2132,0.02567894712372536,0.13399386206701336,0.2462832758008577,0.594043915008403,50,20,20
1,2133,0.025678947123725364,0.13399386207460418,0.24688322841898952,0.5934439623826804,50,20,20
1,2134,0.025678947123783952,0.1342122526255377,0.2466648355344656,0.5934439647162119,50,20,20
1,2135,0.025678947265592774,0.13559562493388427,0.24528116137484812,0.5934442664256738,50,20,20
1,2136,0.02567894672810493,0.13717760272711912,0.24369594284580035,0.5934475076989741,50,20,20
1,2137,0.02567894672810609,0.13716349965191046,0.2437100459210151,0.5934475076989669,50,20,20
1,2138,0.025678946728112866,0.13721823854190526,0.24365530700440188,0.5934475077255784,50,20,20
1,2139,0.025678946728112866,0.1372182385419124,0.2439701222027864,0.5931326925271869,50,20,20
1,2140,0.025678946728112866,0.13721823854181758,0.2439617024852239,0.5931411122448442,50,20,20
1,2141,0.025678946728112866,0.13721823854182705,0.2439797259781096,0.5931230887519492,50,20,20
1,2142,0.025678946728025537,0.13354466169036974,0.24765654400701273,0.5931198475745906,50,20,20
1,2143,0.025678946728029485,0.13354466169040596,0.2476585510768995,0.5931178405046638,50,20,20
1,2144,0.025678946728023986,0.13354463751309267,0.24721461686741397,0.5935617988914682,50,20,20
1,2145,0.025678946728023986,0.13354463751723133,0.2477590515837859,0.5930173641709575,50,20,20
1,2146,0.025678946728023986,0.13354463751723133,0.24744601808765856,0.5933303976670847,50,20,20
1,2147,0.025678946728023986,0.13354463751721612,0.24744588666624384,0.5933305290885148,50,20,20
1,2148,0.025678946728025166,0.13354463751699577,0.24743337727192458,0.5933430384830533,50,20,20
1,2149,0.025678946728025044,0.1335446375422418,0.24369057619464687,0.597085839535085,50,20,20
1,2150,0.025678946728025048,0.133544637542449,0.24367552300198722,0.5971008927275374,50,20,20
1,2151,0.025678946728025048,0.1336842059829718,0.24353595456146884,0.597100892727533,50,20,20
1,2152,0.025678946728025048,0.1336842059829732,0.24353587191736814,0.5971009753716323,50,20,20
1,2153,0.02567894672801843,0.14478287288713382,0.23243720503980236,0.597100975345044,50,20,20
1,2154,0.02567894672801725,0.14478287288742514,0.2327079534594294,0.596830226925127,50,20,20
1,2155,0.025678946728017252,0.1447828728872697,0.23270353259866283,0.5968346477860489,50,20,20
1,2156,0.008729576674179085,0.14476782595607746,0.24966796107909917,0.5968346362906428,50,20,20
1,2157,0.008729576674704326,0.14476782595625118,0.2498776052294674,0.5966249921395756,50,20,20
1,2158,0.008729576674704326,0.13372632698780762,0.2609191041979107,0.5966249921395756,50,20,20
1,2159,0.00872957667470432,0.13372632698780737,0.26101794586533494,0.5965261504721517,50,20,20
1,2160,0.008729576674704323,0.13372632698751918,0.2611449056113178,0.5963991907264572,50,20,20
1,2161,0.008767856232574433,0.13372623480188842,0.2611067181951931,0.5963991907703425,50,20,20
1,2162,0.008767856232574433,0.13372623480188922,0.2611160575152477,0.5963898514502874,50,20,20
1,2163,0.008767856232574431,0.13372623480188922,0.26111605600987187,0.5963898529556633,50,20,20
1,2164,0.008767856232574431,0.13372623480188922,0.26111595578296004,0.5963899531825751,50,20,20
1,2165,0.008767856232574431,0.13372623477664308,0.26110990095510167,0.5963960080356796,50,20,20
1,2166,0.008767856232574412,0.13367257695757595,0.261163558773812,0.5963960080360364,50,20,20
1,2167,0.008767856232574176,0.13367257695732515,0.26092958343304135,0.5966299833770583,50,20,20
1,2168,0.008767856232574174,0.13367257694973433,0.2603296415884979,0.5972299252291926,50,20,20
1,2169,0.008767856237865959,0.13922287242623138,0.2547793440789235,0.5972299272569781,50,20,20
1,2170,0.008767856237864802,0.13923369453320378,0.2547685219719528,0.5972299272569773,50,20,20
1,2171,0.008767856237864802,0.13923369452908008,0.25455493867233864,0.5974435105607153,50,20,20
1,2172,0.008767856237864803,0.1392336945290802,0.25455499617244626,0.5974434530606076,50,20,20
1,2173,0.008767856237864802,0.13923369452931986,0.25456902603197673,0.5974294232008376,50,20,20
1,2174,0.008767856237864807,0.13923369453094003,0.2608781573597891,0.591120291871405,50,20,20
1,2175,0.008767856237864807,0.1392336945309376,0.260878097541367,0.5911203516898297,50,20,20
1,2176,0.008767856237864807,0.13923369453069812,0.2608704198508117,0.5911280293806245,50,20,20
1,2177,0.008767856300280527,0.13909838411523112,0.26100573019641865,0.5911280293880687,50,20,20
1,2178,0.008767856300280527,0.13909838411530367,0.2610153769529268,0.5911183826314881,50,20,20
1,2179,0.008767856155288913,0.1378181066983754,0.2622959561695633,0.5911180809767719,50,20,20
1,2180,0.008767856155294828,0.13790462345402874,0.26220929302175955,0.5911182273689163,50,20,20
1,2181,0.008767856154769585,0.13790462345519927,0.26200148503323495,0.5913260353567956,50,20,20
1,2182,0.00876785615476967,0.13788316368766748,0.2620229447967076,0.5913260353608547,50,20,20
1,2183,0.008767856154769606,0.137883163687667,0.2620242279248653,0.5913247522326978,50,20,20
1,2184,0.008767856154769608,0.1378809297392359,0.2620264618732908,0.5913247522327034,50,20,20
1,2185,0.008767856154769528,0.13782334802919904,0.2620840435873869,0.5913247522286444,50,20,20
1,2186,0.008767856154769528,0.13782334802919935,0.2620899196951786,0.5913188761208523,50,20,20
1,2187,0.008767856154769528,0.1378233480291993,0.2620898567685208,0.5913189390475102,50,20,20
1,2188,0.008767856154769528,0.1378233480291993,0.2619911802957622,0.591417615520269,50,20,20
1,2189,0.008767856154769816,0.13782334804262042,0.26188859475849424,0.5915202010441155,50,20,20
1,2190,0.008767856154768912,0.13782334804262042,0.2616267218848142,0.5917820739177965,50,20,20
1,2191,0.008767856154768916,0.1378233480426207,0.2616183169961595,0.591790478806451,50,20,20
1,2192,0.003010875742211488,0.13782328947063804,0.26737535986230293,0.5917904749248474,50,20,20
1,2193,0.003010875742211488,0.13782328947063768,0.26736913012226465,0.5917967046648858,50,20,20
1,2194,0.003010875742211488,0.13782328947129996,0.2673747530756243,0.5917910817108639,50,20,20
1,2195,0.0030108757422114846,0.13782328947129968,0.2673747277466753,0.5917911070398133,50,20,20
1,2196,0.0030108757369197,0.14291768878010302,0.2622803282691657,0.5917911072138119,50,20,20
1,2197,0.003010875736919696,0.14292114207015047,0.26227687497912394,0.5917911072138063,50,20,20
1,2198,0.003010875736915751,0.14292114210123355,0.2622765008744393,0.5917914812874115,50,20,20
1,2199,0.0030108757369159255,0.14292114210057127,0.26227199033443593,0.5917959918280772,50,20,20
1,2200,0.0030108757373920837,0.1510245051022823,0.2541686743665241,0.5917959447938018,50,20,20
1,2201,0.0030108757373920893,0.15102450510206564,0.25416692403490965,0.5917976951256328,50,20,20
1,2202,0.0030108757373920893,0.15102450510213106,0.25415776264467355,0.5918068565158036,50,20,20
1,2203,0.0030108757373921193,0.15102450510218152,0.2541579007423728,0.5918067184180539,50,20,20
1,2204,0.003010875737541473,0.15099183726698281,0.25419052685829846,0.5918067601371774,50,20,20
1,2205,0.003010875737541469,0.15107419679547038,0.25410816732981073,0.5918067601371775,50,20,20
1,2206,0.0030108757375411853,0.15107419679272627,0.2632872162503551,0.5826277112193771,50,20,20
1,2207,0.0029586823701296277,0.1510741777377419,0.2633400909649619,0.5826270489271661,50,20,20
1,2208,0.0029586823702523455,0.15181355801318977,0.2626007092609783,0.5826270503555789,50,20,20
1,2209,0.0001159477524284477,0.15185512277596686,0.26540186492154794,0.5826270645500562,50,20,20
1,2210,0.00011594775242859261,0.15185512277595856,0.2654031279110307,0.5826258015605815,50,20,20
1,2211,0.00011594775242856828,0.15185512277596558,0.2653999355317944,0.5826289939398107,50,20,20
1,2212,0.00011594775242856719,0.15185512277553653,0.2651257725126676,0.5829031569593666,50,20,20
1,2213,0.00011597218640836316,0.16124347021951063,0.2557373996327179,0.5829031579613626,50,20,20
1,2214,0.00011597218640836316,0.16124347021950755,0.25502795772508885,0.5836125998689947,50,20,20
1,2215,0.00011597219761121696,0.16040283299165672,0.2558685950346738,0.5836125997760577,50,20,20
1,2216,0.019768027615031353,0.16040283299021735,0.2362165267282747,0.5836126126664767,50,20,20
1,2217,0.019768027615031353,0.16039826331620152,0.23622109640181546,0.5836126126669517,50,20,20
1,2218,0.019768027615031363,0.16039826331681628,0.23608073094594462,0.5837529781222078,50,20,20
1,2219,0.019768027615031363,0.1603982633196819,0.23608838005924945,0.5837453290060374,50,20,20
1,2220,0.01976802761503135,0.1603982633178666,0.2296209726527739,0.5902127364143284,50,20,20
1,2221,0.01976802793771799,0.1601418521029887,0.22987738354264572,0.590212736416648,50,20,20
1,2222,0.01976802793771799,0.1601418521029216,0.2298771183620679,0.5902130015972928,50,20,20
1,2223,0.01976802793771785,0.16014185210292922,0.22988156009886676,0.5902085598604864,50,20,20
1,2224,0.01975589085633671,0.17394793928512137,0.21608766820071706,0.5902085016578251,50,20,20
1,2225,0.01975589085633671,0.17394793928225574,0.21608011199141344,0.5902160578699944,50,20,20
1,2226,0.01975589085633671,0.17434464537819752,0.21568340809725584,0.5902160556682101,50,20,20
1,2227,0.01975589085633671,0.17434464537819555,0.2156832117836347,0.5902162519818334,50,20,20
1,2228,0.019744861203536034,0.18036641238117704,0.20967247625521002,0.5902162501600771,50,20,20
1,2229,0.01974486120353602,0.18036641238056422,0.20992206696215152,0.5899666594537484,50,20,20
1,2230,0.0002265910894697025,0.1804782625964269,0.22932659058279636,0.5899685557313067,50,20,20
1,2231,0.00022659108948047853,0.18047826260596556,0.2294767634316684,0.5898183828728851,50,20,20
1,2232,0.00018887165716478547,0.18047826310232767,0.22951447346919976,0.5898183917713073,50,20,20
1,2233,0.00018887165716478547,0.18047826310225376,0.22950764919272207,0.589825216047859,50,20,20
1,2234,0.00018887164601193323,0.18047624373907806,0.2291252969532509,0.590209587661659,50,20,20
1,2235,0.00018818956301427665,0.18962235377528905,0.21997983890732312,0.5902096177543733,50,20,20
1,2236,0.00018818956301427665,0.18962235377528938,0.21997982883052958,0.5902096278311667,50,20,20
1,2237,0.0001881895630142816,0.18962235377555622,0.21998403786077045,0.590205418800659,50,20,20
1,2238,0.00018818956301428158,0.18962235377555614,0.21998398077068995,0.5902054758907395,50,20,20
1,2239,0.00018818964496228815,0.1894604133571838,0.2201460674409512,0.5902053295569023,50,20,20
1,2240,0.00018818964496229045,0.18946041335718194,0.2201385918192584,0.590212805178597,50,20,20
1,2241,0.00018819000259479458,0.1894599274213885,0.2205234446609272,0.5898284379150893,50,20,20
1,2242,0.00018824019327662187,0.1805184936319385,0.22946488411283783,0.5898283820619469,50,20,20
1,2243,0.0001882401934384944,0.18040618541221545,0.22957719466589793,0.5898283797284475,50,20,20
1,2244,0.00018855229820056348,0.18017893438899596,0.22980395049986477,0.5898285628129379,50,20,20
1,2245,0.000188553177658317,0.1803935177057662,0.22958935183165555,0.5898285772849183,50,20,20
1,2246,0.00018855317765831774,0.18039351770576623,0.22958531192650894,0.589832617190065,50,20,20
1,2247,0.00018855317765869797,0.18039351770576828,0.22958540211875558,0.5898325269978159,50,20,20
1,2248,0.0001885531776586971,0.18039351770576822,0.2295854382779322,0.5898324908386394,50,20,20
1,2249,0.0001885531776587108,0.18039351770576809,0.229584744215028,0.5898331849015435,50,20,20
1,2250,0.00018855317765869878,0.1803935177057681,0.22958352485653977,0.5898344042600318,50,20,20
1,2251,0.00018855317765879495,0.18039351770755793,0.2295861400745982,0.5898317890401833,50,20,20
1,2252,0.00018855317764801898,0.1803935176980211,0.22944682492149823,0.5899711042028309,50,20,20
1,2253,0.00018855317764785774,0.18039351769802134,0.22944579333725523,0.5899721357870736,50,20,20
1,2254,0.0001885531776478358,0.18043449305926004,0.22940481797601897,0.5899721357870713,50,20,20
1,2255,0.00018855317764783413,0.18043449305925996,0.22962139206221796,0.5897555617008724,50,20,20
1,2256,0.00018855317764661708,0.18927374820035672,0.22078213692113433,0.5897555617008604,50,20,20
1,2257,0.00018855317764661226,0.18927374820073292,0.2210227440214536,0.5895149546001651,50,20,20
1,2258,0.00018855317764661226,0.18927374820073478,0.22103245372675043,0.5895052448948664,50,20,20
1,2259,0.00018855317717031848,0.18942045888641396,0.2208857430359096,0.5895052449005044,50,20,20
1,2260,0.0001885531676667157,0.18927449661711557,0.22103170531471922,0.589505244900497,50,20,20
1,2261,0.00018855316766671438,0.1892744966171085,0.22103155973101823,0.5895053904842051,50,20,20
1,2262,0.00018855316766671474,0.18927449661710816,0.22103146885931044,0.5895054813559134,50,20,20
1,2263,0.00018855316766671487,0.18927449661710827,0.22103465688489152,0.5895022933303323,50,20,20
1,2264,0.00018855316765131313,0.18918040156375338,0.22112875193838913,0.589502293330205,50,20,20
1,2265,0.00018855316765131313,0.18918040153263393,0.22112239916358994,0.5895086461361236,50,20,20
1,2266,0.00018855316765131223,0.18918040153263393,0.22091696987704942,0.5897140754226642,50,20,20
1,2267,0.006449610542211552,0.1889492427768719,0.2148870715524317,0.5897140751284833,50,20,20
1,2268,0.006449610542218769,0.1889492427768766,0.21488837717334408,0.5897127695075589,50,20,20
1,2269,0.0063158073748865685,0.18883934160863178,0.21513399677109463,0.5897108542453857,50,20,20
1,2270,0.00631578287848802,0.1994108848618802,0.2045624790245225,0.589710853235108,50,20,20
1,2271,0.00631578287848802,0.1994108848619707,0.21248428899751065,0.5817890432620294,50,20,20
1,2272,0.00631578287848802,0.19941088486197067,0.21248132209400136,0.5817920101655386,50,20,20
1,2273,0.006315782878488007,0.1994108848619705,0.21248491381507872,0.5817884184444615,50,20,20
1,2274,0.006315782878488146,0.19941088486350964,0.21248888162498114,0.58178445063302,50,20,20
1,2275,0.006262095398175907,0.1994124991903599,0.21254132984118507,0.5817840755702769,50,20,20
1,2276,0.006262095398175908,0.1994124991903661,0.21254141652940056,0.5817839888820552,50,20,20
1,2277,0.0062620953981759086,0.19900971985172414,0.21294419586679378,0.5817839888833037,50,20,20
1,2278,0.0062620953981759086,0.1868141710380462,0.22513974468571754,0.5817839888780579,50,20,20
1,2279,0.006262095398175812,0.18681417103625642,0.22513703964305865,0.5817866939225066,50,20,20
1,2280,0.006262095398168216,0.18681417103625503,0.22513578646055596,0.5817879471050184,50,20,20
1,2281,0.006262095398168216,0.18681417103627712,0.22525693166886784,0.5816668018966843,50,20,20
1,2282,0.006262095398168216,0.18681417103638245,0.23321327882079604,0.5737104547446513,50,20,20
1,2283,0.006262095398168223,0.18681440000545113,0.2257482509082827,0.5811752536880956,50,20,20
1,2284,0.006262095398168223,0.1868144000054511,0.22574470140269437,0.5811788031936839,50,20,20
1,2285,0.006262095398168221,0.18742183845628968,0.22513726295309983,0.5811788031924399,50,20,20
1,2286,0.006262095393585956,0.18759155731181226,0.22496754410218944,0.5811788031924098,50,20,20
1,2287,0.006262095393585956,0.1875915573121802,0.22465802417178682,0.5814883231224447,50,20,20
1,2288,0.006262095393648717,0.18759156104986413,0.2259927921915407,0.5801535513649446,50,20,20
1,2289,0.006262095070962786,0.18770551097281815,0.2258788425934946,0.5801535513627228,50,20,20
1,2290,0.006262094299378648,0.18770447166027168,0.2258797016812894,0.5801537323590586,50,20,20
1,2291,0.006262094344365775,0.18800671060498683,0.22557764180617038,0.5801535532444754,50,20,20
1,2292,0.0062620943443657765,0.18800671060499344,0.2255779471148342,0.5801532479358048,50,20,20
1,2293,0.006262094344145899,0.2074462300486043,0.20613842767068197,0.5801532479365656,50,20,20
1,2294,0.019057974208978142,0.20744623004779747,0.193342572998179,0.5801532227450434,50,20,20
1,2295,0.0190579742089782,0.20726096402493155,0.19352783902105042,0.5801532227450378,50,20,20
1,2296,0.0190579742089782,0.20726096402493158,0.19352792306796224,0.5801531386981261,50,20,20
1,2297,0.0190579742089782,0.20726096402493938,0.19351728546915312,0.5801637762969274,50,20,20
1,2298,0.01905797412847603,0.20727391560062522,0.1935043340309193,0.580163776239978,50,20,20
1,2299,0.01905797412847606,0.20727193890822343,0.19350631072300697,0.5801637762402919,50,20,20
1,2300,0.019057974128476245,0.2072719389068056,0.1997574888665723,0.5739125980981443,50,20,20
1,2301,0.0190579741278276,0.2072703593152739,0.19975906840624502,0.5739125981506521,50,20,20
1,2302,0.0190579741278276,0.20722358102056723,0.19980584670094945,0.5739125981506544,50,20,20
1,2303,0.01905797412782759,0.20722335205148365,0.19932494417747584,0.5743937296432116,50,20,20
1,2304,0.01905797412782759,0.20722335206809142,0.1993301802055985,0.5743884935984811,50,20,20
1,2305,0.019057974127827268,0.2072233520679928,0.19308152538780443,0.5806371484163738,50,20,20
1,2306,0.019057974127827268,0.20722335206798814,0.1930814202526251,0.5806372535515579,50,20,20
1,2307,0.019057974127827268,0.2072233520679882,0.19308120335045223,0.5806374704537306,50,20,20
1,2308,0.01905797412782727,0.20722335209664075,0.1929723220891101,0.5807463516864203,50,20,20
1,2309,0.019057974127827386,0.20673573347146884,0.1934599406478875,0.5807463517528147,50,20,20
1,2310,0.0190579741278276,0.20673573347147353,0.19346409226183642,0.5807422001388609,50,20,20
1,2311,0.01905797412782758,0.2067261597850602,0.19347366594903914,0.5807422001380715,50,20,20
1,2312,0.019057974127827372,0.20672615978505565,0.19347528715440163,0.5807405789327139,50,20,20
1,2313,0.019057974127827372,0.20672615978538708,0.1934802962826383,0.5807355698041458,50,20,20
1,2314,0.019057974127827372,0.20672615978538086,0.19348037138992746,0.5807354946968628,50,20,20
1,2315,0.0190579741278274,0.20672615978538075,0.19347833179509322,0.580737534291697,50,20,20
1,2316,0.019057974127827396,0.20672615978534423,0.1934719480182522,0.5807439180685745,50,20,20
1,2317,0.019057611842309717,0.20670955642880004,0.1934839110895676,0.580748920639321,50,20,20
1,2318,0.019057611842309707,0.2057250586628553,0.19446840885495775,0.5807489206398756,50,20,20
1,2319,0.01905761184230899,0.20592680003580668,0.19426666748225543,0.5807489206396272,50,20,20
1,2320,0.012799554723309356,0.20591857213943413,0.2005329666763128,0.5807489064609408,50,20,20
1,2321,0.012799554723309356,0.205918572139789,0.21004836513685757,0.5712335080000417,50,20,20
1,2322,0.012799554723309356,0.20591857213978718,0.2100385916524472,0.571243281484454,50,20,20
1,2323,0.0127995547233133,0.20591857213964113,0.21374091394585154,0.5675409591911916,50,20,20
1,2324,0.012799554723313287,0.20591857213964113,0.21373570245703713,0.5675461706800063,50,20,20
1,2325,0.012799554723313287,0.2059185721396424,0.21373891267737297,0.5675429604596693,50,20,20
1,2326,0.012796561975608032,0.20591504072067987,0.21374487682091736,0.5675435204827928,50,20,20
1,2327,0.012796561975618459,0.20591504072065053,0.20423663357132915,0.5770517637323999,50,20,20
1,2328,0.012796561975618459,0.20591504072064548,0.20423660926570564,0.5770517880380284,50,20,20
1,2329,0.012796561975618459,0.20591504072064581,0.20424285793618346,0.5770455393675502,50,20,20
1,2330,0.012796561834919937,0.20591317335614828,0.20424472323692502,0.5770455415720039,50,20,20
1,2331,0.012796561834909514,0.2059131733674467,0.20425472972092326,0.5770355350767177,50,20,20
1,2332,0.012796561834909514,0.20591317335083892,0.20425391829314418,0.5770363465211045,50,20,20
1,2333,0.012796561834909485,0.20591317335078863,0.20425372065686898,0.5770365441574302,50,20,20
1,2334,0.012796561834909485,0.2059131733507887,0.20425383430031424,0.5770364305139849,50,20,20
1,2335,0.012796561834909485,0.20691280639244927,0.20325420125920654,0.5770364305134319,50,20,20
1,2336,0.01279656183490949,0.20691280639244927,0.20325407799415252,0.577036553778486,50,20,20
1,2337,0.012796561834909485,0.20691280638082576,0.20349046167740256,0.5768001701068595,50,20,20
1,2338,0.012796561834909482,0.20691280638100104,0.21277323041873342,0.5675174013653534,50,20,20
1,2339,0.012796561837246504,0.20691113825380975,0.21277489029594981,0.567517409612991,50,20,20
1,2340,0.012796561837246591,0.20691113825380789,0.2127643264065361,0.5675279735024068,50,20,20
1,2341,0.012796810469429211,0.20695027285333367,0.2127249432262451,0.5675279734509894,50,20,20
1,2342,0.012796810469429211,0.20695027285345166,0.21273616450623337,0.5675167521708829,50,20,20
1,2343,0.012796810469429187,0.1963949263159828,0.2232915110210522,0.5675167521935323,50,20,20
1,2344,0.012796810469429184,0.19639362023392096,0.22329281710311577,0.5675167521935305,50,20,20
1,2345,0.012796810469429184,0.1963944957675098,0.2232919415697333,0.5675167521933242,50,20,20
1,2346,0.012796810469725863,0.1963944957674834,0.21552158007569563,0.5752871136870915,50,20,20
1,2347,0.01279681046942918,0.1963944957674322,0.21537459587683322,0.5754340978863018,50,20,20
1,2348,0.01279681046954408,0.19639449202781364,0.22391359082724907,0.5668951066753897,50,20,20
1,2349,0.01279681046954408,0.19639449202781364,0.22391348416702922,0.5668952133356095,50,20,20
1,2350,0.012796146194362677,0.19661937939878782,0.22368914977186052,0.5668953246349868,50,20,20
1,2351,0.012796146194362677,0.1966195194962219,0.22368900967442662,0.5668953246349866,50,20,20
1,2352,0.0015222525750304596,0.19661952659916548,0.23496291254831927,0.5668953082774821,50,20,20
1,2353,0.0015222525750304603,0.1966195265991656,0.23496528819516643,0.5668929326306349,50,20,20
1,2354,0.0015222525750304592,0.19661952659916285,0.23471413436705352,0.5671440864587507,50,20,20
1,2355,0.0015222525750304592,0.1966195265990448,0.23470304158723748,0.5671551792386849,50,20,20
1,2356,0.0015222525750304592,0.19661952659904486,0.2347031153978724,0.5671551054280498,50,20,20
1,2357,0.0015222525750304592,0.19661952659905477,0.24485251934907715,0.5570057014768356,50,20,20
1,2358,0.0015222525759361982,0.20191999255387733,0.23955205337461632,0.557005701495568,50,20,20
1,2359,0.0015222525759361982,0.20191999255386434,0.23954756228494045,0.5570101925852571,50,20,20
1,2360,0.001522252575936205,0.20191999255386434,0.23954304433067075,0.5570147105395268,50,20,20
1,2361,0.001522252575936205,0.20191999255251558,0.23955250131645112,0.5570052535550951,50,20,20
1,2362,0.0015448681401609848,0.2016966211445109,0.23975337579770367,0.5570051349176225,50,20,20
1,2363,0.0015448681401609848,0.2016965585551513,0.23975343838705565,0.55700513491763,50,20,20
1,2364,0.0015449774860039956,0.201657387061735,0.2397919943118416,0.5570056411404173,50,20,20
1,2365,0.0015449816585925695,0.20268578382736846,0.23876359234498346,0.5570056421690535,50,20,20
1,2366,0.0015449816576868305,0.19842660003852167,0.2430227761332559,0.5570056421705335,50,20,20
1,2367,0.0015449816576868305,0.19842660003852175,0.24302282884853693,0.5570055894552525,50,20,20
1,2368,0.0015449897919790998,0.2115738153222594,0.22987560730420328,0.5570055875815565,50,20,20
1,2369,0.001544989791979096,0.21157047844860175,0.22987894417753463,0.557005587581883,50,20,20
1,2370,0.001544989791980269,0.22235961413685423,0.21908980850840198,0.5570055875627618,50,20,20
1,2371,0.001544989791980269,0.22235961413685298,0.21908640024451764,0.5570089958266475,50,20,20
1,2372,0.001544989791980269,0.22235961413685296,0.21908678390061934,0.557008612170546,50,20,20
1,2373,0.0015449897919802707,0.22235961413688432,0.2192103218297425,0.5568850742413914,50,20,20
1,2374,0.0015449897919796829,0.22281167008426325,0.21875826588317274,0.5568850742405832,50,20,20
1,2375,0.0015449897919796829,0.22281167008458844,0.2187634436929633,0.5568798964304675,50,20,20
1,2376,0.0015449897919796829,0.2228116700845949,0.21876332916906158,0.5568800109543627,50,20,20
1,2377,0.0015449897919796974,0.2228116700853637,0.21876789197809482,0.5568754481445606,50,20,20
1,2378,0.001544989791975758,0.2228116700851872,0.22059850027337638,0.5550448398494592,50,20,20
1,2379,0.0015449897919759677,0.22280730980195984,0.22060286055659617,0.5550448398494665,50,20,20
1,2380,0.001544989791975881,0.22280730980195979,0.22059890578005242,0.5550487946260103,50,20,20
1,2381,0.0015449897919764097,0.21413248643402472,0.22927372824195327,0.5550487955320447,50,20,20
1,2382,0.001544989792014628,0.2141324866660499,0.22929176972496243,0.555030753816972,50,20,20
1,2383,0.0015449897920146282,0.21413248666909543,0.22930055149162118,0.5550219720472678,50,20,20
1,2384,0.00154498979201463,0.21413248666872042,0.2292952282041654,0.5550272953350988,50,20,20
1,2385,0.0015449897920263918,0.21413326686871956,0.2383403632217511,0.5459813801175022,50,20,20
1,2386,0.0015449897920263918,0.21413326686862924,0.23833017794309427,0.5459915653962494,50,20,20
1,2387,0.0015449897920263918,0.21413326686862916,0.23831864549960913,0.5460030978397346,50,20,20
1,2388,0.0015449897920263918,0.21413326686862888,0.23831239882837932,0.5460093445109646,50,20,20
1,2389,0.0015449897920263918,0.21413326686863104,0.2383124456648032,0.5460092976745387,50,20,20
1,2390,0.001544990249300487,0.2141332668598737,0.23903110328788416,0.5452906396029412,50,20,20
1,2391,0.0015449902493004913,0.21413326685987397,0.23902887545882645,0.5452928674319986,50,20,20
1,2392,0.0015449836607722572,0.2141332391435328,0.23902793330431313,0.5452938438913814,50,20,20
1,2393,0.0015449836607974107,0.20679304647863603,0.24636812596919225,0.545293843891374,50,20,20
1,2394,0.001544983660797411,0.20679304647863603,0.24636812181943554,0.5452938480411307,50,20,20
1,2395,0.0015449836607973964,0.20679304647786723,0.2463634830324637,0.5452984868288713,50,20,20
1,2396,0.0015449836607972828,0.20728071696107167,0.24587581261565003,0.5452984867624804,50,20,20
1,2397,0.001544983303007691,0.20728071698886388,0.2458629089107195,0.5453113907974082,50,20,20
1,2398,0.0029913969047219613,0.2072807122853905,0.24441650017809102,0.5453113906317966,50,20,20
1,2399,0.002991396904706026,0.20728071225507277,0.2435922724121002,0.5461356184281211,50,20,20
1,2400,0.0029914727272183396,0.2072806305715073,0.24359226667561615,0.5461356300256582,50,20,20
1,2401,0.0029914727272183396,0.2072806305715073,0.243592183460213,0.5461357132410614,50,20,20
1,2402,0.002992105180002996,0.20728063058227103,0.2439485416271695,0.5457787226105565,50,20,20
1,2403,0.002992105180002996,0.20728063058227109,0.24395221994153218,0.5457750442961937,50,20,20
1,2404,0.002992105179964778,0.20728063035024594,0.24393864809095384,0.5457886163788352,50,20,20
1,2405,0.0029921051799647524,0.20728063035030694,0.24394560273906762,0.5457816617306599,50,20,20
1,2406,0.002992105179964842,0.20728063035028288,0.24409292709856115,0.5456343373711906,50,20,20
1,2407,0.0029921051799663163,0.20728063035068367,0.24409664477806028,0.5456306196912891,50,20,20
1,2408,0.002992105985808905,0.20973414972809196,0.2423867130101708,0.5448870312759277,50,20,20
1,2409,0.0029921059858089055,0.20712856643004288,0.24499229630822014,0.5448870312759277,50,20,20
1,2410,0.002992297839124735,0.20712856727548165,0.24498982467601757,0.5448893102093758,50,20,20
1,2411,0.002992297839124735,0.2071309726357618,0.24498741931573734,0.5448893102093758,50,20,20
1,2412,0.0029922978391247355,0.2071309726357435,0.2451411423491839,0.5447355871759477,50,20,20
1,2413,0.002992297839125095,0.20713097263558125,0.23585463217536234,0.554022097349931,50,20,20
1,2414,0.002992297839125727,0.20708577539886927,0.23589982941357895,0.5540220973484259,50,20,20
1,2415,0.002992297839125727,0.20708577539886933,0.23589985613815537,0.5540220706238496,50,20,20
1,2416,0.002992297839125722,0.20708577539886933,0.23591799536750446,0.5540039313945004,50,20,20
1,2417,0.00299229783912572,0.20708577539886933,0.2359179770731656,0.5540039496888393,50,20,20
1,2418,0.0029922978391253613,0.2070857753988561,0.23591589701469814,0.5540060297473204,50,20,20
1,2419,0.0029701046406552366,0.207084279033647,0.23593958818202804,0.5540060281436701,50,20,20
1,2420,0.0029701046406750693,0.207344812522638,0.23567905469301556,0.5540060281436717,50,20,20
1,2421,0.0029701046406750693,0.2073448129025996,0.235455719640162,0.554229362816564,50,20,20
1,2422,0.002970028818128903,0.20734756676554122,0.23545305537210331,0.5542293490442265,50,20,20
1,2423,0.0029700288181289053,0.20734756676554122,0.2354530530792409,0.554229351337089,50,20,20
1,2424,0.0029700288181289053,0.2073475667655419,0.2354593985805909,0.5542230058357384,50,20,20
1,2425,0.0029700288181288962,0.20734756676559848,0.23596214739448687,0.5537202570217858,50,20,20
1,2426,0.0029700288181288962,0.20734984024357497,0.23595987391650972,0.5537202570217863,50,20,20
1,2427,0.0029700288181288962,0.2073498402435767,0.23595995410566725,0.5537201768326271,50,20,20
1,2428,0.0029700288182539303,0.20734984024391395,0.2359645624670075,0.5537155684708247,50,20,20
1,2429,0.0029700288182537204,0.20735345446052544,0.2359609482504035,0.5537155684708173,50,20,20
1,2430,0.0029700288182537495,0.19880374811782897,0.24451065459309987,0.5537155684708174,50,20,20
1,2431,0.0029700288182537495,0.19880374811750445,0.24450557252843383,0.5537206505358078,50,20,20
1,2432,0.0029700288182321153,0.19897309492969384,0.24433622571528046,0.5537206505367934,50,20,20
1,2433,0.0029700288182321153,0.19896958497775125,0.24433973566721526,0.5537206505368012,50,20,20
1,2434,0.0029700288182306417,0.19896958497735048,0.24433601837990282,0.553724367824516,50,20,20
1,2435,0.0029700287846371105,0.19896722772475597,0.2443433814354824,0.5537193620551246,50,20,20
1,2436,0.002970028784637055,0.1991499559533015,0.24416065320693658,0.5537193620551248,50,20,20
1,2437,1.6398698758542417e-06,0.19915133421580367,0.24710712687383377,0.553739899040487,50,20,20
1,2438,1.6398698758528688e-06,0.199152531819131,0.24710592693994382,0.5537399013710497,50,20,20
1,2439,1.63986975081893e-06,0.19915253181879566,0.2471051065125139,0.5537407217989399,50,20,20
1,2440,1.632233341606685e-06,0.185725891607775,0.26053029046478726,0.5537421856940965,50,20,20
1,2441,1.6322333416065793e-06,0.18572589160777433,0.26052400700751815,0.5537484691513663,50,20,20
1,2442,1.6322333416158924e-06,0.18585315639702632,0.26038596662558366,0.5537592447440487,50,20,20
1,2443,1.632233341615893e-06,0.18585315639702632,0.2603860379435148,0.5537591734261177,50,20,20
1,2444,1.6317758899254452e-06,0.185853156411108,0.2502237323572843,0.5639214794557182,50,20,20
1,2445,1.6317758899255178e-06,0.18585315641110803,0.25022675964972807,0.5639184521632743,50,20,20
1,2446,1.6317758899254126e-06,0.18585315641110056,0.250221045009163,0.5639241668038469,50,20,20
1,2447,1.6317758899254137e-06,0.18585315641110056,0.2502210455933132,0.5639241662196968,50,20,20
1,2448,1.631775890553643e-06,0.18585315641110164,0.2533703149607557,0.5607748968522535,50,20,20
1,2449,1.6317758905537298e-06,0.18585315641109748,0.25337008482286927,0.5607751269901441,50,20,20
1,2450,1.6317758905545537e-06,0.18585315641117092,0.2538134556115343,0.5603317562014055,50,20,20
1,2451,1.6317758905632341e-06,0.17678546915443694,0.26288114286895653,0.5603317562007173,50,20,20
1,2452,1.2008595749160804e-06,0.17690519678361924,0.2627618450696193,0.5603317572871874,50,20,20
1,2453,1.2008595742878452e-06,0.17690519678371497,0.25962199666185104,0.5634716056948608,50,20,20
1,2454,1.2008595742868478e-06,0.17690519678364158,0.2591786257518614,0.563914976604924,50,20,20
1,2455,1.260103022284632e-06,0.1767855775856486,0.25929818671084415,0.5639149756004862,50,20,20
1,2456,1.260103022284631e-06,0.17678505673363795,0.259298707562858,0.563914975600483,50,20,20
1,2457,1.2601030223548975e-06,0.17669581551849206,0.25938794877800736,0.5639149756004792,50,20,20
1,2458,1.2601030222844326e-06,0.17678853908064357,0.2592952252158601,0.5639149756004751,50,20,20
1,2459,1.2601030222841929e-06,0.17678853907759795,0.25928623014704827,0.5639239706723326,50,20,20
1,2460,1.2601030236224257e-06,0.17678853907754358,0.2587858273960523,0.5644243734233815,50,20,20
1,2461,1.2601030236225174e-06,0.17678853907754188,0.25878866000014367,0.5644215408192917,50,20,20
1,2462,2.7456019269389e-05,0.17781695525909172,0.2577545115728555,0.5644010771487841,50,20,20
1,2463,2.7456019269389638e-05,0.17781695525909175,0.2577499219462409,0.5644056667753987,50,20,20
1,2464,2.7456019269389557e-05,0.17781695525931682,0.2577636872664601,0.5643919014549545,50,20,20
1,2465,2.770635496818777e-05,0.17779410920242067,0.257787305876545,0.5643908785660671,50,20,20
1,2466,2.7706354968170213e-05,0.18891881738646102,0.246662597692474,0.5643908785660967,50,20,20
1,2467,2.770635496817022e-05,0.18891765570793273,0.24666375937100235,0.5643908785660967,50,20,20
1,2468,2.7706354968173855e-05,0.188917655762331,0.24667506735087016,0.5643795705318309,50,20,20
1,2469,2.7348414371658093e-05,0.18891765913075098,0.24667592802612023,0.564379064428758,50,20,20
1,2470,2.6716122668860926e-05,0.18891765912664732,0.24653865824189775,0.564516966508786,50,20,20
1,2471,2.671612266885729e-05,0.18891765907225044,0.246535404509052,0.5645202202960286,50,20,20
1,2472,2.6716122668765705e-05,0.1889176590722431,0.24626454493918393,0.5647910798659039,50,20,20
1,2473,3.696722723344913e-05,0.18878644320744364,0.24639628653422277,0.5647803030310995,50,20,20
1,2474,3.696722461327809e-05,0.1887770744795406,0.24639546691973727,0.5647904913761088,50,20,20
1,2475,3.696722461326679e-05,0.18880829935365157,0.24636424204565632,0.5647904913760788,50,20,20
1,2476,3.696722461470054e-05,0.18851655033780745,0.24665599106181638,0.5647904913757613,50,20,20
1,2477,3.696722461470047e-05,0.18851655033803827,0.24665675146142693,0.56478973097592,50,20,20
1,2478,3.6967224614703316e-05,0.18851438312402508,0.24665891867544004,0.5647897309759202,50,20,20
1,2479,3.6967224614703295e-05,0.1885143831240255,0.24665897540409848,0.5647896742472611,50,20,20
1,2480,3.69672246147036e-05,0.1885143831238005,0.24664523708074193,0.5648034125708424,50,20,20
1,2481,3.696722458997829e-05,0.1958199615889139,0.23933965861565062,0.5648034125708452,50,20,20
1,2482,2.859925031641883e-05,0.1958199766566141,0.2393479544278027,0.5648034696652664,50,20,20
1,2483,2.859925031641883e-05,0.1958199766566141,0.23934795262671874,0.5648034714663503,50,20,20
1,2484,2.854247884082107e-05,0.195878434055008,0.23928955031002985,0.5648034731561208,50,20,20
1,2485,2.8542478840821017e-05,0.19587843405500796,0.23928653183036083,0.5648064916357899,50,20,20
1,2486,2.854247889600365e-05,0.19587843409627395,0.23375563544997796,0.5703373879748516,50,20,20
1,2487,2.854247889600359e-05,0.1958784340962739,0.23375195618401404,0.5703410672408157,50,20,20
1,2488,2.854247889600355e-05,0.1958784337156693,0.23373064424092924,0.5703623795645052,50,20,20
1,2489,2.335701473187105e-06,0.1948642949337945,0.23476324826568742,0.570370121099045,50,20,20
1,2490,2.3357014731871503e-06,0.19486429493379312,0.2347553299447689,0.5703780394199649,50,20,20
1,2491,2.335701473187199e-06,0.19486429493400156,0.23497690674835905,0.5701564626161663,50,20,20
1,2492,2.084822897203579e-06,0.19486429558004303,0.23496771132163058,0.5701659082754291,50,20,20
1,2493,2.103405393480485e-06,0.19486466494613514,0.23496697190239751,0.5701662597460735,50,20,20
1,2494,2.1034053934801847e-06,0.19486466494613508,0.23496698623571743,0.5701662454127537,50,20,20
1,2495,2.0847855089761986e-06,0.1952632780282708,0.23456874336491831,0.5701658938213018,50,20,20
1,2496,2.0847855089824497e-06,0.1952632780282707,0.23456870129813112,0.5701659358880891,50,20,20
1,2497,2.084785508982323e-06,0.19526327802827026,0.23431525523612554,0.5704193819500951,50,20,20
1,2498,2.0847855090706144e-06,0.19506322311856406,0.23451531014583163,0.5704193819500952,50,20,20
1,2499,2.0847855090744756e-06,0.19506322311833127,0.2345143330718112,0.5704203590243485,50,20,20
1,2500,2.0847855089862495e-06,0.18782587733013123,0.2417516788600077,0.5704203590243521,50,20,20
1,2501,2.0847855089868424e-06,0.1878258773301329,0.24175174149204665,0.5704202963923115,50,20,20
1,2502,2.0847855089839968e-06,0.18782853007448433,0.24174908874769344,0.5704202963923133,50,20,20
1,2503,2.084785508983997e-06,0.18782853007448927,0.24174910936384872,0.5704202757761531,50,20,20
1,2504,2.084785507645756e-06,0.18782853007448724,0.24175280707739102,0.570416578062614,50,20,20
1,2505,2.0847855079057827e-06,0.1878285304285541,0.2321246314316106,0.580044753354327,50,20,20
1,2506,2.0847855079445035e-06,0.19069915880436336,0.2292540030558908,0.5800447533542374,50,20,20
1,2507,2.084785507938249e-06,0.19069915880436333,0.2292539551444487,0.5800448012656796,50,20,20
1,2508,2.084785507933464e-06,0.1906991587756929,0.22923073750415895,0.5800680189346399,50,20,20
1,2509,2.084649847091425e-06,0.19069915877111132,0.2298168567309029,0.5794818998481384,50,20,20
1,2510,2.0846498470914304e-06,0.19069915877111104,0.2298110333303853,0.5794877232486563,50,20,20
1,2511,2.084649847091639e-06,0.19069915877111432,0.2298147440816279,0.5794840124974104,50,20,20
1,2512,2.0846506933273764e-06,0.1964533080692927,0.22406059478237153,0.5794840124976421,50,20,20
1,2513,2.08465071009229e-06,0.1964533080692976,0.22406407596959887,0.579480531310393,50,20,20
1,2514,2.0846507100924425e-06,0.19645330806930006,0.22404600770955738,0.579498599570432,50,20,20
1,2515,2.084650710105468e-06,0.1964533080693001,0.22405496229877367,0.5794896449812158,50,20,20
1,2516,0.00044055593618299373,0.19645330677440856,0.22362029719560322,0.5794858400938058,50,20,20
1,2517,0.00044055593618299373,0.19645330677440856,0.22362001179082147,0.5794861254985876,50,20,20
1,2518,0.0004405559361834688,0.19645330677440828,0.22362497461099676,0.5794811626784121,50,20,20
1,2519,0.00044406751095666373,0.19639502478042492,0.22367955331366438,0.5794813543949546,50,20,20
1,2520,0.00044406751095665066,0.19639502478042492,0.22367046206882474,0.5794904456397942,50,20,20
1,2521,0.0004440675109566506,0.19639502478042462,0.22367040961074888,0.5794904980978703,50,20,20
1,2522,0.000444067510110396,0.19680291551564838,0.22326251887662044,0.5794904980976212,50,20,20
1,2523,0.0004440675100999305,0.19696883556071795,0.22310648296221605,0.5794806139669665,50,20,20
1,2524,0.00044406333752368887,0.20348319498781436,0.21659212875899056,0.5794806129156713,50,20,20
1,2525,0.0004440633384350053,0.20860762716324877,0.21146769747127409,0.5794806120270422,50,20,20
1,2526,0.0004440633384365896,0.20855481647800228,0.21152050466688693,0.579480615516674,50,20,20
1,2527,0.0004440633384365896,0.20853630583666594,0.21153901530821287,0.5794806155166844,50,20,20
1,2528,0.0004440633384351542,0.2088316755111336,0.21124364563375628,0.5794806155166747,50,20,20
1,2529,0.00044406333726650186,0.20883391358871883,0.21125160411399388,0.5794704189600206,50,20,20
1,2530,0.00044406333726650213,0.20882830710952693,0.21125721059318578,0.5794704189600206,50,20,20
1,2531,0.00044406333726650224,0.20882830711049633,0.2112622789315192,0.5794653506207177,50,20,20
1,2532,0.00044406333726650186,0.2088283071107307,0.21110561213297893,0.5796220174190234,50,20,20
1,2533,0.00044406333726668314,0.20882830711072728,0.2111090525688472,0.5796185769831582,50,20,20
1,2534,0.0004440633372670918,0.20882830711093586,0.21111295649770462,0.5796146730540918,50,20,20
1,2535,0.00044406333635524614,0.2124219529496654,0.20751931067692214,0.5796146730370565,50,20,20
1,2536,0.00044406333635524224,0.21242195294987964,0.20752931250069528,0.579604671213069,50,20,20
1,2537,0.0004440633363384796,0.21242195295102634,0.20752779697969714,0.5796061867329373,50,20,20
1,2538,0.00044406333628329393,0.21242195290974233,0.2075206634419259,0.5796133203120477,50,20,20
1,2539,0.00044406333628329344,0.2124219529097426,0.20752607097797326,0.5796079127760003,50,20,20
1,2540,0.00044406333624691786,0.2120804841877594,0.20785456402373995,0.5796208884522531,50,20,20
1,2541,0.00044406333624691786,0.21208048418748238,0.20784940912294958,0.5796260433533205,50,20,20
1,2542,0.00044406333624691797,0.2120804841874923,0.2078493687985479,0.5796260836777124,50,20,20
1,2543,0.0004440633362424706,0.2120229670999161,0.20789869327197233,0.5796342762918685,50,20,20
1,2544,0.0004440633362424706,0.212024225329357,0.20789743504253322,0.5796342762918667,50,20,20
1,2545,0.00044406333624247047,0.2120242253293566,0.20789201657744777,0.5796396947569527,50,20,20
1,2546,0.0004440633362425034,0.21163084830800447,0.20828539359899245,0.5796396947567601,50,20,20
1,2547,0.0004440633362425047,0.2116308483080043,0.20828539208943264,0.57963969626632,50,20,20
1,2548,0.0004440633362430207,0.2116308483080047,0.20829099642373497,0.5796340919320169,50,20,20
1,2549,0.00044406333624302054,0.21163084830800302,0.20829524577374045,0.5796298425820132,50,20,20
1,2550,0.00044406327094240086,0.2116160588745115,0.20830696094020784,0.5796329169143379,50,20,20
1,2551,0.00044406327096830413,0.21871780533869273,0.20120521447599785,0.5796329169143406,50,20,20
1,2552,0.00044406327095590286,0.22171137316123893,0.19821164665346436,0.5796329169143403,50,20,20
1,2553,0.0004440632709671666,0.22171137316026962,0.19838754088817975,0.5794570226805829,50,20,20
1,2554,0.00044059938602295456,0.2217110689647903,0.19839150241797024,0.5794568292312159,50,20,20
1,2555,0.00044059938602299424,0.2217275651626106,0.19837500622008597,0.5794568292312798,50,20,20
1,2556,0.0004405993860225194,0.22172756516261033,0.19837001425842937,0.5794618211929372,50,20,20
1,2557,0.0004405993860225195,0.2217275651626127,0.19837853185857568,0.5794533035927886,50,20,20
1,2558,0.0004406384514235031,0.22172598633460988,0.198372398309869,0.5794609769040966,50,20,20
1,2559,0.00044063845308562466,0.22164891592180505,0.19844947120502443,0.5794609744200839,50,20,20
1,2560,0.00044063845308562466,0.22164891592180372,0.19845049102190904,0.5794599546032007,50,20,20
1,2561,0.00044063844761201167,0.22164907059237074,0.19844380368120373,0.5794664872788127,50,20,20
1,2562,0.0004406384476121452,0.22164907059235797,0.19844484445212193,0.5794654465079071,50,20,20
1,2563,0.0004406384476121452,0.2216490705923621,0.19845805986228826,0.5794522310977367,50,20,20
1,2564,0.0004406384476120799,0.22208412860783022,0.1980230018468157,0.5794522310977411,50,20,20
1,2565,0.00044063844761208,0.2220841286133642,0.19855824413206238,0.5789169888069605,50,20,20
1,2566,0.00044063844761208,0.22208412861336413,0.19855840952632522,0.5789168234126978,50,20,20
1,2567,0.00044063844761208,0.22208412861335994,0.19855828725584726,0.5789169456831801,50,20,20
1,2568,0.00044063844761220704,0.22208412861305443,0.19833326941208443,0.5791419635272486,50,20,20
1,2569,0.0004406384476481729,0.22208412991983958,0.18600277775967597,0.5914724538728351,50,20,20
1,2570,0.0004406384476559352,0.2220841299198389,0.18599059341686763,0.5914846382156365,50,20,20
1,2571,0.0004406384476332619,0.20296332917673157,0.2048832519122541,0.5917127804633806,50,20,20
1,2572,0.0004406384476332699,0.20296332917770393,0.20498203929011422,0.5916139930845481,50,20,20
1,2573,2.42009653973542e-06,0.20307236471470816,0.20531119562344965,0.5916140195653018,50,20,20
1,2574,2.420096503697504e-06,0.20307236329167824,0.1976629718280005,0.5992622447838172,50,20,20
1,2575,2.4200965036974567e-06,0.20307236329167824,0.1976677824586305,0.599257434153187,50,20,20
1,2576,2.420096503701957e-06,0.20307236329168432,0.1977354679798532,0.5991897486319582,50,20,20
1,2577,2.420290812836525e-06,0.20307256132066218,0.19773545044531457,0.5991895679432093,50,20,20
1,2578,2.4202908130412594e-06,0.20307256132092097,0.1977972890731619,0.5991277293151027,50,20,20
1,2579,2.4202908126325355e-06,0.2030725613207124,0.1977934741979695,0.5991315441905043,50,20,20
1,2580,2.4202908126341995e-06,0.20307256131965257,0.1978019749872419,0.5991230434022917,50,20,20
1,2581,2.4202908126339902e-06,0.2030725613196493,0.19779821137644965,0.5991268070130872,50,20,20
1,2582,2.4202908013701415e-06,0.20307256131964924,0.19762410769956942,0.5993009106899789,50,20,20
1,2583,2.4202908013662138e-06,0.20307256131955845,0.19761673300956908,0.5993082853800701,50,20,20
1,2584,2.4202907997819534e-06,0.20312540251370184,0.1975638953050605,0.5993082818904367,50,20,20
1,2585,2.4202907997788927e-06,0.2031254025127299,0.1974668436504121,0.5994053335460571,50,20,20
1,2586,0.0003159634129638034,0.2025826418491456,0.19792388164418387,0.5991775130937054,50,20,20
1,2587,0.0003159634129632892,0.20258264184914532,0.19792286740123013,0.5991785273366601,50,20,20
1,2588,0.0003159634129630844,0.20258264184888194,0.19883442317899455,0.5982669715591592,50,20,20
1,2589,0.0003159634129632543,0.20258264184888097,0.1988314444524342,0.5982699502857203,50,20,20
1,2590,0.0003159663305243231,0.20258264187614827,0.19906141256342041,0.5980399792299056,50,20,20
1,2591,0.0003159663305243288,0.2025826418762262,0.19906159718743377,0.5980397946058142,50,20,20
1,2592,0.0003159663305243243,0.2025826418762225,0.1989941175692386,0.5981072742240131,50,20,20
1,2593,0.0003159663305644473,0.2023593757190426,0.1992173837263731,0.5981072742240183,50,20,20
1,2594,0.0003159663307090029,0.20235937571936483,0.19922072552106884,0.598103932428856,50,20,20
1,2595,0.00031596633070886935,0.20235937571936483,0.19921957194449416,0.5981050860054308,50,20,20
1,2596,0.0003159663305643137,0.20235937571904267,0.19921615815445087,0.5981084997959408,50,20,20
1,2597,0.0003159663305643133,0.20235937571913495,0.21326775797745212,0.5840568999728472,50,20,20
1,2598,0.0003159663305643131,0.20235937571913495,0.21326782270906391,0.5840568352412354,50,20,20
1,2599,0.0003159663305643131,0.20235937571913495,0.21326769649102334,0.584056961459276,50,20,20
1,2600,0.0003159663305643412,0.20235090009192713,0.21327617211823152,0.5840569614592754,50,20,20
1,2601,0.00031596633071289353,0.20235091120714596,0.21805645366994916,0.5792766687921905,50,20,20
1,2602,0.0003159670757933384,0.20235090009463644,0.21919618648635195,0.578136946343217,50,20,20
1,2603,0.00031596707579351,0.2023509105042272,0.22598124649898954,0.5713518759209885,50,20,20
1,2604,0.00031596707579350874,0.2023509105126607,0.22599253311587128,0.5713405892956733,50,20,20
1,2605,0.0003159670757935085,0.20235091051266113,0.22599859880363243,0.5713345236079117,50,20,20
1,2606,0.0003159670757935028,0.2023509105125832,0.2259982712822892,0.5713348511293329,50,20,20
1,2607,0.0003159670757935015,0.20235091051258336,0.22599708949696456,0.5713360329146573,50,20,20
1,2608,0.00031619542128217464,0.20235091053248305,0.22601781607146432,0.5713150779747692,50,20,20
1,2609,0.0003161954205747429,0.20234988786159883,0.22602461865204743,0.5713092980657778,50,20,20
1,2610,0.00031619542057530523,0.2018243519630976,0.22655015454924388,0.5713092980670821,50,20,20
1,2611,0.0003161954205752656,0.2018262785414638,0.22654822797095206,0.5713092980670078,50,20,20
1,2612,0.00031619542057526555,0.20182680248041998,0.22654770403199614,0.5713092980670076,50,20,20
1,2613,0.00031619542057526495,0.20182680248041968,0.2265444500244841,0.5713125520745198,50,20,20
1,2614,0.000316195420541941,0.20193541416929336,0.226435838319689,0.5713125520904747,50,20,20
1,2615,0.000316195420541941,0.20193492208710748,0.2264363304018744,0.571312552090475,50,20,20
1,2616,0.0003161954205419409,0.20193492208710764,0.2264336391574835,0.5713152433348657,50,20,20
1,2617,0.0003161954205420617,0.20208706772863405,0.2262931355652788,0.5713036012855439,50,20,20
1,2618,0.000316195226207101,0.20208886574877463,0.22629133774339102,0.5713036012816259,50,20,20
1,2619,0.000316195226207101,0.2020888657487746,0.22629118563143413,0.5713037533935829,50,20,20
1,2620,0.00031619522619947936,0.20208886584891533,0.2266434476335855,0.5709514912912982,50,20,20
1,2621,0.0003161952276296896,0.20261045051797272,0.22365787668686213,0.5734154775675342,50,20,20
1,2622,2.652105514254826e-06,0.20266706429988082,0.22391232181686987,0.5734179617777336,50,20,20
1,2623,2.652105514254826e-06,0.20266706429988082,0.2239125972679648,0.5734176863266388,50,20,20
1,2624,2.6521055142548107e-06,0.20266706429988116,0.22392096305042627,0.5734093205441769,50,20,20
1,2625,2.6521055140849073e-06,0.20266706429988116,0.22392089067770232,0.573409392916901,50,20,20
1,2626,2.6521055140857255e-06,0.20266655460261254,0.22392140037471486,0.5734093929171569,50,20,20
1,2627,2.652105723658864e-06,0.20266567992641796,0.2239222750254695,0.5734093929423874,50,20,20
1,2628,0.0030347296545180486,0.20199194898543488,0.22402791464054383,0.5709454067195017,50,20,20
1,2629,0.003035215445695092,0.20271354457050442,0.2232971544620575,0.5709540855217412,50,20,20
1,2630,0.0030352154456949514,0.20271354447036027,0.2229440129625132,0.5713072271214298,50,20,20
1,2631,0.00303521544564314,0.20270504951206647,0.2229553139264571,0.5713044211158316,50,20,20
1,2632,0.003035215445643342,0.20068285461574167,0.2249775088227812,0.5713044211158321,50,20,20
1,2633,0.003035216372730557,0.20059447690439175,0.22467865229117995,0.571691654431696,50,20,20
1,2634,0.0030352163727303573,0.20261408040721154,0.22265904878835582,0.5716916544317006,50,20,20
1,2635,0.0030347734038329594,0.20262548055903032,0.22264806503655796,0.5716916810005769,50,20,20
1,2636,0.003034773403832959,0.20262624909649724,0.2226472964990955,0.5716916810005724,50,20,20
1,2637,0.0030347734038329603,0.20262624909835592,0.22265502323998207,0.5716839542578271,50,20,20
1,2638,0.00303477275694712,0.20262577653414174,0.2090923942782358,0.5852470564306734,50,20,20
1,2639,0.0030347727569471424,0.20262577653414193,0.20909246719007676,0.5852469835188322,50,20,20
1,2640,0.0030347727569472395,0.2026257765341407,0.20920597456708506,0.5851334761418252,50,20,20
1,2641,0.0030347727569472395,0.2026257765341415,0.20919764476719688,0.5851418059417126,50,20,20
1,2642,0.003034772756947244,0.20262577653424493,0.20938295849936706,0.584956492209439,50,20,20
1,2643,0.0030347727569471506,0.20262577653424452,0.20942328019764372,0.5849161705111628,50,20,20
1,2644,0.0030347727569471285,0.20262577653424865,0.20943732131280857,0.5849021293959938,50,20,20
1,2645,0.0030347727569470947,0.20262577655466685,0.20970022975780478,0.5846392209305795,50,20,20
1,2646,0.0030347728986040413,0.20263540131696062,0.20055933784834779,0.5937704879360858,50,20,20
1,2647,0.0030347728986040413,0.20263873454807985,0.20055600461722853,0.5937704879360858,50,20,20
1,2648,0.003034772898604043,0.20263873454809234,0.20594534364039785,0.588381148912904,50,20,20
1,2649,0.003034772898604043,0.20263873454809248,0.20594557619623477,0.588380916357067,50,20,20
1,2650,0.0030347728986040144,0.2012318113334323,0.20735249940992284,0.5883809163580391,50,20,20
1,2651,0.0030347728986040144,0.20123211073054809,0.2073522000128028,0.5883809163580433,50,20,20
1,2652,0.0030347728986040144,0.20123211073062733,0.20754752735471757,0.5881855890160493,50,20,20
1,2653,0.0030347728986040144,0.2012321107306272,0.20754727569881884,0.5881858406719482,50,20,20
1,2654,0.003034772898604014,0.2012321107306256,0.20754725784278738,0.5881858585279813,50,20,20
1,2655,0.003034772899553926,0.20123211073468242,0.22214251475009839,0.5735906016156634,50,20,20
1,2656,0.003034772617690432,0.20123211073188985,0.216095083375354,0.5796380332750641,50,20,20
1,2657,0.0030347726176832056,0.19898183433432226,0.21834535978888828,0.5796380332591043,50,20,20
1,2658,0.0030347726176832056,0.19898183433432223,0.2183453566458986,0.5796380364020939,50,20,20
1,2659,0.0030347726176832056,0.19898183433432223,0.21834520221869685,0.5796381908292958,50,20,20
1,2660,0.0030347726167333187,0.1989818343324467,0.21834042486319913,0.5796429681876188,50,20,20
1,2661,0.0030347726167331375,0.19898183433244365,0.21833671120276715,0.5796466818480541,50,20,20
1,2662,0.0030347696991720697,0.19898183430566413,0.2181083065022352,0.5798750894929268,50,20,20
1,2663,0.0030347696991723655,0.19898183430566416,0.21827752097202352,0.5797058750231381,50,20,20
1,2664,0.0030347696991723655,0.19898155659458464,0.2182777986831073,0.579705875023134,50,20,20
1,2665,0.0030347696991727536,0.19861152524085532,0.21864783003565166,0.5797058750243185,50,20,20
1,2666,0.003034769699172749,0.19861152524075146,0.21845659530630412,0.57989710975377,50,20,20
1,2667,0.003034769699172758,0.1986271645743251,0.21844095597144655,0.579897109755054,50,20,20
1,2668,0.0030347696991727575,0.1986271645743251,0.2184439137921823,0.5798941519343184,50,20,20
1,2669,0.003034813847486085,0.19862716458758414,0.2184757967042175,0.5798622248607114,50,20,20
1,2670,0.003034813847486199,0.19862716458792684,0.21856473702414309,0.579773284540443,50,20,20
1,2671,0.003034813847486199,0.19862716456852111,0.2182605294449702,0.5800774921390216,50,20,20
1,2672,0.003034813847486199,0.19862716457403998,0.2182664107837132,0.5800716107947596,50,20,20
1,2673,0.0030348138475360512,0.19862716457455304,0.21827027068731353,0.5800677508905967,50,20,20
1,2674,0.0030347748821066612,0.20303781532805887,0.21369888672510462,0.5802285230647293,50,20,20
1,2675,0.0030347748821066773,0.20303781532827325,0.21395068980437934,0.5799767199852401,50,20,20
1,2676,0.0030399278431004263,0.20231622131461727,0.21465862500993174,0.5799852258323493,50,20,20
1,2677,0.003039927843100432,0.2023162213146369,0.21465872906942823,0.5799851217728329,50,20,20
1,2678,0.0030399278430505794,0.20231622131412463,0.2146547082589052,0.5799891425839181,50,20,20
1,2679,0.0030399278430506154,0.20231622131413068,0.21474355677116194,0.5799002940716553,50,20,20
1,2680,0.003039927705267856,0.20239788072707693,0.2235501616078268,0.5710120299598274,50,20,20
1,2681,0.003039927705267847,0.20240351885050092,0.2235445234856868,0.5710120299585434,50,20,20
1,2682,0.0030399277054169943,0.2024035188508185,0.2235457213800582,0.5710108320637053,50,20,20
1,2683,0.0030399277054169943,0.20240351885081417,0.2235316060804494,0.5710249473633184,50,20,20
1,2684,0.003040395070825189,0.20435518479449566,0.2216405558808208,0.5709638642538575,50,20,20
1,2685,0.003040395070825189,0.20435518479449566,0.22163362291697233,0.5709707972177058,50,20,20
1,2686,0.003040395070825189,0.20428736069539408,0.2217014470160036,0.5709707972177761,50,20,20
1,2687,0.003040395070825189,0.20428736069539685,0.22171081485197888,0.5709614293817981,50,20,20
1,2688,0.0030403950708251908,0.20428736069520617,0.22169971905441116,0.5709725251795564,50,20,20
1,2689,0.0030403950708250936,0.20428736069527914,0.2215863290501661,0.5710859151837286,50,20,20
1,2690,0.0030403950708250936,0.20428736069520625,0.2215765920106737,0.571095652223294,50,20,20
1,2691,0.0030403950708247063,0.20465736332684636,0.22120658938021878,0.5710956522221091,50,20,20
1,2692,0.0030403950708247063,0.2046573633268474,0.22121444135706841,0.5710878002452585,50,20,20
1,2693,0.0030403950708247063,0.20465736423167946,0.2210476615061124,0.5712545791913824,50,20,20
1,2694,0.003040395070824735,0.20465736423171685,0.2211996089393864,0.5711026317580712,50,20,20
1,2695,0.003040531446001009,0.20456494152825155,0.2215344030678278,0.5708601239579189,50,20,20
1,2696,0.003040531446001009,0.20456494152843846,0.2215383177415286,0.5708562092840311,50,20,20
1,2697,0.0030405314460010165,0.20456494153736088,0.23062540062100606,0.5617691263956309,50,20,20
1,2698,0.0030405314460010165,0.20456494153736088,0.230625497051507,0.56176902996513,50,20,20
1,2699,0.0030405314460010165,0.20456494153782614,0.24062904445372993,0.5517654825624418,50,20,20
1,2700,0.0030405314460010165,0.20456494153782617,0.2406290960486519,0.5517654309675195,50,20,20
1,2701,0.003040531446000999,0.20456494153711902,0.24037565634026214,0.5520188706766166,50,20,20
1,2702,0.0030405314460009995,0.2069152827925237,0.2380253150736795,0.5520188706877945,50,20,20
1,2703,0.003040531446001007,0.20673062338041603,0.23820997448539372,0.5520188706881881,50,20,20
1,2704,0.003040531446000979,0.20673062338058468,0.23805829692709404,0.5521705482463191,50,20,20
1,2705,0.02275700889202351,0.2067306088375641,0.2183418922585151,0.5521704900118963,50,20,20
1,2706,0.022761586262407766,0.20664934318980172,0.21841864405001687,0.552170426497773,50,20,20
1,2707,0.02276158626240784,0.20664934318980172,0.21841876817131298,0.5521703023764768,50,20,20
1,2708,0.022761876051515407,0.20664933326786192,0.2151013655726372,0.5554874251079849,50,20,20
1,2709,0.02276187605154003,0.2066493328999184,0.21499981054471928,0.5555889805038219,50,20,20
1,2710,0.02276187605154003,0.20664933289991846,0.21499981650993633,0.5555889745386048,50,20,20
1,2711,0.022761876051540123,0.20663913281028087,0.2150100166001588,0.5555889745380198,50,20,20
1,2712,0.022761876051540123,0.20663913280926938,0.2150050268036473,0.5555939643355429,50,20,20
1,2713,0.004386015098856148,0.20669388975216405,0.2333171722947892,0.5556029228541899,50,20,20
1,2714,0.004386015098856153,0.20669388974664515,0.23330648170929344,0.5556136134452045,50,20,20
1,2715,0.004381434336876352,0.20690066959020306,0.23309934540517527,0.5556185506677445,50,20,20
1,2716,0.004381434351100633,0.20690066961118128,0.2314949347010159,0.5572229613367015,50,20,20
1,2717,0.004381434351100633,0.20690066961118045,0.23149505087711766,0.5572228451606005,50,20,20
1,2718,0.004381434351100633,0.20690066961118567,0.23150288766475652,0.5572150083729565,50,20,20
1,2719,0.004381434351100634,0.20690066961118625,0.23150764918053965,0.5572102468571729,50,20,20
1,2720,0.0043811445619928915,0.2069006691235349,0.22803808831635142,0.5606800979981204,50,20,20
1,2721,0.0043811445619928915,0.206900669118001,0.22750294353902226,0.5612152427809832,50,20,20
1,2722,0.0043811445619928915,0.20690066911800095,0.22750293650343317,0.5612152498165724,50,20,20
1,2723,0.0043811445619928915,0.20690066911800084,0.22750301649654736,0.5612151698234583,50,20,20
1,2724,0.0043811445619928915,0.20690066911800084,0.22750508363223232,0.5612131026877734,50,20,20
1,2725,0.0043811003882612415,0.20690066910270402,0.20776727609826998,0.5809509544107643,50,20,20
1,2726,0.004381100388641903,0.20720365194420565,0.20746429325769478,0.5809509544094571,50,20,20
1,2727,0.00437542114508881,0.2072036503610569,0.20748715863241496,0.5809337698614386,50,20,20
1,2728,0.004375421145088803,0.20735508822088566,0.2073357207729797,0.5809337698610452,50,20,20
1,2729,0.0043754211449396506,0.2073550882205678,0.20733229353145352,0.5809371971030385,50,20,20
1,2730,0.004375421144939646,0.20735508822089557,0.20757617750657292,0.5806933131275912,50,20,20
1,2731,0.004375421144939709,0.2073550882206921,0.20757993927042898,0.5806895513639386,50,20,20
1,2732,0.004375421144939637,0.20736352684478873,0.20757150064637628,0.5806895513638948,50,20,20
1,2733,0.0043754211449395656,0.20736352684492082,0.2075821378903429,0.5806789141197961,50,20,20
1,2734,0.004375421144914607,0.20736352684471587,0.20747418418522703,0.580786867825142,50,20,20
1,2735,0.004375421144914607,0.2073635268447161,0.2074721970908017,0.580788854919567,50,20,20
1,2736,0.004375421144997767,0.20736352684511672,0.2065004513166256,0.5817606006932595,50,20,20
1,2737,0.0043754211449977464,0.20736824169611678,0.20649573646562366,0.5817606006932613,50,20,20
1,2738,0.0043754211449977464,0.20736824169611043,0.2064797967199697,0.5817765404389217,50,20,20
1,2739,0.0043754211449977464,0.20736824169610785,0.20646756868939,0.581788768469504,50,20,20
1,2740,0.00437542114499771,0.20736824169610188,0.20638113858426363,0.5818751985746363,50,20,20
1,2741,0.0043754211449977135,0.20731992664339288,0.2064294536369544,0.5818751985746542,50,20,20
1,2742,0.004375421144997724,0.20731992664339188,0.20642933845489536,0.5818753137567143,50,20,20
1,2743,0.004375421144997724,0.20731992664339188,0.20642933774034702,0.5818753144712627,50,20,20
1,2744,0.0043754211449997275,0.2073199266437488,0.20643046037334328,0.5818741918379076,50,20,20
1,2745,0.004375421144999617,0.20731992664370044,0.20634584587774654,0.5819588063335529,50,20,20
1,2746,0.0030644238987220353,0.20726520717975663,0.20655585228524656,0.5831145166362742,50,20,20
1,2747,0.0030644238987219876,0.20726520717972452,0.2062951619465357,0.5833752069750173,50,20,20
1,2748,0.0030644238987219963,0.20710852969004545,0.20645183940530415,0.5833752070059279,50,20,20
1,2749,0.0030644298671895554,0.20710855261166103,0.20645168837785158,0.5833753291432974,50,20,20
1,2750,0.003064429867194825,0.20710855261130767,0.20645142863259414,0.5833755888889028,50,20,20
1,2751,0.0030644298671948468,0.20710874612786415,0.20645123511600919,0.5833755888889316,50,20,20
1,2752,0.003064429867194783,0.20710874612785946,0.2064470877778582,0.5833797362270873,50,20,20
1,2753,0.003064429867194806,0.20710874522294798,0.20641834849056326,0.5834084764192937,50,20,20
1,2754,0.0030644612639907946,0.20711135685804918,0.20641570378447807,0.5834084780934818,50,20,20
1,2755,0.0030644612639835213,0.20711135685804571,0.2064146700871557,0.583409511790815,50,20,20
1,2756,0.003064461263983535,0.20711135703331573,0.206426212954831,0.5833979687478696,50,20,20
1,2757,0.0030644612639835343,0.20711135703331635,0.2064316526742196,0.5833925290284804,50,20,20
1,2758,0.0030644612639835343,0.20711135703331704,0.20643183039925578,0.5833923513034436,50,20,20
1,2759,0.0030644612639835356,0.20710739208249193,0.206435795350067,0.5833923513034573,50,20,20
1,2760,0.0030644552956975257,0.20710764401899515,0.20643567151923672,0.5833922291660705,50,20,20
1,2761,0.0030644552956975357,0.20709978515207716,0.20644353035358987,0.5833922291986352,50,20,20
1,2762,0.003064455295697538,0.20713024174056652,0.2064130737647482,0.5833922291989875,50,20,20
1,2763,0.003064455295697538,0.20713024176287825,0.20642967432050688,0.5833756286209172,50,20,20
1,2764,0.003064455295614378,0.20713024176246872,0.20642797366725574,0.583377329274661,50,20,20
1,2765,0.0030644552956144377,0.20713024204837288,0.21450603959432102,0.5752992630616915,50,20,20
1,2766,0.0030644551956420835,0.22260435867323647,0.19920036859266496,0.5751308175384565,50,20,20
1,2767,0.003064455195641787,0.22260435867325395,0.21040153108213797,0.5639296550489663,50,20,20
1,2768,0.003064455195641787,0.22260435866482162,0.2103902297297894,0.5639409564097474,50,20,20
1,2769,0.003064455195641787,0.22260435866482162,0.21039031067499875,0.563940875464538,50,20,20
1,2770,0.008888769496546677,0.2223584089436776,0.20481688176166388,0.5639359397981112,50,20,20
1,2771,0.00888876949654669,0.22235840894183187,0.2048093324061594,0.5639434891554612,50,20,20
1,2772,0.008888769496546668,0.22235840896290265,0.20512162428350858,0.5636311972570412,50,20,20
1,2773,0.008888769496183677,0.22210887468803928,0.20537115849489931,0.563631197320877,50,20,20
1,2774,0.008888769496183706,0.22210887466572768,0.20535466700757574,0.5636476888305121,50,20,20
1,2775,0.008888769496183706,0.22210887466576346,0.2053611627145168,0.5636411931235352,50,20,20
1,2776,0.008888769496183706,0.22210663528676072,0.20536340209351964,0.5636411931235352,50,20,20
1,2777,0.008888769496183706,0.22210663526569266,0.2056093997532449,0.563395195484878,50,20,20
1,2778,0.008888769496183706,0.22210663526565752,0.20560287455416545,0.5634017206839926,50,20,20
1,2779,0.008889232819077943,0.22210663533023633,0.20560544621579166,0.5633986856348923,50,20,20
1,2780,0.00888923281907795,0.22210663533023633,0.2056054162177003,0.5633987156329836,50,20,20
1,2781,0.008889232819078116,0.22210663533091288,0.21071010291948591,0.5582940289305209,50,20,20
1,2782,0.008889232819078123,0.22210663533091285,0.21070992458149124,0.5582942072685156,50,20,20
1,2783,0.00888923281907811,0.22210663515564286,0.21069853820241138,0.5583055938228655,50,20,20
1,2784,0.00888923281907811,0.2221066351557722,0.21070529818523298,0.5582988338399146,50,20,20
1,2785,0.008863614682318284,0.22210659676059596,0.2118956235380956,0.5571341650189884,50,20,20
1,2786,0.008863614682318284,0.22210659676059596,0.21189983918689895,0.557129949370185,50,20,20
1,2787,0.008863614682318274,0.2221065967608953,0.2119001354239206,0.557129653132864,50,20,20
1,2788,0.008863614682318215,0.22221843984287434,0.2117882923425873,0.5571296531322184,50,20,20
1,2789,0.008863614693752988,0.22221844069461394,0.22269857350721242,0.5462193711044185,50,20,20
1,2790,0.008863614693753021,0.2236334928183922,0.22128352138440543,0.5462193711034473,50,20,20
1,2791,0.008863614693752988,0.22363345565334064,0.22128355854945783,0.5462193711034464,50,20,20
1,2792,0.008863614693752988,0.22315701183799191,0.22176000236393315,0.5462193711043198,50,20,20
1,2793,0.00886361469380271,0.22315701183801614,0.22176130097890778,0.5462180724892712,50,20,20
1,2794,0.008863614693802709,0.2231596937984768,0.22175861901875846,0.54621807248896,50,20,20
1,2795,0.008869138079420332,0.22315969383796566,0.2217682731500006,0.5462028949326114,50,20,20
1,2796,0.008869138079422247,0.21728272544188978,0.22764524092850924,0.5462028955501769,50,20,20
1,2797,0.008869138079422847,0.21727469139489808,0.22765327497468177,0.5462028955509954,50,20,20
1,2798,0.008868669908162456,0.21286974754859492,0.23205869000390283,0.5462028925393387,50,20,20
1,2799,0.00889393739331519,0.2128701024810765,0.23203279295116108,0.5462031671744462,50,20,20
1,2800,0.008862785668515066,0.23247989846763048,0.21245442332430975,0.5462028925395433,50,20,20
1,2801,0.008862785668515066,0.23247989846750053,0.2124427195218927,0.5462145963420904,50,20,20
1,2802,0.008862785668515059,0.23247989846750067,0.21244272635182201,0.546214589512161,50,20,20
1,2803,0.008862785668465337,0.23247989846747635,0.21243705650301614,0.5462202593610409,50,20,20
1,2804,0.008862785668465337,0.23247989846748326,0.21243727864761042,0.5462200372164399,50,20,20
1,2805,0.008862657653698975,0.23247988449037418,0.21243791575762863,0.5462195420982974,50,20,20
1,2806,0.008862657653707922,0.2324798846066187,0.20458409317521065,0.5540733645644615,50,20,20
1,2807,0.008862657653707922,0.23247988460661592,0.2040257620793457,0.5546316956603293,50,20,20
1,2808,0.00886265774797339,0.2324944910794473,0.2040111553973567,0.5546316957752214,50,20,20
1,2809,0.00886265774797339,0.23249449107944717,0.2040115206397131,0.5546313305328651,50,20,20
1,2810,0.00886265774797339,0.2324944910795025,0.20401171319362768,0.5546311379788951,50,20,20
1,2811,0.008862657747973384,0.23249449107954542,0.20402242097836076,0.554620430194119,50,20,20
1,2812,0.00886265775031312,0.23178817241596303,0.20472873963958313,0.5546204301941393,50,20,20
1,2813,0.008862657750313143,0.23178817241596308,0.20472874205026506,0.5546204277834573,50,20,20
1,2814,0.008862660709750829,0.23177387341569594,0.20474303820283016,0.5546204276717216,50,20,20
1,2815,0.008862660709750829,0.23177387341569594,0.20474295932012565,0.5546205065544261,50,20,20
1,2816,0.008862660709750806,0.23177387341569966,0.20535443017784266,0.5540090356967053,50,20,20
1,2817,0.008862660709750812,0.2317738734158053,0.20536514211166623,0.5539983237627761,50,20,20
1,2818,0.008862660709752605,0.23177387341617336,0.20536679459874402,0.5539966712753288,50,20,20
1,2819,0.00886266070975263,0.23177387341617287,0.2053588397314011,0.5540046261426721,50,20,20
1,2820,0.00886266070975263,0.2317738734298739,0.2051293519676795,0.5542341138926928,50,20,20
1,2821,0.009186626265690513,0.23177329435744215,0.20480596543441987,0.5542341139424463,50,20,20
1,2822,0.009186626265690502,0.23178164802917717,0.20479761179525183,0.5542341139098794,50,20,20
1,2823,0.009186626265691396,0.2316400506563664,0.20493920916809943,0.5542341139098417,50,20,20
1,2824,0.009186626265691396,0.23164005065636648,0.20493892218306278,0.5542344008948783,50,20,20
1,2825,0.00918662626569139,0.2316400506563469,0.20493900251739958,0.5542343205605611,50,20,20
1,2826,0.009186626265840468,0.23162972493800055,0.20494932823354506,0.5542343205626131,50,20,20
1,2827,0.009186626265840466,0.2316784873280344,0.20490056585469155,0.5542343205514326,50,20,20
1,2828,0.00918662626584047,0.23167848731401147,0.2048895695614702,0.554245316858677,50,20,20
1,2829,0.006154666981846388,0.23167866523479883,0.20792135089700522,0.554245316886349,50,20,20
1,2830,0.006154666982044247,0.23148639619869693,0.2081136199307063,0.5542453168885522,50,20,20
1,2831,0.006154666982044242,0.23148639619859068,0.20810273174902627,0.5542562050703385,50,20,20
1,2832,0.006154666982043349,0.23162840345056054,0.20796072449706052,0.554256205070335,50,20,20
1,2833,0.006154666982043349,0.23162840345076027,0.21749062544266498,0.5447263041245309,50,20,20
1,2834,0.006154666982043349,0.23162840345076166,0.2174905479633355,0.544726381603859,50,20,20
1,2835,0.005830936467245887,0.23162834374394667,0.21781432187110394,0.5447263979177032,50,20,20
1,2836,0.005830936467245886,0.23162834374394672,0.2178142451647852,0.5447264746240217,50,20,20
1,2837,0.005830936467245886,0.23162834374360952,0.21779915449294254,0.5447415652962015,50,20,20
1,2838,0.005830936467245886,0.2316281118228643,0.21779938641368812,0.5447415652962011,50,20,20
1,2839,0.005830936467245886,0.2316281118228643,0.2177995163194407,0.5447414353904485,50,20,20
1,2840,0.005830936467236878,0.23162811142058357,0.2175647879720793,0.5449761641400998,50,20,20
1,2841,0.0058309390721849,0.21343611277269584,0.23575652837231048,0.5449764197828083,50,20,20
1,2842,0.021262611636063786,0.21343593839605937,0.22032500234559138,0.5449764476222848,50,20,20
1,2843,0.021262603359673844,0.21343593922395374,0.22032500978500852,0.5449764476313633,50,20,20
1,2844,0.021262603359673844,0.21343593922395562,0.22032519915672932,0.5449762582596407,50,20,20
1,2845,0.021262603359673872,0.21343593922408363,0.22046165232090048,0.5448398050953416,50,20,20
1,2846,0.02126260335967995,0.2134325806477074,0.22046501089722487,0.5448398050953873,50,20,20
1,2847,0.021262603358785766,0.21356791644489387,0.2203296750648711,0.5448398051314489,50,20,20
1,2848,0.021262603358785766,0.21356970150624804,0.220327890003516,0.5448398051314498,50,20,20
1,2849,0.02126260335878398,0.21356970151430893,0.22033758683585952,0.544830108291047,50,20,20
1,2850,0.02126260335878459,0.21356970151430513,0.22033822403518258,0.5448294710917272,50,20,20
1,2851,0.021262603344582246,0.2135697014930749,0.21199565742472576,0.5531720377376164,50,20,20
1,2852,0.021262603344582246,0.2135697014930712,0.21138432964144482,0.553783365520901,50,20,20
1,2853,0.02126260334457617,0.21308044346527663,0.21187358766929087,0.5537833655208556,50,20,20
1,2854,0.021294746405786623,0.21308141078819648,0.21089494458060645,0.5547288982254096,50,20,20
1,2855,0.021294746405786623,0.21308141078819656,0.21089501200650027,0.5547288307995157,50,20,20
1,2856,0.021294746405786675,0.21308141078789725,0.21089896927191795,0.5547248735343974,50,20,20
1,2857,0.02126256265075487,0.2131146004289434,0.2106967954105648,0.5549260415097361,50,20,20
1,2858,0.02126256265075487,0.21311460042894417,0.21069688802196698,0.5549259488983332,50,20,20
1,2859,0.021262562650755098,0.2131146004289442,0.210699932405614,0.554922904514686,50,20,20
1,2860,0.021262562650755098,0.2131146004289453,0.2107000142407309,0.554922822679568,50,20,20
1,2861,0.021262562650755098,0.2131146004289452,0.21069972937249293,0.5549231075478059,50,20,20
1,2862,0.021262562650755098,0.21311460042895347,0.21071668418117895,0.5549061527391117,50,20,20
1,2863,0.021262562650755098,0.21311460042895358,0.21072963927183858,0.5548931976484519,50,20,20
1,2864,0.021262562650755098,0.21305817474201486,0.2107860649587772,0.554893197648452,50,20,20
1,2865,0.02126256265075508,0.21305817474200198,0.21078839675652852,0.5548908658507136,50,20,20
1,2866,0.021257039602538937,0.2130591614758974,0.21078783798252662,0.5548959609390359,50,20,20
1,2867,0.021257039602539,0.21305916147571527,0.21078377071129947,0.5549000282104453,50,20,20
1,2868,0.021257039602539,0.21311352372926698,0.2107294084577486,0.5549000282104444,50,20,20
1,2869,0.021257039602539142,0.21311352729607957,0.2109322573283228,0.5546971757730575,50,20,20
1,2870,0.021257039602531672,0.21344782346306274,0.2105979612251598,0.5546971757092447,50,20,20
1,2871,0.006105624173510162,0.21344786298006543,0.22574935623078932,0.554697156615634,50,20,20
1,2872,0.006105624171170442,0.2141519342909715,0.22504528492225767,0.5546971566155994,50,20,20
1,2873,0.0061056241711704325,0.21436406893317753,0.22483315031099857,0.5546971565846525,50,20,20
1,2874,0.006105624171170434,0.21436406893341758,0.21346777866972735,0.5660625282256837,50,20,20
1,2875,0.00610562417116766,0.21436406893341214,0.21371608285724844,0.5658142240381707,50,20,20
1,2876,0.006105624171167694,0.21436406895369664,0.21391347465946187,0.5656168322156728,50,20,20
1,2877,0.006105624171167768,0.21436406895369653,0.21411930282124744,0.5654110040538872,50,20,20
1,2878,0.006105624171216806,0.20791527699025125,0.2205680953759998,0.5654110034625309,50,20,20
1,2879,0.006105624171167894,0.20049724460874566,0.22798612778241004,0.5654110034376755,50,20,20
1,2880,0.006105624171167894,0.19722029717007097,0.23126307522106163,0.5654110034376989,50,20,20
1,2881,0.0061056241711678946,0.1972202971700709,0.23126722076369044,0.5654068578950701,50,20,20
1,2882,0.00610562417116881,0.19722029717007358,0.23126732414850132,0.5654067545102556,50,20,20
1,2883,0.00610562417116881,0.19722029717007358,0.2312673246658928,0.5654067539928641,50,20,20
1,2884,0.00610562417116975,0.19722029717076503,0.23518360714931688,0.5614904715087476,50,20,20
1,2885,0.00610562417111905,0.19727540418309722,0.23512850017377435,0.5614904714720086,50,20,20
1,2886,0.0061056241711189,0.19727540061628496,0.23492567211717674,0.5616933030954187,50,20,20
1,2887,0.006105624171117985,0.19727540061628226,0.23492559612767241,0.5616933790849267,50,20,20
1,2888,0.006105624171117985,0.19727540061623647,0.23515711724263866,0.5614618579700061,50,20,20
1,2889,0.006105624171185424,0.19668739450652645,0.23574512321883667,0.5614618581034507,50,20,20
1,2890,0.006105624171185411,0.19668739450640704,0.23561399949087794,0.561592981831529,50,20,20
1,2891,0.006105624171185411,0.19668739450656322,0.2356253742370789,0.5615816070851719,50,20,20
1,2892,0.003956313353134128,0.19668739616555228,0.2377714944066335,0.5615847960746784,50,20,20
1,2893,0.003956313352936269,0.1963010591829147,0.238157831391672,0.5615847960724752,50,20,20
1,2894,0.003956313352936269,0.19630105918291477,0.23815809381837705,0.5615845336457699,50,20,20
1,2895,0.003956313352970749,0.19630105922396543,0.2286496930465206,0.5710929343765413,50,20,20
1,2896,0.003956313352970749,0.1963010592500077,0.22957396055333645,0.5701686668436833,50,20,20
1,2897,0.003956313352970749,0.1963010592500077,0.2295739595743413,0.5701686678226784,50,20,20
1,2898,0.0039563133529707485,0.1963010592497527,0.22956916658567197,0.5701734608116028,50,20,20
1,2899,0.0039563133529707485,0.1963010592497527,0.2295563810477227,0.5701862463495522,50,20,20
1,2900,0.0039563133529707485,0.19615584083898127,0.22970159944702476,0.5701862463610214,50,20,20
1,2901,0.0039563133529707485,0.19663145522564288,0.2292259850612371,0.5701862463601474,50,20,20
1,2902,0.0039563133529708265,0.19663145520538602,0.22903457406999223,0.570377657371649,50,20,20
1,2903,0.003956313341536047,0.19663149733529536,0.22902544133051986,0.5703867479926467,50,20,20
1,2904,0.003956313341536048,0.19991863377105815,0.2257383048841648,0.570386748003239,50,20,20
1,2905,0.003956313341536047,0.20002136694098283,0.22563557172567544,0.5703867479918037,50,20,20
1,2906,0.003956313341535107,0.20002136694029404,0.22146979638381933,0.5745525233343496,50,20,20
1,2907,0.003956313341535107,0.20002136694029418,0.22148086484721718,0.5745414548709515,50,20,20
1,2908,0.00395631334153488,0.20002136694029418,0.22147802129438068,0.5745442984237882,50,20,20
1,2909,0.003956313341534879,0.20002136693186515,0.22146668523480603,0.5745556344917916,50,20,20
1,2910,0.003956313341534879,0.20002136693198402,0.22147787353590404,0.5745444461905748,50,20,20
1,2911,0.003956313341534854,0.2000213669319901,0.22148354580611282,0.5745387739203601,50,20,20
1,2912,0.003956313341512921,0.20002136693177758,0.22143356625824676,0.5745887534684608,50,20,20
1,2913,0.003956313341512953,0.20002136693177758,0.22143121660407783,0.5745911031226297,50,20,20
1,2914,0.003956313341860824,0.19978733188683404,0.22166524997684003,0.5745911047944631,50,20,20
1,2915,0.003956313341860769,0.19978733188683395,0.22166105033539663,0.5745953044359066,50,20,20
1,2916,0.00395631334171229,0.19940026783462844,0.22204811438978436,0.574595304433873,50,20,20
1,2917,0.00395631334171229,0.19940026783450718,0.22203681135320116,0.5746066074705775,50,20,20
1,2918,0.003956313341712216,0.1994002678345071,0.22183097476789787,0.574812444055881,50,20,20
1,2919,0.003955620929212611,0.19940140517000246,0.20262584014238297,0.5940171337584005,50,20,20
1,2920,0.003955620929212612,0.19940072705733236,0.2026265182456971,0.5940171337677564,50,20,20
1,2921,0.003955620929212011,0.19979913054398632,0.20222811475906532,0.5940171337677349,50,20,20
1,2922,0.003955620929212011,0.19979913054398632,0.20222803039162998,0.5940172181351704,50,20,20
1,2923,0.003955620929268212,0.1997991320611969,0.20252286964802035,0.5937223773615131,50,20,20
1,2924,0.003955620929266067,0.20004903311909394,0.20227296858946925,0.5937223773621694,50,20,20
1,2925,0.003955620929266067,0.2000490331191003,0.20227322291300392,0.5937221230386283,50,20,20
1,2926,0.003955620929266067,0.20004903311910005,0.20227313717923484,0.5937222087723977,50,20,20
1,2927,0.00028130955872306097,0.20004907960908025,0.20493168150815078,0.5947379293240445,50,20,20
1,2928,0.0002813095719183653,0.1997982115805657,0.2051825495232778,0.5947379293242366,50,20,20
1,2929,0.0002813095719183653,0.19979151323914246,0.20518924786468623,0.5947379293242515,50,20,20
1,2930,0.0002813095719183653,0.1997915132391418,0.20518268862571407,0.5947444885632243,50,20,20
1,2931,0.00028107148356340165,0.19980443842229192,0.2051700178378063,0.5947444722563364,50,20,20
1,2932,0.0002810714783964541,0.19979170087070275,0.20518274679973791,0.5947444808511608,50,20,20
1,2933,0.0002810714783964541,0.19979170087069636,0.20518251654309147,0.5947447111078137,50,20,20
1,2934,0.0002810714783964541,0.1997917008706963,0.20518237187209176,0.5947448557788135,50,20,20
1,2935,0.00028107147839645405,0.19979170087069026,0.20517858030968206,0.5947486473412293,50,20,20
1,2936,0.0002810714783964617,0.19979170087069004,0.20517849404442565,0.5947487336064861,50,20,20
1,2937,0.0002810714256145461,0.19979071411006516,0.2051774164604345,0.5947507980038841,50,20,20
1,2938,0.00028107142561454614,0.1997924291133474,0.20517570145715436,0.5947507980038821,50,20,20
1,2939,0.00028107142561454614,0.1997924291133473,0.20517543247794798,0.5947510669830885,50,20,20
1,2940,0.00028107142561454614,0.20037203478248883,0.20459582680880645,0.5947510669830885,50,20,20
1,2941,0.0002810714256145542,0.20085893797711185,0.2041089236141831,0.5947510669830889,50,20,20
1,2942,0.00028106984789756336,0.20171660684469853,0.20325130460280239,0.5947510187045999,50,20,20
1,2943,0.0002810698478974525,0.20171660684468085,0.20324706053563282,0.5947552627717873,50,20,20
1,2944,0.0002810698478412514,0.20171660532747057,0.20295708218478672,0.5950452426398999,50,20,20
1,2945,0.00028106984784127256,0.20171660532747057,0.20295685935061705,0.5950454654740698,50,20,20
1,2946,0.0002810698463413512,0.20171674456994243,0.20295672876433493,0.5950454568193799,50,20,20
1,2947,0.00028106984634134364,0.20171674457013164,0.20296891889892937,0.5950332666845962,50,20,20
1,2948,0.0002810698463413138,0.20171674457013183,0.20296889208304755,0.5950332935004777,50,20,20
1,2949,0.00028106984634886,0.20171674457013508,0.2029670748746824,0.5950351107088322,50,20,20
1,2950,0.00028106984634886,0.2016742985302085,0.20300952091460908,0.5950351107088322,50,20,20
1,2951,0.00028106984637246127,0.19865539557190445,0.2060284238729029,0.5950351107088191,50,20,20
1,2952,0.00316278158857182,0.1986553956039867,0.20313892358046443,0.5950428992269763,50,20,20
1,2953,0.003162781588571827,0.19865539560398082,0.20313564229567396,0.5950461805117728,50,20,20
1,2954,0.003162781588571827,0.19865539560895543,0.2031449175329204,0.5950369052695518,50,20,20
1,2955,0.0031627815885718158,0.19863379544379267,0.20316651769799676,0.5950369052696381,50,20,20
1,2956,0.0031627815885610557,0.19877411167910441,0.20302620146271935,0.5950369052696147,50,20,20
1,2957,0.0031627815885610557,0.19877411167910455,0.20302624256764104,0.5950368641646928,50,20,20
1,2958,0.0031627815885610627,0.19877411167910433,0.20302624056968696,0.5950368661626471,50,20,20
1,2959,0.0031627815885625515,0.19877411167910441,0.20329287877295155,0.5947702279593812,50,20,20
1,2960,0.0031627815885625532,0.19877411167913356,0.20329545321024,0.5947676535220634,50,20,20
1,2961,0.0031627815885631005,0.1987741117379063,0.20341728423027367,0.5946458224432564,50,20,20
1,2962,0.00316278158856312,0.19875878490948398,0.20343261105570032,0.5946458224462519,50,20,20
1,2963,0.003162781588780373,0.1987587849282151,0.2036950891289526,0.5943833443540512,50,20,20
1,2964,0.003162781588780544,0.1987084094381998,0.2037454646189674,0.5943833443540514,50,20,20
1,2965,0.0031627805618436185,0.19605130508217197,0.20640277729899267,0.5943831370569903,50,20,20
1,2966,0.0031627805618436185,0.19605130508216626,0.20639686061950915,0.5943890537364793,50,20,20
1,2967,0.003162780561565233,0.1963591591187553,0.20608264451836086,0.5943954158013169,50,20,20
1,2968,0.0031627805615652353,0.19636078985189329,0.20608101379586702,0.5943954157906728,50,20,20
1,2969,0.0031627805615652353,0.19636078985189342,0.20608102315106508,0.5943954064354746,50,20,20
1,2970,0.0031627805615652184,0.19636752774028857,0.2060742852626285,0.5943954064355161,50,20,20
1,2971,0.0031627805615652184,0.19636752774028832,0.206069633618789,0.5944000580793558,50,20,20
1,2972,0.003162780561565219,0.1963675277402882,0.20607107430309018,0.594398617395055,50,20,20
1,2973,0.0031627805615652093,0.19636752774027838,0.20606866842153615,0.5944010232766188,50,20,20
1,2974,0.0031627805615652093,0.1963675277402782,0.20606889991797242,0.5944007917801827,50,20,20
1,2975,0.0031627805615651898,0.19642514786752246,0.20601127979375788,0.594400791777153,50,20,20
1,2976,0.003162780561565217,0.19642514786733323,0.20600002016914903,0.5944120514019512,50,20,20
1,2977,0.0031620879812110144,0.19653549853543584,0.20679703122621496,0.5935053822571367,50,20,20
1,2978,0.003162087981210987,0.19653549853543628,0.20680297885995536,0.5934994346233959,50,20,20
1,2979,0.0031620879800986885,0.19653436111268338,0.20601074102897857,0.5942928098782381,50,20,20
1,2980,0.0031620879800986885,0.196534361086485,0.20507514727196674,0.5952284036614482,50,20,20
1,2981,0.0031620879800987435,0.193925108554923,0.2076843998128804,0.5952284036520968,50,20,20
1,2982,0.003162087980098577,0.19392510855424694,0.20292955369070545,0.599983249774948,50,20,20
1,2983,0.003162133336041149,0.19390330648168105,0.20294656183105747,0.599987998351219,50,20,20
1,2984,0.003162133336041149,0.1939033064816809,0.20294624106414172,0.5999883191181349,50,20,20
1,2985,0.0031621333359737047,0.19450942441820648,0.20234012326112819,0.5999883189846904,50,20,20
1,2986,0.0002804235456720925,0.1945095301473154,0.2052295139672923,0.5999805323397188,50,20,20
1,2987,0.0002804235460256005,0.19448996570188565,0.20524907841232726,0.59998053233976,50,20,20
1,2988,0.00028042354580963227,0.19448996568130605,0.20512895778409124,0.6001006529887917,50,20,20
1,2989,0.00028042354580963227,0.19448996568130617,0.20514462766300595,0.6000849831098768,50,20,20
1,2990,0.00028042354580963227,0.19448996568130617,0.20514457576578204,0.6000850350071009,50,20,20
1,2991,0.0002804235483752274,0.18932530683988913,0.21030923457559733,0.6000850350361371,50,20,20
1,2992,0.000280423771784503,0.18921516907376731,0.21051764276095772,0.5999867643934893,50,20,20
1,2993,0.00028042385298990806,0.18921887364618983,0.21051393808732033,0.599986764413499,50,20,20
1,2994,0.00028042385298990903,0.18919682141029082,0.2105359903192117,0.5999867644175065,50,20,20
1,2995,0.000280423852982385,0.18919682144665573,0.21084542911825888,0.5996773255821021,50,20,20
1,2996,0.000280423852982385,0.1891968214466556,0.2108454232770747,0.5996773314232865,50,20,20
1,2997,0.00028042385298260607,0.18919682144665564,0.2110476797479189,0.599475074952442,50,20,20
1,2998,0.00028042385298260634,0.18917932095612602,0.21106518023603837,0.5994750749548523,50,20,20
1,2999,0.00028042385297268974,0.1888713500755231,0.2102713671261533,0.6005768589453502,50,20,20
1,3000,0.00028322130600263475,0.18887377495323565,0.21027538859561293,0.6005676151451482,50,20,20
1,3001,0.00028321926879624814,0.18888293837780767,0.21026622909115172,0.600567613262244,50,20,20
1,3002,0.0002832192687962481,0.18888293837781941,0.2102663272589257,0.6005675150944583,50,20,20
1,3003,0.000283219262432377,0.1888794749450036,0.21026978542567604,0.6005675203668874,50,20,20
1,3004,0.00028322878796617387,0.1888794749453089,0.20992452948397922,0.6009127667827453,50,20,20
1,3005,0.00028322878796617354,0.18887947494549676,0.20992344135097096,0.6009138549155657,50,20,20
1,3006,0.00028322878796616465,0.18887947494549676,0.2099233250019374,0.6009139712645993,50,20,20
1,3007,0.00028322878796616465,0.18887947494549934,0.20992336787985366,0.6009139283866803,50,20,20
1,3008,0.00028322878796616465,0.18887947494549934,0.20992336987633795,0.6009139263901961,50,20,20
1,3009,0.00028322878796616075,0.18887947494547677,0.20992144314222133,0.6009158531243353,50,20,20
1,3010,0.00028322878761264996,0.18393369489013647,0.21486722319782076,0.6009158531244291,50,20,20
1,3011,0.0002832287876160827,0.18371461842614806,0.2150862996618058,0.600915853124429,50,20,20
1,3012,0.00028322878761606157,0.18371461842614806,0.21508624544802651,0.6009159073382083,50,20,20
1,3013,0.0002832287875815848,0.18371461838489658,0.21507161425950258,0.6009305385680185,50,20,20
1,3014,0.0002832287875815524,0.18371461838489658,0.2150714560693551,0.6009306967581661,50,20,20
1,3015,0.0002832287876199059,0.18371461838178035,0.21502250829154054,0.6009796445390587,50,20,20
1,3016,0.0002832287876199024,0.18371461838178044,0.21501580434829431,0.6009863484823048,50,20,20
1,3017,0.00028322878761990523,0.183714618381797,0.21501301452135263,0.6009891383092298,50,20,20
1,3018,0.00028322834853593883,0.1883093711591686,0.21156479801608047,0.599842602476214,50,20,20
1,3019,0.00028322834853593845,0.1883093711591686,0.2115604673015942,0.5998469331907001,50,20,20
1,3020,0.00028322834853591633,0.18830937112280066,0.2112554793540431,0.6001519211746192,50,20,20
1,3021,0.0002832283485360216,0.1884102169818905,0.21115463316411018,0.6001519215054621,50,20,20
1,3022,0.000283227304208735,0.18841562044304896,0.21115397401083197,0.6001471782419088,50,20,20
1,3023,0.00028322730420873556,0.18842821583111452,0.21114137862274604,0.6001471782419292,50,20,20
1,3024,0.0002832273042087355,0.1933938807396156,0.20617571369222706,0.6001471782639475,50,20,20
1,3025,0.0002832273042087355,0.1933938807396205,0.20617573277550322,0.6001471591806665,50,20,20
1,3026,0.00028322730420812044,0.19339388073961794,0.20617493389391345,0.6001479580622595,50,20,20
1,3027,0.0002832177786743496,0.19339388073931207,0.20617205311345657,0.600150848368556,50,20,20
1,3028,0.0002832177786743495,0.19339388073930003,0.2061702549853444,0.6001526464966802,50,20,20
1,3029,0.0002832177786743495,0.19339388073930297,0.2061737626365012,0.6001491388455203,50,20,20
1,3030,0.0002832177786743518,0.19339388073930294,0.2061737943792581,0.6001491071027636,50,20,20
1,3031,0.0002832177786743518,0.19339388073983302,0.20617429681923294,0.6001486046622587,50,20,20
1,3032,0.00028321777867435644,0.1933938807396495,0.2061768998895833,0.6001460015920919,50,20,20
1,3033,0.00028321777867436104,0.19339388073967104,0.2061835659418532,0.6001393355398006,50,20,20
1,3034,0.000283217778674361,0.19339388073966848,0.20617255791981567,0.6001503435618405,50,20,20
1,3035,0.0002832177786743621,0.193393880739669,0.20653409259139688,0.5997888088902587,50,20,20
1,3036,0.0002832177786743666,0.1933938807396661,0.20653179165052302,0.5997911098311355,50,20,20
1,3037,0.0002832177786743666,0.1933938807396661,0.20653191754128974,0.5997909839403688,50,20,20
1,3038,0.0002832177786707621,0.1935730784626849,0.2063527198182728,0.5997909839403706,50,20,20
1,3039,0.0002832177786707622,0.19357307846267827,0.20635265328645908,0.5997910504721908,50,20,20
1,3040,0.0002832177786707622,0.19357307846583352,0.2065277069366712,0.5996159968188234,50,20,20
1,3041,0.0002832177786707625,0.1935730784658289,0.20652759785625832,0.599616105899241,50,20,20
1,3042,0.0002832177786707622,0.19357307846582864,0.20652764450363484,0.5996160592518647,50,20,20
1,3043,0.0002832177786702155,0.1935730784070621,0.20639954938063018,0.5997441544336367,50,20,20
1,3044,0.0002832177786702155,0.1935730784070621,0.20639952061213213,0.5997441832021346,50,20,20
1,3045,0.0002832177786702347,0.19357307840705393,0.20639458261375793,0.599749121200517,50,20,20
1,3046,0.0002832177786702347,0.1935730784070534,0.20640280391808935,0.5997408998961862,50,20,20
1,3047,0.000283217778688765,0.19357307840705673,0.20602658521718412,0.6001171185970695,50,20,20
1,3048,0.00028042507481729185,0.19357061054386943,0.2060318456495044,0.6001171187318076,50,20,20
1,3049,0.0002804251076444463,0.19357151087145763,0.20603075774465224,0.6001173062762447,50,20,20
1,3050,0.00028042510764444175,0.19357151087145333,0.20602777376367234,0.6001202902572288,50,20,20
1,3051,0.0002804251076140833,0.18895363846659247,0.21064581282923264,0.6001201235965593,50,20,20
1,3052,0.00028042510761408317,0.18895363846659202,0.21064130164756292,0.6001246347782296,50,20,20
1,3053,0.0002804251075744447,0.18895363846658228,0.2105385361325515,0.6002274002932905,50,20,20
1,3054,0.0002804251075744186,0.18895363846658228,0.21053693842443458,0.6002289980014074,50,20,20
1,3055,0.000280425107574419,0.18895036786185362,0.2105402090513219,0.6002289979792489,50,20,20
1,3056,0.0002804251075744827,0.18895036786132985,0.2107721964420727,0.5999970105890217,50,20,20
1,3057,0.0002804248277603319,0.18895036789138822,0.19119391590401766,0.6195752913768323,50,20,20
1,3058,0.00028042482780315863,0.1889503679220573,0.1912029059947998,0.6195663012553383,50,20,20
1,3059,0.0002804248278037894,0.18896867372474754,0.1911846001921718,0.6195663012552753,50,20,20
1,3060,0.0002804248278037699,0.1889686737247669,0.19120262938373897,0.6195482720636888,50,20,20
1,3061,0.0002804248278037667,0.188968673725154,0.19120800828531348,0.6195428931617274,50,20,20
1,3062,0.00028042482780376665,0.1890583954485997,0.19111828656184063,0.6195428931617546,50,20,20
1,3063,0.00028047312266320945,0.189063197662202,0.1911134213663184,0.619542907848815,50,20,20
1,3064,0.00028047312266320484,0.1890631976621805,0.19110675430878987,0.619549574906365,50,20,20
1,3065,0.00028047312264467355,0.18906319766217808,0.19110577964280623,0.6195505495723697,50,20,20
1,3066,0.00028047312264460454,0.1890631976621807,0.19110580030526964,0.6195505289099038,50,20,20
1,3067,0.00028047312264460454,0.18906319766217908,0.1911057379377417,0.6195505912774333,50,20,20
1,3068,0.00028047312264460454,0.18906319766217908,0.19110588157159275,0.6195504476435822,50,20,20
1,3069,0.00028047306141907506,0.18906335905701951,0.1911015907938792,0.6195545770876809,50,20,20
1,3070,0.00028047306141844324,0.18902742431445776,0.1911375255340152,0.6195545770901071,50,20,20
1,3071,0.0002804730614184412,0.1890274243149853,0.19115314660457838,0.6195389560190164,50,20,20
1,3072,0.00028048431363715087,0.19295936051606533,0.18723516856863257,0.6195249866016637,50,20,20
1,3073,1.7346063699613163e-07,0.192959319560396,0.1875155289604963,0.6195249780184695,50,20,20
1,3074,1.7346063699625818e-07,0.19295931956048254,0.1875192337180075,0.6195212732608717,50,20,20
1,3075,1.734606369971416e-07,0.19295931955733076,0.18734434507357292,0.619696161908458,50,20,20
1,3076,1.7346063699712798e-07,0.19295931955732104,0.18711253416364748,0.6199279728183934,50,20,20
1,3077,1.7346063834077864e-07,0.19294567146129984,0.187126182209049,0.6199279728690121,50,20,20
1,3078,1.2015257073577417e-07,0.1930228520509062,0.18703838541219703,0.6199386423843253,50,20,20
1,3079,1.2015257073492078e-07,0.1930435074732665,0.18701772999388477,0.6199386423802773,50,20,20
1,3080,1.0894715579111138e-07,0.19296734742750268,0.18710454012830657,0.6199280034970343,50,20,20
1,3081,1.0894784995246339e-07,0.19296734742752797,0.18711263984540236,0.6199199037792191,50,20,20
1,3082,1.0894784995378975e-07,0.19296734742753507,0.187113896564193,0.6199186470604213,50,20,20
1,3083,1.0894786770994679e-07,0.19296734742753516,0.1871139306083176,0.6199186130162789,50,20,20
1,3084,1.0894717354763548e-07,0.1929673474277891,0.1871199813851253,0.6199125622399114,50,20,20
1,3085,6.463521103330554e-08,0.20918055123045115,0.17090682888030617,0.6199125552540311,50,20,20
1,3086,6.46352151899712e-08,0.2086110905085799,0.17147628215180874,0.6199125627043955,50,20,20
1,3087,3.2763667227546745e-06,0.20861644878475943,0.1714720344223394,0.6199082404261775,50,20,20
1,3088,3.2763667227547515e-06,0.20861644878475943,0.17146374060153327,0.6199165342469837,50,20,20
1,3089,3.276366718597353e-06,0.2091903271167783,0.17088986971980408,0.6199165267966983,50,20,20
1,3090,3.2763667185971924e-06,0.20923606810204284,0.1708441287369901,0.6199165267942478,50,20,20
1,3091,3.2763667185971903e-06,0.20923606810204895,0.17084430840658466,0.6199163471246473,50,20,20
1,3092,3.2763641048470676e-06,0.20922680070916003,0.17085357580203808,0.6199163471246967,50,20,20
1,3093,3.2763641062879426e-06,0.20922680070928001,0.17104215652142749,0.6197277664051859,50,20,20
1,3094,3.276364106283896e-06,0.20922680070928001,0.17104574156609023,0.6197241813605233,50,20,20
1,3095,3.276364104810184e-06,0.20922680072734298,0.17080406845195564,0.6199658544565965,50,20,20
1,3096,3.276364104810122e-06,0.20922680072734257,0.17079718113395204,0.6199727417746005,50,20,20
1,3097,3.276359299370472e-06,0.20922680068233018,0.1703909511640197,0.6203789717943505,50,20,20
1,3098,3.2763592564800315e-06,0.20922680065165497,0.1701496217979741,0.6206203011911144,50,20,20
1,3099,3.2763592564799315e-06,0.20920774458706565,0.17016867786256543,0.6206203011911124,50,20,20
1,3100,3.276359256479831e-06,0.209207744587064,0.1701741161943824,0.620614862859297,50,20,20
1,3101,3.276359256479839e-06,0.209207744587064,0.17016846800027927,0.6206205110534002,50,20,20
1,3102,3.2763592564796744e-06,0.2092077445870647,0.17017549498097673,0.620613484072702,50,20,20
1,3103,3.2763592564808484e-06,0.20920774458706515,0.17017562298430705,0.6206133560693712,50,20,20
1,3104,3.2763592564807574e-06,0.20920774458706515,0.17017556392711866,0.6206134151265597,50,20,20
1,3105,3.2763592566971578e-06,0.20864938870873548,0.1707339198029877,0.62061341512902,50,20,20
1,3106,3.2763592389409403e-06,0.20864938870873548,0.17074561713967554,0.62060171779235,50,20,20
1,3107,3.2763592387198495e-06,0.2086493887087354,0.17054335990421587,0.6208039750278098,50,20,20
1,3108,3.2763592347198453e-06,0.21160116993807815,0.16759157866656957,0.6208039750361174,50,20,20
1,3109,0.00042103876765747685,0.2115941796949083,0.1671806957924664,0.6208040857449676,50,20,20
1,3110,0.0004210387677576185,0.2101592201588203,0.16861556690029833,0.6208041741731233,50,20,20
1,3111,0.0004210387677578538,0.21015922015882038,0.1686191302344602,0.6208006108389611,50,20,20
1,3112,0.0004210387545628436,0.21015920193146564,0.16860764600491815,0.6208121133090531,50,20,20
1,3113,0.0004210387545628436,0.21015778649543684,0.1686090614409468,0.6208121133090531,50,20,20
1,3114,0.00042104550573613243,0.2101696770692523,0.16859719474190002,0.620812082683111,50,20,20
1,3115,0.0004210458434889533,0.21016966499597714,0.16860870886867096,0.6208005802918624,50,20,20
1,3116,0.0004210458434889533,0.21016966499597708,0.16860848570167125,0.6208008034588623,50,20,20
1,3117,0.0004210458409236591,0.2153307081025686,0.16344744262668026,0.620800803429827,50,20,20
1,3118,0.00042099287373503026,0.2153515180152425,0.16342569666681034,0.6208017924442116,50,20,20
1,3119,0.0004209928737350338,0.21535151801523347,0.16342810344319658,0.6207993856678342,50,20,20
1,3120,0.00042099287454005016,0.21535151801548721,0.16342645999766844,0.6208010291123037,50,20,20
1,3121,0.0004209928745400462,0.21535151801548444,0.16342403246031328,0.6208034566496616,50,20,20
1,3122,0.00042099287452044485,0.21542627904756784,0.1633492714365591,0.6208034566413521,50,20,20
1,3123,0.00042099287452448855,0.21600366739797694,0.16277188308860865,0.6208034566388895,50,20,20
1,3124,0.00042099287452022796,0.21601450644093462,0.16276104404567357,0.6208034566388712,50,20,20
1,3125,0.00042099287452022796,0.21601450644093603,0.1627609505375935,0.6208035501469498,50,20,20
1,3126,0.00042099287452022796,0.2160145064403794,0.1627429093153051,0.6208215913697948,50,20,20
1,3127,0.00042099287452022796,0.21601432013678476,0.16274309561889974,0.6208215913697948,50,20,20
1,3128,0.0004209929661233692,0.20442359007907876,0.17433382558500232,0.6208215913697951,50,20,20
1,3129,0.00036108312084955204,0.20442841335229262,0.17438393780449502,0.6208265657223623,50,20,20
1,3130,0.00036108312084955226,0.20442841335229262,0.17438393563773708,0.6208265678891202,50,20,20
1,3131,0.00036108312084955226,0.20442841335229262,0.1743838802306405,0.6208266232962167,50,20,20
1,3132,0.00036108312084955226,0.20442841335229262,0.17438387970799143,0.620826623818866,50,20,20
1,3133,0.00036108312004453545,0.2044284133520391,0.17438082024551554,0.6208296832824004,50,20,20
1,3134,1.8880376152590797e-08,0.20442530504679504,0.1747500767467281,0.6208245993261002,50,20,20
1,3135,1.8880376188868887e-08,0.20442530504692877,0.17474977843817807,0.6208248976345165,50,20,20
1,3136,1.8880376187847885e-08,0.20442530504740752,0.17475032739763885,0.620824348674577,50,20,20
1,3137,1.88802733403386e-08,0.20963276183079124,0.16954295904256672,0.6208242602463683,50,20,20
1,3138,1.8880273340819028e-08,0.20963276183080162,0.1697804025442102,0.6205868167447144,50,20,20
1,3139,1.8880273622013224e-08,0.20963276183085902,0.17653836000107603,0.6138288592877909,50,20,20
1,3140,1.8880272181138752e-08,0.20963276183073304,0.17634981516512632,0.6140174041238682,50,20,20
1,3141,1.8880289375162824e-08,0.20952136811386068,0.176461208435249,0.6140174045706004,50,20,20
1,3142,0.0005489762072159909,0.2095084549820195,0.17592516425739682,0.6140174045533672,50,20,20
1,3143,0.0005489762072159945,0.2095084549821847,0.1759170472864173,0.6140255215241816,50,20,20
1,3144,0.0005489762078595044,0.19616250918964673,0.1892629930783013,0.6140255215241923,50,20,20
1,3145,0.0005489762078595044,0.1961625091896468,0.1892671938268476,0.614021320775646,50,20,20
1,3146,0.0005489762078595066,0.1961625096240624,0.18992174360583566,0.6133667705622423,50,20,20
1,3147,0.0005489762078595066,0.1961624731130398,0.18992178011685734,0.6133667705622432,50,20,20
1,3148,0.0005489762078595066,0.1961624731130398,0.18991767935892154,0.613370871320179,50,20,20
1,3149,0.0005489762078595066,0.1961608758127859,0.1899192766591754,0.613370871320179,50,20,20
1,3150,0.0005489762078592712,0.19616087581279232,0.18993163886141842,0.61335850911793,50,20,20
1,3151,0.008187908088848752,0.19616088706221632,0.18215955948958598,0.6134916453593489,50,20,20
1,3152,0.008187908088831557,0.19627293156819248,0.1820475154304388,0.6134916449125372,50,20,20
1,3153,0.008187908088950467,0.1962729315681473,0.17529265886292314,0.6202465014799787,50,20,20
1,3154,0.008187908088950467,0.1962729315681473,0.1752926519512713,0.6202465083916303,50,20,20
1,3155,0.008187908088768816,0.196273026907336,0.17529255661231485,0.6202465083915795,50,20,20
1,3156,0.008187908088782246,0.19627302690731682,0.1752745932321141,0.6202644717717858,50,20,20
1,3157,0.008187908088782248,0.1962761006530348,0.17527151948639574,0.6202644717717862,50,20,20
1,3158,0.008187908088782232,0.19627610063497172,0.17524659710360482,0.6202893941726402,50,20,20
1,3159,0.008187908088782232,0.19627610063501713,0.1752467472448148,0.6202892440313849,50,20,20
1,3160,0.008187908088782232,0.19627610063510084,0.17524355087768534,0.6202924403984305,50,20,20
1,3161,0.008187908088782232,0.19627610063510084,0.17524354899077843,0.6202924422853375,50,20,20
1,3162,0.008187908090733838,0.17720582536253246,0.19431382426380583,0.6202924422829272,50,20,20
1,3163,0.008187908090733853,0.17720582536253462,0.1943138008297409,0.6202924657169899,50,20,20
1,3164,0.008187908090733853,0.1772058253625288,0.19429799292942324,0.6203082736173133,50,20,20
1,3165,0.008187908090733853,0.17720582567341794,0.19488991970573408,0.6197163465301133,50,20,20
1,3166,0.008187908090733857,0.1772058256734214,0.19488975620693708,0.6197165100289068,50,20,20
1,3167,0.008187908090733857,0.17720582567342139,0.1951589799340841,0.6194472863017598,50,20,20
1,3168,0.008187908090733857,0.1772058256734654,0.1951589952946762,0.6194472709411237,50,20,20
1,3169,0.008187908090733857,0.17721920447308745,0.19514561649505371,0.6194472709411243,50,20,20
1,3170,0.008188146467009388,0.16911188353606932,0.20325269905471088,0.6194472709422091,50,20,20
1,3171,0.00818814789849453,0.16911216424462314,0.20434897022897058,0.6183507176279099,50,20,20
1,3172,0.008194423733093658,0.16912083594989066,0.2043456154975751,0.6183391248194388,50,20,20
1,3173,0.008194423733093622,0.16912083594935395,0.2118283532992247,0.6108563870183259,50,20,20
1,3174,0.008194559228183304,0.1690956191914428,0.21185438025604042,0.6108554413243319,50,20,20
1,3175,0.008194559228183304,0.16909561919144278,0.211854127506814,0.6108556940735584,50,20,20
1,3176,0.008194559228183306,0.16906979297868685,0.2118799537178586,0.6108556940752696,50,20,20
1,3177,0.008194559401932769,0.1690697931831306,0.21183320845953946,0.6109024389553955,50,20,20
1,3178,0.008195083717099047,0.1624270027619216,0.2184753395218376,0.61090257399914,50,20,20
1,3179,0.008194948157582434,0.1635772304390198,0.21732521456138876,0.6109026068420075,50,20,20
1,3180,0.008194948157582434,0.16357723043901978,0.21732521211372766,0.6109026092896688,50,20,20
1,3181,0.00819494815759874,0.16357845467294962,0.21732398787932067,0.6109026092901296,50,20,20
1,3182,0.008194709689720718,0.16329560124014195,0.21760707978103788,0.6109026092890982,50,20,20
1,3183,0.008194709689720718,0.1632956012635114,0.21792632111583513,0.6105833679309316,50,20,20
1,3184,0.008194709689720733,0.16331842878103742,0.21790349360004696,0.6105833679291938,50,20,20
1,3185,0.008194709689720733,0.16331842878099206,0.21790329342201012,0.610583568107276,50,20,20
1,3186,0.008194709689720733,0.16331842878099218,0.21790330015143636,0.6105835613778497,50,20,20
1,3187,0.008194709733183696,0.1633183305880853,0.2179033982539007,0.6105835614248295,50,20,20
1,3188,0.008194709733183696,0.1633183305875994,0.21790295504991355,0.6105840046293026,50,20,20
1,3189,0.008194713157184291,0.16242803141918136,0.2187927262450508,0.6105845291785831,50,20,20
1,3190,0.008194713157184291,0.16242803141918244,0.21880114051560684,0.6105761149080259,50,20,20
1,3191,0.007645749782412812,0.16242803154567398,0.2193501039954031,0.6105761146765096,50,20,20
1,3192,0.007645749782412812,0.16242803154567248,0.21935004696301083,0.6105761717089035,50,20,20
1,3193,0.007645749782428363,0.16242803154566993,0.21952126473831268,0.6104049539335885,50,20,20
1,3194,0.007645749782428364,0.1624072456271085,0.21954205065687385,0.6104049539335886,50,20,20
1,3195,0.007645749782428363,0.16242768193663587,0.21952161434734727,0.6104049539335878,50,20,20
1,3196,0.0076457497824149335,0.16242768193843637,0.21953126667660924,0.610395301602539,50,20,20
1,3197,0.0076457497824149335,0.16242768191498036,0.21920832054140046,0.610718247761204,50,20,20
1,3198,0.007645749782398628,0.1624338228920327,0.219202179564696,0.6107182477608724,50,20,20
1,3199,0.007645822374738547,0.162432106847861,0.2191790472545474,0.6107430235228514,50,20,20
1,3200,0.007645822374738558,0.162432106847861,0.21917907891389085,0.6107429918635079,50,20,20
1,3201,0.007645822234962345,0.162448940929389,0.21916224486371172,0.6107429919719354,50,20,20
1,3202,0.007645822234962356,0.16160046693226085,0.22001071886004325,0.6107429919727319,50,20,20
1,3203,0.007645822234962356,0.16160046693226085,0.2200111017782965,0.6107426090544786,50,20,20
1,3204,0.0076458222349623595,0.1616004669322168,0.2200108926343554,0.6107428181984638,50,20,20
1,3205,0.007645822234843167,0.16160046693220464,0.22000775750053095,0.6107459533324195,50,20,20
1,3206,0.007645822234843166,0.16160031253827603,0.22000791189445926,0.61074595333242,50,20,20
1,3207,0.007645822234843166,0.16160031253827659,0.22000792648581133,0.6107459387410673,50,20,20
1,3208,0.007645822234843169,0.16160031253827659,0.2200079537463554,0.6107459114805232,50,20,20
1,3209,0.007645822234843169,0.1616003125382769,0.22001325261527638,0.6107406126116018,50,20,20
1,3210,0.007645822234843169,0.16160031315442283,0.23251374258920843,0.5982401220215235,50,20,20
1,3211,0.007645822234843169,0.16159148376889612,0.23252257197486448,0.5982401220213941,50,20,20
1,3212,0.007645822234843187,0.16241782578091735,0.23169622996363903,0.5982401220205984,50,20,20
1,3213,0.007645822234844075,0.1624178372133065,0.23221775010555082,0.5977185904462966,50,20,20
1,3214,0.007645822234844075,0.16241783721330644,0.23221790187559851,0.597718438676249,50,20,20
1,3215,0.007645822234844075,0.1624178382336818,0.23222939070882315,0.5977069488226489,50,20,20
1,3216,0.009014870663905196,0.16126722810083172,0.2320109310114719,0.597706970223789,50,20,20
1,3217,0.009014870663905095,0.1557687668079469,0.23750939262771925,0.5977069699004263,50,20,20
1,3218,0.009014870663889526,0.15576876680794688,0.2373382775779781,0.597878084950183,50,20,20
1,3219,0.003439935916952143,0.15576876003944842,0.24304635538660893,0.5977449486569886,50,20,20
1,3220,0.003439935916952143,0.15576876003944842,0.24304812921156685,0.5977431748320308,50,20,20
1,3221,0.0034399359169521144,0.15578322583002552,0.24303366342099064,0.59774317483203,50,20,20
1,3222,0.0034399359169512266,0.1557832143976366,0.2425122402204939,0.5982646094649166,50,20,20
1,3223,0.0034399359169512444,0.15578321439763662,0.24251337989904553,0.598263469786365,50,20,20
1,3224,0.0034399359169512444,0.15578321439764475,0.24253056741897755,0.5982462822664253,50,20,20
1,3225,0.0034399359169512444,0.1557832143976498,0.24253471813151262,0.5982421315538851,50,20,20
1,3226,0.003439935916951234,0.1557832143980177,0.24279636058003942,0.5979804891049904,50,20,20
1,3227,0.003439935916951234,0.15578321439809556,0.25690956940702864,0.5838672802779232,50,20,20
1,3228,0.0020709729071671794,0.15578320472376544,0.2582786544781445,0.5838671678909216,50,20,20
1,3229,0.0020709729071671794,0.15578320472376547,0.2582839609965361,0.5838618613725302,50,20,20
1,3230,0.015489840363635593,0.15578320501604118,0.24486509113614027,0.5838618634841816,50,20,20
1,3231,0.015489767669873316,0.1557832050186588,0.23262198111465446,0.5961050461968118,50,20,20
1,3232,0.015489767669873316,0.15578320501865817,0.23263220059612238,0.5960948267153444,50,20,20
1,3233,0.015489767669873316,0.15578320501869142,0.23262830385669317,0.5960987234547405,50,20,20
1,3234,0.015489767669873316,0.15578320501869486,0.23263924972971886,0.5960877775817113,50,20,20
1,3235,0.015489767669873382,0.15578320501869136,0.23264273572779437,0.5960842915836391,50,20,20
1,3236,0.015489767669902146,0.1557832050186947,0.23264392315318985,0.5960831041582115,50,20,20
1,3237,0.015489767669902147,0.1557832050199663,0.23264118298136488,0.5960858443287648,50,20,20
1,3238,0.015489767669902147,0.1557832050195987,0.23272421457448061,0.5960028127360166,50,20,20
1,3239,0.015489767669902151,0.15575766993682533,0.23274974965725195,0.5960028127360187,50,20,20
1,3240,0.01548976766993026,0.13884185230841575,0.24966556728563333,0.5960028127360188,50,20,20
1,3241,0.01548976766993026,0.14440301122050364,0.24410440837862965,0.5960028127309345,50,20,20
1,3242,0.015483490403844835,0.14445285273233813,0.24406084262133487,0.5960028142424801,50,20,20
1,3243,0.01548349040384482,0.14445560629362636,0.24405808906004925,0.5960028142424774,50,20,20
1,3244,0.01548347891716921,0.1599443205504962,0.2285693881784603,0.5960028123538718,50,20,20
1,3245,0.01548347891716921,0.1599443205504881,0.22855219684534783,0.5960200036869923,50,20,20
1,3246,0.015483478917169155,0.16254488219747973,0.2259516351983328,0.5960200036870158,50,20,20
1,3247,0.015483478917169155,0.1625448821974792,0.22595154792561467,0.5960200909597346,50,20,20
1,3248,0.015483478917169153,0.16257927463230018,0.22591715549079577,0.5960200909597326,50,20,20
1,3249,0.01548347891716916,0.16257927463229951,0.2259130517583648,0.5960241946921644,50,20,20
1,3250,0.015483478917314551,0.18086088180941798,0.2076314422987915,0.5960241969744741,50,20,20
1,3251,0.015483478917314551,0.18086088180938473,0.20762500089464683,0.5960306383786519,50,20,20
1,3252,0.015483475491362664,0.18083901059090343,0.2076473980554055,0.5960301158623265,50,20,20
1,3253,0.015483475491364751,0.18083901059134164,0.20790331195815429,0.5957742019591376,50,20,20
1,3254,0.015483475491364753,0.18083901028045254,0.2073113844094482,0.5963661298187328,50,20,20
1,3255,0.01548347549136476,0.1808390102804529,0.2073128634554006,0.5963646507727801,50,20,20
1,3256,0.013467051322357067,0.18083900492014174,0.20932848139848545,0.5963654623590142,50,20,20
1,3257,0.013467051322357067,0.1808483610566941,0.20931912526193341,0.5963654623590138,50,20,20
1,3258,0.01974351157219989,0.1808483609007763,0.20304266726436435,0.5963654602626579,50,20,20
1,3259,0.019743511572200657,0.18084836090078546,0.20304289820650304,0.5963652293205093,50,20,20
1,3260,0.019743511683696466,0.18084836147780947,0.19543568083726398,0.6039724460012285,50,20,20
1,3261,0.019743511683696466,0.18084836105652533,0.1947951466254187,0.604612980634358,50,20,20
1,3262,0.019743511683697333,0.18084835988967338,0.18336077599583994,0.6160473524307879,50,20,20
1,3263,0.019743511683697333,0.1808483598895948,0.18337667294683713,0.6160314554798695,50,20,20
1,3264,0.019743511683717633,0.1808483594201405,0.17492185405050037,0.6244862748456402,50,20,20
1,3265,0.019743511683717636,0.18084835942014027,0.17458392630650962,0.6248242025896313,50,20,20
1,3266,0.01974351168371764,0.1759169640472255,0.1795153216792857,0.62482420258977,50,20,20
1,3267,0.01974351168371764,0.17591696404722593,0.17951544091767768,0.6248240833513777,50,20,20
1,3268,0.01974351168371699,0.17589854292558438,0.17953369046949358,0.624824254921204,50,20,20
1,3269,0.019743511572209427,0.17589854234666408,0.1794255532851408,0.6249323927959847,50,20,20
1,3270,0.019743511572209427,0.1758985423989667,0.17969773362734323,0.6246602124014796,50,20,20
1,3271,0.01974351157220944,0.17586453656266632,0.17973173946364335,0.6246602124014798,50,20,20
1,3272,0.01974351157220945,0.17586453656266632,0.17973178746422458,0.6246601644008986,50,20,20
1,3273,0.01974351157220945,0.1807951232981014,0.17480120072892824,0.6246601644007599,50,20,20
1,3274,0.01974351157220945,0.18079512330179998,0.1753711199237561,0.6240902452022334,50,20,20
1,3275,0.01974351157241592,0.17771282696075036,0.17845320080156507,0.6240904606652667,50,20,20
1,3276,0.019743511572415898,0.17771282696075036,0.17845080040919103,0.6240928610576408,50,20,20
1,3277,0.01974351157241815,0.1777128269476247,0.1784368312529412,0.6241068302270141,50,20,20
1,3278,0.019743511600742714,0.1777128254089802,0.17843634833274818,0.6241073146575268,50,20,20
1,3279,0.01974351160074188,0.17771282540918779,0.17865507082772006,0.6238885921623482,50,20,20
1,3280,0.01974394665242463,0.17771315392660036,0.17865478319788766,0.6238881162230853,50,20,20
1,3281,0.01974394665242463,0.17771315394006718,0.17866816519715426,0.6238747342103519,50,20,20
1,3282,0.01974394665242463,0.17771315394006726,0.17866819006070908,0.6238747093467968,50,20,20
1,3283,0.01974394665242463,0.17771348913050378,0.1786678548702726,0.6238747093467968,50,20,20
1,3284,0.019743946652424627,0.17771348913047869,0.17845388024461442,0.6240886839724801,50,20,20
1,3285,0.019743946652424627,0.17771348913028726,0.17845021242735545,0.6240923517899305,50,20,20
1,3286,0.01974394665242463,0.17772166207039813,0.1784420394896397,0.6240923517875353,50,20,20
1,3287,0.01974394665242463,0.1777216620703981,0.17844552021885682,0.6240888710583183,50,20,20
1,3288,0.019743946652544822,0.17772166207117518,0.17857719444564815,0.6239571968306297,50,20,20
1,3289,0.019743946652544822,0.17772166207088913,0.17856351610511814,0.6239708751714459,50,20,20
1,3290,0.01979039203867363,0.17772165922958952,0.17851707355706664,0.6239708751746681,50,20,20
1,3291,0.019790392056159407,0.17772165922915767,0.17833044228769027,0.6241575064269905,50,20,20
1,3292,0.01978995697663652,0.17772227970201346,0.17832994773764552,0.6241578155837025,50,20,20
1,3293,0.01978995697663652,0.17772227970201002,0.17831685056620014,0.6241709127551514,50,20,20
1,3294,0.01978995697663652,0.17773424993313816,0.17830488033509773,0.6241709127551257,50,20,20
1,3295,0.019789956976607754,0.1777342499333381,0.17831687807091598,0.6241589150191363,50,20,20
1,3296,0.019789956976607754,0.17773395832947386,0.17831716967478253,0.6241589150191339,50,20,20
1,3297,0.019789956976607743,0.17756051381790983,0.1784906141703232,0.6241589150351574,50,20,20
1,3298,0.01978995697648755,0.1775605138153321,0.1783491811868621,0.6243003480213164,50,20,20
1,3299,0.0197899569589999,0.17756051381559013,0.1785165963593101,0.6241329328660981,50,20,20
1,3300,0.019790020892638642,0.17886407418440883,0.1772132917334762,0.6241326131894747,50,20,20
1,3301,0.019790020892638642,0.17886398250817426,0.17721338340971138,0.624132613189474,50,20,20
1,3302,0.019789956958725166,0.17916200331595833,0.17691542654013204,0.6241326131851826,50,20,20
1,3303,0.019789956958722918,0.17916200331595292,0.17691542227096968,0.6241326174543527,50,20,20
1,3304,0.019789956958722703,0.17916200331568838,0.1766786310513193,0.6243694086742679,50,20,20
1,3305,0.019789956958722703,0.17916200331568838,0.1766788033525182,0.624369236373069,50,20,20
1,3306,0.019789956958722703,0.17916200331569151,0.17667901751371698,0.6243690222118671,50,20,20
1,3307,0.019789956959186224,0.179162032146424,0.15934495848433694,0.6417030524100517,50,20,20
1,3308,0.019789956959186224,0.17914080444740554,0.15936618618335543,0.6417030524100517,50,20,20
1,3309,0.01978995695918622,0.17914080444740554,0.15944156295264844,0.6416276756407586,50,20,20
1,3310,0.01978995695903671,0.17938160690854604,0.15920076428605437,0.641627671846362,50,20,20
1,3311,0.019746271966820102,0.17938160694924185,0.15924525753266378,0.6416268635512736,50,20,20
1,3312,0.019746271966820446,0.17938160694924452,0.1592483323159142,0.6416237887680203,50,20,20
1,3313,0.019746271966820446,0.17938160694924415,0.15924306024620244,0.6416290608377324,50,20,20
1,3314,0.019746271966356924,0.17938157810352118,0.15657749445503527,0.6442946554750861,50,20,20
1,3315,0.019746271966356924,0.17938157810352118,0.1565775108397267,0.6442946390903947,50,20,20
1,3316,0.019746271966356962,0.1793815781035207,0.15657753437253646,0.6442946155575854,50,20,20
1,3317,0.019746271966427323,0.17938157810601713,0.1565832447691884,0.6442889051583666,50,20,20
1,3318,0.01974627196643174,0.17994301531580356,0.15602180762805404,0.64428890508971,50,20,20
1,3319,0.01974628281852319,0.16022837197968276,0.17573644003439573,0.6442889051673969,50,20,20
1,3320,0.019746282818523187,0.16022837197970527,0.1757458013772882,0.6442795438244819,50,20,20
1,3321,0.019746282818523187,0.16022837197970533,0.17574577690383336,0.6442795682979368,50,20,20
1,3322,0.019746282620546275,0.16793700015266325,0.16803714767582428,0.6442795695509644,50,20,20
1,3323,0.019746282620546392,0.16790910408239823,0.16806504374598483,0.6442795695510688,50,20,20
1,3324,0.019746282620546392,0.16790910408239854,0.16806497777507154,0.6442796355219818,50,20,20
1,3325,0.01974627176889771,0.1676244436622602,0.16834964912454464,0.6442796354442958,50,20,20
1,3326,0.019746271768897723,0.1676207002477797,0.16835339253902495,0.6442796354442959,50,20,20
1,3327,0.019746271768897726,0.16762070024786735,0.16835373500475584,0.6442792929784774,50,20,20
1,3328,0.019746271768897726,0.16762070024809173,0.16836163865526627,0.6442713893277427,50,20,20
1,3329,0.019746271768897726,0.1676207002480918,0.1683565486488605,0.6442764793341483,50,20,20
1,3330,0.019746271768827366,0.1676207002455952,0.16835082153504768,0.6442822064505281,50,20,20
1,3331,0.019746271768826894,0.16762070024482334,0.1683341802200238,0.6442988477663242,50,20,20
1,3332,0.019746271768826894,0.16762070024482054,0.169114674200162,0.6435183537861887,50,20,20
1,3333,0.019746271768831945,0.16762070099450516,0.16936144330499453,0.6432715839316664,50,20,20
1,3334,0.019746271768831945,0.16762070099454798,0.16928959460760085,0.6433434326290173,50,20,20
1,3335,0.019746271768831952,0.1676207009945481,0.1690201562830038,0.6436128709536145,50,20,20
1,3336,0.019746271768832032,0.1775700588111227,0.15907079990750575,0.6436128695125383,50,20,20
1,3337,0.01974627176883205,0.1775700588134168,0.17723046306073742,0.625453206357012,50,20,20
1,3338,0.02007975321093709,0.17757080051861976,0.1768929989536281,0.6254564473168132,50,20,20
1,3339,0.020079753210937093,0.177570800518577,0.17688600113432656,0.6254634451361575,50,20,20
1,3340,0.012184552766529083,0.17757080017956922,0.18478120135653142,0.6254634456973683,50,20,20
1,3341,0.012184552766529045,0.17757080017956914,0.18478106902124086,0.6254635780326591,50,20,20
1,3342,0.012184552766528703,0.17757080017956647,0.18477802224190729,0.6254666248119957,50,20,20
1,3343,0.012184552766294885,0.1775696238494811,0.1839555864949983,0.6262902368892241,50,20,20
1,3344,0.012184552766294881,0.17756962384939345,0.18395539819310686,0.6262904251912031,50,20,20
1,3345,0.012184552766294881,0.17522040464128658,0.18630461014889868,0.6262904324435183,50,20,20
1,3346,0.012184552766294881,0.1752204046412799,0.1862883802176739,0.6263066623747497,50,20,20
1,3347,0.012184552766294883,0.17522040464127972,0.18628834571191832,0.6263066968805056,50,20,20
1,3348,0.012184552766294883,0.1752204046412799,0.18628833577766066,0.6263067068147629,50,20,20
1,3349,0.012184552766294883,0.1752204046412799,0.18628837595031086,0.6263066666421128,50,20,20
1,3350,0.01218455276628983,0.1752204038915952,0.18604149808842,0.6265535452536934,50,20,20
1,3351,0.012184552766290112,0.17753461844169316,0.18372728353837317,0.6265535452536422,50,20,20
1,3352,0.012184552766290112,0.17753461845070334,0.1837268906383901,0.626553938144615,50,20,20
1,3353,0.012184552766080157,0.17593333969162178,0.1853281693961705,0.6265539381461257,50,20,20
1,3354,0.01218455276608015,0.17593333969162145,0.185326447949587,0.6265556595927095,50,20,20
1,3355,0.01218455276608015,0.17595438119374826,0.18530540644745955,0.6265556595927102,50,20,20
1,3356,0.012184552766080149,0.17595438119374826,0.18530552477264656,0.6265555412675232,50,20,20
1,3357,0.012184552766080214,0.17595438150327555,0.1856266412108002,0.6262344245198421,50,20,20
1,3358,0.012184552766080214,0.1759543815032812,0.18562690942501456,0.6262341563056224,50,20,20
1,3359,0.012184552766080214,0.1759543815032821,0.18563593521817026,0.6262251305124658,50,20,20
1,3360,0.012184552766080214,0.175954381503079,0.18562282028224023,0.6262382454485989,50,20,20
1,3361,0.012184552766080095,0.17598002240979949,0.1855971793756244,0.6262382454484943,50,20,20
1,3362,0.012184552766080093,0.17598002240979604,0.18559726565363463,0.6262381591704876,50,20,20
1,3363,0.012184552766080206,0.17598002285556208,0.1862568292574653,0.6255785951208908,50,20,20
1,3364,0.012184552766080225,0.17598002285623823,0.18626130482832903,0.6255741195493509,50,20,20
1,3365,0.01833511933345542,0.17598002309972965,0.17489044515282504,0.6307944124139885,50,20,20
1,3366,0.0183351193334554,0.17598002310849073,0.17489867975820908,0.6307861777998435,50,20,20
1,3367,0.01218455276611162,0.17598002255424344,0.1671079122474479,0.6447275124321956,50,20,20
1,3368,0.01218455276611162,0.1759800225544773,0.16788143869977545,0.6439539859796342,50,20,20
1,3369,0.01218455276611162,0.1759800225544773,0.1678813644289765,0.6439540602504331,50,20,20
1,3370,0.01218455276611162,0.1759800225544777,0.1678813897431942,0.6439540349362151,50,20,20
1,3371,0.012184552766111627,0.17598002256135767,0.17553442910393838,0.6363009955685909,50,20,20
1,3372,0.012184552766116083,0.17598002257282105,0.17622588066955236,0.6356095439915093,50,20,20
1,3373,0.01218455276611572,0.17599054248275714,0.17621536075963729,0.6356095439914886,50,20,20
1,3374,0.012184552766115719,0.1759905424827573,0.17621820732269503,0.6356066974284308,50,20,20
1,3375,0.01218455276608422,0.17599054248199397,0.1764121500405774,0.6354127547113432,50,20,20
1,3376,0.01218455276608422,0.17599054248199383,0.17641191138687018,0.6354129933650505,50,20,20
1,3377,0.012184552766010201,0.17701721729658648,0.17538523657235025,0.6354129933650516,50,20,20
1,3378,0.012184552766258207,0.17701721685115465,0.17473384310905238,0.6360643872735333,50,20,20
1,3379,0.012184552766258204,0.17701721685172292,0.17475205733788574,0.6360461730441318,50,20,20
1,3380,0.012184552867374812,0.17701721685954488,0.17475205513715822,0.6360461751359211,50,20,20
1,3381,0.012184552867374812,0.17701721685954175,0.1747608591894611,0.6360373710836215,50,20,20
1,3382,0.011858163171121839,0.17701647591658845,0.17509111801257418,0.6360342428997143,50,20,20
1,3383,0.011858163171121839,0.17701647592020567,0.17480704955654042,0.636318311352131,50,20,20
1,3384,0.011858163171121839,0.17701647592021083,0.17481184939583355,0.6363135115128327,50,20,20
1,3385,0.011858163171121839,0.17701647586790814,0.17453294727596214,0.6365924136850069,50,20,20
1,3386,0.01186974378748372,0.1770164758595971,0.17452136880668057,0.6365924115462376,50,20,20
1,3387,0.011869743787114986,0.1760577348413266,0.175480109825074,0.6365924115464833,50,20,20
1,3388,0.011869743787114988,0.17605773483635845,0.1749082473057193,0.6371642740708061,50,20,20
1,3389,0.011869743787114988,0.17605773483612647,0.17413475892998492,0.6379377624467724,50,20,20
1,3390,0.011869743787114988,0.17605773483618692,0.17439669272291108,0.637675828653786,50,20,20
1,3391,0.01186974378711498,0.17605773483618692,0.17439664498491375,0.6376758763917835,50,20,20
1,3392,0.01186974378711498,0.17605685965280607,0.17439752016829307,0.6376758763917851,50,20,20
1,3393,0.01186974378711498,0.1760568596528009,0.17439733386527537,0.6376760626948079,50,20,20
1,3394,0.01186974378711498,0.1760568596528009,0.17439733532595678,0.6376760612341265,50,20,20
1,3395,0.01186974378711498,0.17605685965280046,0.17439724940770338,0.6376761471523804,50,20,20
1,3396,0.011869743787123726,0.17605685965329318,0.1744811494914169,0.6375922470681654,50,20,20
1,3397,0.011858765117729963,0.17605685889816475,0.17449224148061096,0.6375921345034934,50,20,20
1,3398,0.011858765117729963,0.17605685889816475,0.17449230563783436,0.6375920703462701,50,20,20
1,3399,0.011858765117729975,0.1760568589021724,0.18788232175403383,0.6242020542260627,50,20,20
1,3400,0.01884917939409343,0.17605685892775458,0.18089190766593957,0.6242020540122111,50,20,20
1,3401,0.01884917939409343,0.17605685892775347,0.18105980407052935,0.6240341576076225,50,20,20
1,3402,5.8680016723545936e-05,0.17616844983110658,0.1997387127090535,0.6240341574431147,50,20,20
1,3403,5.868001671910217e-05,0.1761684498204662,0.19904878325341116,0.624724086909402,50,20,20
1,3404,4.7108868740226136e-05,0.1762066699609759,0.19902213412743006,0.6247240870428522,50,20,20
1,3405,4.710886874022615e-05,0.176206669960976,0.1990221238601403,0.624724097310142,50,20,20
1,3406,4.7108868740306916e-05,0.17462735425177686,0.20060143956924797,0.6247240973102334,50,20,20
1,3407,4.7108868740307444e-05,0.1715541615188111,0.203674632302154,0.6247240973102932,50,20,20
1,3408,4.710886874031298e-05,0.17155416150534872,0.20383524549343723,0.6245634841324725,50,20,20
1,3409,4.710886874031295e-05,0.17155416150534894,0.20383983219093993,0.6245588974349695,50,20,20
1,3410,4.710886874031295e-05,0.17155416150535507,0.20414721253294188,0.6242515170929613,50,20,20
1,3411,4.710886874031428e-05,0.17155416150535724,0.20414739538158128,0.6242513342443199,50,20,20
1,3412,4.710886849219563e-05,0.1715541615050229,0.20413921070379284,0.6242595189226907,50,20,20
1,3413,4.9666416517151006e-05,0.1735789597885818,0.20206784281926807,0.6243035309756315,50,20,20
1,3414,4.9666416768565414e-05,0.1735789597893087,0.20129544799950494,0.6250759257944163,50,20,20
1,3415,4.9666416768565414e-05,0.17357895978011276,0.20172523410754706,0.62464613969557,50,20,20
1,3416,4.9666416769009144e-05,0.17357895978011545,0.2015572616187171,0.6248141121843971,50,20,20
1,3417,4.966641676856511e-05,0.17357895978011206,0.2015746691132273,0.6247967046898907,50,20,20
1,3418,0.0004458394360129558,0.17357929459440297,0.20117815885161425,0.6247967071179685,50,20,20
1,3419,0.0004458394382275847,0.17408626609913735,0.2006711873448311,0.6247967071178029,50,20,20
1,3420,0.0004433114280415836,0.1914284861302099,0.18337550797273786,0.6247526944690093,50,20,20
1,3421,0.0004433114280415836,0.1914284861302099,0.183375624976091,0.624752577465656,50,20,20
1,3422,0.0004433114280466428,0.1914284861302105,0.18307184359391676,0.6250563588478246,50,20,20
1,3423,0.00044331142804689784,0.1824477226510231,0.19205260611775582,0.6250563598031729,50,20,20
1,3424,0.00044331142804689854,0.1824477226535381,0.19205788094009876,0.6250510849783147,50,20,20
1,3425,0.0004433114280468959,0.18244772265353487,0.19205431417989544,0.6250546517385214,50,20,20
1,3426,0.00044331143047063315,0.18244772264665948,0.20375643301749283,0.6133525329053761,50,20,20
1,3427,0.0004433114304706353,0.18252298041584367,0.2036811752642051,0.6133525328894794,50,20,20
1,3428,0.0004433114304706353,0.18252298041584822,0.20368131174710455,0.6133523964065754,50,20,20
1,3429,0.0004433114304705395,0.18414141789841512,0.2020628742646298,0.6133523964064834,50,20,20
1,3430,0.0004433114304715213,0.18414141789761726,0.20206280397850776,0.6133524666934023,50,20,20
1,3431,0.00044331143021934165,0.18414141789688784,0.18365948969838575,0.6317557809745056,50,20,20
1,3432,0.00044331143021934214,0.18413456064287662,0.18366634695239714,0.6317557809745055,50,20,20
1,3433,0.0004433114302193422,0.1841345606428825,0.18367084707308431,0.6317512808538124,50,20,20
1,3434,0.00044331143021934214,0.1841345606428771,0.18366647020797452,0.6317556577189277,50,20,20
1,3435,0.0004433139278645622,0.18408362355745225,0.18371739049676047,0.6317556720179215,50,20,20
1,3436,0.0004433139278645622,0.1840836235574522,0.18371487949814036,0.6317581830165416,50,20,20
1,3437,0.0004433139278645619,0.1840836235574522,0.18371500735783133,0.6317580551568509,50,20,20
1,3438,0.00044331392786459297,0.18408362355745397,0.18376185085388264,0.6317112116607978,50,20,20
1,3439,0.00044331392801246405,0.18408362357095545,0.17016104889321418,0.6453120136078168,50,20,20
1,3440,0.00044337266328002225,0.18398478583977762,0.17025982805150705,0.6453120134454344,50,20,20
1,3441,0.00044337266333719066,0.18400144287320508,0.17302105749356156,0.6425341269698953,50,20,20
1,3442,0.0004433726633321315,0.18400144287320835,0.17301777934269907,0.6425374051207595,50,20,20
1,3443,0.0004433726636269916,0.1654765810737624,0.1915426411418503,0.6425374051207591,50,20,20
1,3444,0.00044337266362709125,0.16547658107379257,0.19168824405168455,0.6423918022108945,50,20,20
1,3445,0.0004433724898776299,0.1654765808693384,0.19149757049128868,0.6425824761494944,50,20,20
1,3446,0.0004433724897301986,0.16547658085156783,0.19143782467684428,0.6426422219818568,50,20,20
1,3447,0.0004433757117842587,0.16498195045106326,0.1919324518548691,0.6426422219822824,50,20,20
1,3448,0.00044337571179055036,0.1649819504512738,0.191566964744692,0.6430077090922426,50,20,20
1,3449,0.0004433757117905501,0.16498195045126862,0.19156516085291678,0.643009512984023,50,20,20
1,3450,0.00044337571179055,0.16498195045126887,0.1915622220599389,0.6430124517770005,50,20,20
1,3451,0.0004433757117905343,0.16498490092462184,0.19155927158658537,0.6430124517770013,50,20,20
1,3452,0.0004433758734756247,0.14847905134620298,0.20806512085906192,0.6430124519212577,50,20,20
1,3453,0.0004433758734756247,0.14847905134620304,0.20806512264718788,0.6430124501331315,50,20,20
1,3454,0.0004433758734756307,0.14847905133676575,0.20805245674223297,0.6430251160475237,50,20,20
1,3455,0.0004433758734756369,0.14847905133676934,0.20821289197205559,0.6428646808176975,50,20,20
1,3456,0.0004433758734756698,0.14847905133681777,0.20821312559836766,0.6428644471913368,50,20,20
1,3457,0.00044337587347567994,0.14847905133681802,0.20848343602122849,0.6425941367684755,50,20,20
1,3458,0.0004433452929817762,0.14892953102493933,0.20803298982019336,0.6425941338618835,50,20,20
1,3459,0.0004433452929849816,0.1489295310249092,0.2078888565331724,0.6427382671489313,50,20,20
1,3460,0.0004433452929849821,0.14892953102514928,0.20790202177694536,0.6427251019049183,50,20,20
1,3461,0.00044282297042488124,0.14896263828188805,0.20786956693511782,0.6427249718125674,50,20,20
1,3462,0.00044282297050297746,0.1489626382781926,0.20889480115719164,0.6416997375941113,50,20,20
1,3463,0.00044282297050294434,0.14896263827814996,0.2089095436124243,0.6416849951389213,50,20,20
1,3464,0.00044282297050294477,0.14896263827814943,0.20890817243398907,0.6416863663173572,50,20,20
1,3465,0.0004428229705019543,0.14896263827812425,0.20890659643937126,0.6416879423120012,50,20,20
1,3466,0.0004428229705028951,0.1502096645024647,0.2076595774673434,0.6416879350596877,50,20,20
1,3467,0.00044282297050294276,0.15020966450246967,0.2077436563765254,0.6416038561505008,50,20,20
1,3468,0.00044282297050249314,0.15020966450245343,0.20773955434647146,0.6416079581805714,50,20,20
1,3469,0.0004428229705024923,0.15020966450245088,0.2077440606640677,0.6416034518629778,50,20,20
1,3470,0.0004428229705024918,0.15020966450245088,0.20773938323220714,0.6416081292948383,50,20,20
1,3471,1.2128642460870521e-07,0.15024021523598696,0.20815153625239205,0.6416081272251961,50,20,20
1,3472,1.2128641610436626e-07,0.15024021523492867,0.20804941525022597,0.6417102482284289,50,20,20
1,3473,5.972747675988043e-07,0.14877270357816746,0.19382467810871531,0.6574020210383495,50,20,20
1,3474,5.972747673566332e-07,0.14877270357816552,0.19382473184218077,0.6574019673048862,50,20,20
1,3475,5.972747673803671e-07,0.14877270357817277,0.19382946595033343,0.6573972331967262,50,20,20
1,3476,5.972747673799649e-07,0.14877270357817204,0.19382135174928664,0.6574053473977738,50,20,20
1,3477,5.972747673558482e-07,0.14877270357816802,0.19382943068507955,0.6573972684619848,50,20,20
1,3478,5.972747673558488e-07,0.1487727035781635,0.19382924044460575,0.6573974587024634,50,20,20
1,3479,5.972747664149736e-07,0.1498757938681413,0.19272615015463057,0.6573974587024617,50,20,20
1,3480,5.972747664148174e-07,0.1498757938754306,0.1927367471693588,0.6573868616804441,50,20,20
1,3481,5.972747687721103e-07,0.1498757938754356,0.1927955314239492,0.6573280774258463,50,20,20
1,3482,5.972747688223015e-07,0.14987579387588615,0.19262533249771033,0.6574982763516346,50,20,20
1,3483,5.972747688231621e-07,0.14987579386862826,0.1927611469094767,0.6573624619471259,50,20,20
1,3484,5.972747688231759e-07,0.14987579386862512,0.19274834677880437,0.6573752620778014,50,20,20
1,3485,5.972747688231771e-07,0.14987579386862482,0.1927654274903919,0.6573581813662142,50,20,20
1,3486,1.6639434759631935e-06,0.1498352451877334,0.19278951238288344,0.6573735784859067,50,20,20
1,3487,1.6639434759668463e-06,0.14983524518773322,0.1927893847699801,0.6573737060988103,50,20,20
1,3488,1.6639434759668334e-06,0.1498352451877331,0.19278930992066,0.6573737809481304,50,20,20
1,3489,1.6639434759726368e-06,0.1498352451877325,0.1927902478583856,0.6573728430104054,50,20,20
1,3490,1.6647478592286485e-06,0.14982267932906182,0.1928028130442753,0.6573728428788038,50,20,20
1,3491,5.5073182834620295e-06,0.15010675106294435,0.19251491303446486,0.6573728285843073,50,20,20
1,3492,5.5073182834620735e-06,0.1501067510630485,0.19251520129852648,0.6573725403201414,50,20,20
1,3493,5.5073182823346685e-06,0.1515014433553049,0.1911205090062719,0.6573725403201408,50,20,20
1,3494,5.507318282334699e-06,0.15150144335533688,0.2035972392622935,0.6448958100640874,50,20,20
1,3495,9.588184104715301e-05,0.1510817992707495,0.20391351544180686,0.6449088034463963,50,20,20
1,3496,9.587142376120053e-05,0.15105621372770084,0.20393911136309525,0.6449088034854423,50,20,20
1,3497,9.587142376120036e-05,0.15105621372768832,0.20393865569137154,0.6449092591571788,50,20,20
1,3498,9.587142375490987e-05,0.1510562137274762,0.20386182021144883,0.6449860946373199,50,20,20
1,3499,9.587142375494692e-05,0.15081375111401943,0.2041042828249053,0.6449860946373199,50,20,20
1,3500,9.58714237549412e-05,0.15081375111428946,0.20487786259621896,0.6442125148657364,50,20,20
1,3501,9.58714237549376e-05,0.15081375111435036,0.20488581783097215,0.6442045596309224,50,20,20
1,3502,9.587141711759501e-05,0.15098910354512438,0.2047104654068572,0.6442045596309006,50,20,20
1,3503,9.587141711759503e-05,0.1509891035451252,0.20511874806162234,0.6437962769761347,50,20,20
1,3504,9.587141712625804e-05,0.15839760804653694,0.19771024451545988,0.6437962760208769,50,20,20
1,3505,9.587141712389457e-05,0.15839760804652814,0.19748653338051525,0.6440199871558326,50,20,20
1,3506,9.587141712383896e-05,0.15839760804607755,0.19748275784512737,0.6440237626916712,50,20,20
1,3507,9.587141712384086e-05,0.15839760804597344,0.1974825051364856,0.6440240154004171,50,20,20
1,3508,9.587141712384086e-05,0.1583976080459734,0.19748735736057013,0.6440191631763326,50,20,20
1,3509,9.480287730646656e-05,0.1583976095317331,0.19750382648326156,0.6440037611076989,50,20,20
1,3510,9.480287730646656e-05,0.15839760953173707,0.19748687008225796,0.6440207175086985,50,20,20
1,3511,9.480287730646656e-05,0.15839760953173707,0.1974868752885271,0.6440207123024293,50,20,20
1,3512,9.480287729950021e-05,0.1584147492756552,0.19746973554461633,0.644020712302429,50,20,20
1,3513,9.480287730170889e-05,0.15841474927568505,0.19762026648983,0.6438701813571832,50,20,20
1,3514,9.480287730170697e-05,0.15841474927568508,0.19763167721054095,0.6438587706364722,50,20,20
1,3515,9.480287730170629e-05,0.15841474927317012,0.19763302744854572,0.6438574204009823,50,20,20
1,3516,9.480287730170629e-05,0.15841474927317037,0.19796294516707635,0.6435275026824513,50,20,20
1,3517,9.480287729840115e-05,0.1584147492732642,0.19796181971028137,0.6435286281391559,50,20,20
1,3518,9.480287729839612e-05,0.15842088780107078,0.1979556811824866,0.6435286281391441,50,20,20
1,3519,9.480287724844056e-05,0.15856662056565607,0.19780994842376262,0.6435286281333329,50,20,20
1,3520,9.48028772484035e-05,0.15868150352530647,0.19769506546411222,0.6435286281333329,50,20,20
1,3521,9.48028772484035e-05,0.1588119731318343,0.19756459585758446,0.6435286281333329,50,20,20
1,3522,9.480287724840348e-05,0.15881197313183792,0.19723491325170628,0.6438583107392074,50,20,20
1,3523,9.480287724840362e-05,0.1588119731321734,0.18475928773795056,0.6563339362526278,50,20,20
1,3524,9.480287724840362e-05,0.15881197313217346,0.18552018231909287,0.6555730416714854,50,20,20
1,3525,9.480287724837253e-05,0.15881197313217552,0.18548670318128876,0.6556065208092875,50,20,20
1,3526,9.480287724836887e-05,0.15881197313217552,0.18548664214299368,0.6556065818475827,50,20,20
1,3527,9.480287724836887e-05,0.1588119731321754,0.1854864392412926,0.6556067847492839,50,20,20
1,3528,4.461179399335534e-06,0.15881269069708273,0.18558889548400756,0.6555939526395105,50,20,20
1,3529,4.461179378166176e-06,0.1588126906968664,0.18547818889225737,0.655704659231498,50,20,20
1,3530,4.4611793782981074e-06,0.1587743723153603,0.18551650727373448,0.6557046592315268,50,20,20
1,3531,4.4611793782981074e-06,0.15877437231535596,0.18550318029655521,0.6557179862087104,50,20,20
1,3532,6.351896491390362e-06,0.1589106921249928,0.18465779386997422,0.6564251621085413,50,20,20
1,3533,6.351896491391245e-06,0.1589106921249928,0.18465301161184722,0.6564299443666682,50,20,20
1,3534,6.35189649139218e-06,0.15891069212500403,0.1847379749782882,0.6563449810002162,50,20,20
1,3535,6.3518964913921705e-06,0.15891069212500392,0.18473809569192257,0.6563448602865819,50,20,20
1,3536,6.351896491407175e-06,0.1589106921250042,0.18472673861837874,0.6563562173601254,50,20,20
1,3537,4.630149879740375e-06,0.1586173403520169,0.18502180328946732,0.6563562262086359,50,20,20
1,3538,4.630149879749576e-06,0.1586173403520303,0.18502738361704257,0.6563506458810473,50,20,20
1,3539,4.630149879748642e-06,0.15861734035359687,0.197169531461433,0.64420849803509,50,20,20
1,3540,4.6301498797486316e-06,0.1586173403535961,0.196761363422256,0.6446166660742676,50,20,20
1,3541,4.6301498797394565e-06,0.15861734035358266,0.1967557003911202,0.6446223291054168,50,20,20
1,3542,4.630149879752428e-06,0.15861734035358233,0.1967556271138673,0.6446224023826701,50,20,20
1,3543,4.63014987992228e-06,0.15863410931535393,0.19673885812963374,0.6446224024051318,50,20,20
1,3544,4.630149879921392e-06,0.15863410931535404,0.1967389989885424,0.644622261546223,50,20,20
1,3545,4.630149880039466e-06,0.15863410931651928,0.19711016870549736,0.6442510918281027,50,20,20
1,3546,4.630149880039468e-06,0.15863410931651345,0.19709514857589172,0.6442661119577143,50,20,20
1,3547,4.630149880039468e-06,0.15863410931645258,0.19708715218788328,0.6442741083457837,50,20,20
1,3548,4.658471061625252e-06,0.1586174906612611,0.1893936751267957,0.651984175740881,50,20,20
1,3549,4.658471061625253e-06,0.15861749066126285,0.18940328305421242,0.6519745678134625,50,20,20
1,3550,0.00501266347120071,0.15861675677785333,0.1843961733531604,0.651974406397785,50,20,20
1,3551,0.00501266347120071,0.15861382605441196,0.18439910407625418,0.6519744063981326,50,20,20
1,3552,0.005012663471200711,0.1586138260544124,0.18440607132518277,0.6519674391492036,50,20,20
1,3553,0.005012663471200723,0.15861382605788302,0.1844132207958247,0.6519602896750909,50,20,20
1,3554,0.005012663471200735,0.1586138260578833,0.18441800058197008,0.6519555098889452,50,20,20
1,3555,0.005012663471200756,0.15861382605762692,0.18364637655195584,0.6527271339192159,50,20,20
1,3556,0.005012663471200762,0.15860728266672075,0.18365291994170221,0.6527271339203757,50,20,20
1,3557,0.0050126634711948614,0.15846240474278772,0.18379779790072404,0.6527271338852926,50,20,20
1,3558,0.0050126616078616714,0.15843493202451928,0.18382527043030616,0.6527271359373117,50,20,20
1,3559,0.005012661607861675,0.1584349320245368,0.1838254105421223,0.6527269958254781,50,20,20
1,3560,0.00501263328662292,0.1584348936733873,0.17464649079766878,0.6619059822423202,50,20,20
1,3561,0.00501263328662292,0.1584348936739512,0.1746530992578262,0.6618993737815988,50,20,20
1,3562,0.005012633286622864,0.15843489370034156,0.17550709958518254,0.6610453734278522,50,20,20
1,3563,0.005012633406992998,0.15850350919619177,0.17543848397140543,0.6610453734254087,50,20,20
1,3564,0.005012633406992998,0.15850350919595887,0.175425530763538,0.661058326633509,50,20,20
1,3565,0.005012647417639372,0.14728219924363983,0.1866468266812441,0.6610583266574759,50,20,20
1,3566,0.005012647417644441,0.14728219925697764,0.1865075655040417,0.6611975878213352,50,20,20
1,3567,0.005012647417644424,0.14728219925351596,0.18649978026765132,0.6612053730611872,50,20,20
1,3568,0.005012633406998051,0.15845544019051322,0.17532655336357525,0.6612053730389124,50,20,20
1,3569,0.005012633407003886,0.15845484642670601,0.17532714712311673,0.6612053730431723,50,20,20
1,3570,0.005012633407001687,0.1584548464266717,0.1751765947829043,0.6613559253834213,50,20,20
1,3571,0.005012633407001687,0.15845484642667232,0.1751765037277086,0.6613560164386162,50,20,20
1,3572,0.005012633407001688,0.15845484642968952,0.17560621656869427,0.6609263035946134,50,20,20
1,3573,0.005012633407001686,0.15845488430431712,0.17636232245735642,0.6601701598313237,50,20,20
1,3574,0.005010740240241167,0.1583129227941674,0.17721318543207917,0.6594631515335116,50,20,20
1,3575,0.005010264251594817,0.15831281912992698,0.17291829279815094,0.6637586238203269,50,20,20
1,3576,0.005010264251594842,0.156031409089526,0.1751997028274279,0.6637586238314509,50,20,20
1,3577,0.0050102642515948426,0.15603140908978244,0.17519997191947326,0.6637583547391492,50,20,20
1,3578,0.005010264251594902,0.15576471925971888,0.1754666617495363,0.6637583547391496,50,20,20
1,3579,0.005010263479094326,0.15599491959799588,0.17523662975119644,0.663758187171713,50,20,20
1,3580,0.0050102634790943415,0.13658617663508882,0.19464536992053727,0.6637581899652794,50,20,20
1,3581,0.005010263479089272,0.13658617662171965,0.1946380472065119,0.6637655126926792,50,20,20
1,3582,0.005010263479089628,0.1365861766217124,0.1946411041148206,0.6637624557843772,50,20,20
1,3583,0.005008140157659197,0.1365781416308924,0.19465127128030846,0.6637624469311398,50,20,20
1,3584,0.005008140157659064,0.13661694540679392,0.1946124675044364,0.6637624469311108,50,20,20
1,3585,0.005008140157849269,0.1366169454070749,0.19461238622976956,0.6637625282053063,50,20,20
1,3586,0.005008140157849258,0.1366169454070749,0.19461228459685795,0.663762629838218,50,20,20
1,3587,0.005008140157849258,0.1366169454070748,0.19385123689750342,0.6645236775375727,50,20,20
1,3588,0.005008140157849258,0.13661694540707486,0.19385144864106135,0.6645234657940148,50,20,20
1,3589,0.00500814015784926,0.13661694540670993,0.1938466490616038,0.6645282653738372,50,20,20
1,3590,0.00500814015784926,0.1366169454067099,0.1938465834811142,0.664528330954327,50,20,20
1,3591,0.005009961307200391,0.13662414246292728,0.1938261304977052,0.6645397657321673,50,20,20
1,3592,0.005009961307122389,0.13662414246270335,0.19279119596856018,0.6655747002616146,50,20,20
1,3593,0.005009961307122389,0.13662414246270338,0.19278470544238718,0.6655811907877873,50,20,20
1,3594,0.0050129081769469865,0.13638599120180303,0.19301262013154205,0.665588480489708,50,20,20
1,3595,0.0050129081769468686,0.13638599120063924,0.19265041684353854,0.6659506837788755,50,20,20
1,3596,0.005012908176947639,0.13580696963097186,0.1932293184994251,0.6659508036926556,50,20,20
1,3597,0.0050129100177458965,0.13545447890595427,0.19358164277075113,0.6659509683055488,50,20,20
1,3598,0.005012915406498281,0.1353858591821355,0.19365025710482958,0.6659509683065364,50,20,20
1,3599,0.005012915406498306,0.1353858591821029,0.19322947821828643,0.6663717471931122,50,20,20
1,3600,0.005012915406498306,0.13538585918153903,0.19322286751820633,0.6663783578937563,50,20,20
1,3601,0.005012915406498306,0.13538585918153903,0.19322299368946527,0.6663782317224974,50,20,20
1,3602,0.005012915406498294,0.1353858591815389,0.1932185011396823,0.6663827242722804,50,20,20
1,3603,0.005012915406498294,0.13538585918152893,0.19321827292030158,0.6663829524916713,50,20,20
1,3604,0.005012915406498294,0.13538585918152893,0.19321821973814837,0.6663830056738245,50,20,20
1,3605,0.005012915406498589,0.13538585915439993,0.19321860606886967,0.6663826193702319,50,20,20
1,3606,0.00501281377573212,0.13596525903561799,0.19263930780030603,0.6663826193883434,50,20,20
1,3607,0.005012813775732121,0.13596525903561799,0.19263929194575038,0.6663826352428992,50,20,20
1,3608,0.00501281377573382,0.13596525903408974,0.1804224600715193,0.6785994671186569,50,20,20
1,3609,0.005009874469574746,0.14316107269466305,0.17323687404297503,0.6785921787927868,50,20,20
1,3610,0.005009874470119672,0.14345811289701293,0.1729399507247935,0.6785920619080735,50,20,20
1,3611,0.005009874470119672,0.14345811289707142,0.17294004380607716,0.6785919688267313,50,20,20
1,3612,0.0050098744699291105,0.14345811289679042,0.172936804352043,0.6785952082812371,50,20,20
1,3613,0.0050098744699291105,0.1434581128967889,0.17292782518719116,0.6786041874460905,50,20,20
1,3614,0.0050098744699290845,0.14345811289902174,0.17293068428191874,0.67860132834913,50,20,20
1,3615,0.005009874469929113,0.14345811289902782,0.1729352520185004,0.6785967606125421,50,20,20
1,3616,0.005009868838668147,0.1434585299764147,0.17293484057335018,0.6785967606115665,50,20,20
1,3617,0.005009868838668146,0.14345852997641434,0.17292802419488887,0.678603576990028,50,20,20
1,3618,0.005009868838668146,0.14345852997640526,0.17292782248444855,0.6786037787004776,50,20,20
1,3619,0.005009868838668144,0.14345852997614908,0.17292749157329085,0.6786041096118913,50,20,20
1,3620,0.005009868838668131,0.14345852997987418,0.17293434279898112,0.6785972583824759,50,20,20
1,3621,0.005009868838668141,0.14345852997987424,0.17293433550945017,0.6785972656720068,50,20,20
1,3622,0.005009868838668141,0.1434585299798742,0.17293424781066846,0.6785973533707886,50,20,20
1,3623,0.005009868838668144,0.1433572636733463,0.17303551411038426,0.6785973533776007,50,20,20
1,3624,0.005009868838668144,0.1433572636733463,0.17303688407602333,0.6785959834119616,50,20,20
1,3625,0.005009868838668144,0.14335726367333954,0.17303898276210566,0.6785938847258862,50,20,20
1,3626,0.005009868838668144,0.14335726367333707,0.17303889704428335,0.6785939704437111,50,20,20
1,3627,0.00500986883812228,0.14343727583496726,0.1729588879347216,0.6785939673921885,50,20,20
1,3628,0.00500986883812228,0.1434372758455829,0.18235291100703635,0.6691999443092578,50,20,20
1,3629,0.005009868838122333,0.14343727584605007,0.18235214627185115,0.6692007090439758,50,20,20
1,3630,0.005009868838122339,0.14343727584605015,0.18235070008956866,0.6692021552262583,50,20,20
1,3631,0.005009868838122318,0.14343727584306562,0.1823431651311678,0.6692096901876435,50,20,20
1,3632,0.0050098612743717874,0.13624284925259347,0.1895376006977807,0.6692096887752534,50,20,20
1,3633,0.005009861274371995,0.13624284925286567,0.1895429740857093,0.6692043153870523,50,20,20
1,3634,0.0050098612743768286,0.1362428532949911,0.1946652839585446,0.6640820014720867,50,20,20
1,3635,0.005008040125046767,0.13623734326420275,0.19468398516274618,0.6640706314480032,50,20,20
1,3636,0.005008040125046767,0.13623734326420134,0.19468390909843214,0.6640707075123187,50,20,20
1,3637,0.005008040121739427,0.13564593112349427,0.19527505899107692,0.6640709697636883,50,20,20
1,3638,0.005008040121740894,0.13579840887140568,0.19512258124316126,0.6640709697636912,50,20,20
1,3639,0.005008040121740842,0.13579840887134087,0.1951180972412518,0.6640754537656656,50,20,20
1,3640,0.005008050315213206,0.13580291090792249,0.19575828054038033,0.6634307582364829,50,20,20
1,3641,0.005008050315213206,0.13580291090792238,0.19575799294634394,0.6634310458305195,50,20,20
1,3642,0.005008050315213213,0.13580291089730698,0.1863689421216486,0.6728200966658302,50,20,20
1,3643,0.005008048474584915,0.13567291267175055,0.1864991095566931,0.6728199292969705,50,20,20
1,3644,0.005008048474584915,0.13567291267175055,0.18649936410290202,0.6728196747507618,50,20,20
1,3645,0.005008048474584915,0.13567291267181766,0.18650749307578385,0.6728115457778127,50,20,20
1,3646,0.005008048474584915,0.1356729126719859,0.18650240220753259,0.6728166366458959,50,20,20
1,3647,0.005008048474584915,0.13567291267198586,0.18650237458405783,0.6728166642693705,50,20,20
1,3648,0.005008048474727248,0.13464256952519094,0.18753271752348197,0.672816664476599,50,20,20
1,3649,0.005008048474727247,0.1346425695229581,0.18753255605668046,0.6728168259456333,50,20,20
1,3650,0.00500804847472813,0.13464256952346226,0.18760983078817436,0.6727395512136344,50,20,20
1,3651,0.00500804847472813,0.13464256952336956,0.1880444821190645,0.672304899882837,50,20,20
1,3652,0.00500804847472812,0.13464256952336962,0.18804472390054172,0.6723046581013599,50,20,20
1,3653,0.005008048476145603,0.1346425695232026,0.19073403688409601,0.6696153451165552,50,20,20
1,3654,0.005008048476146042,0.13347184350896182,0.19190476289833713,0.6696153451165543,50,20,20
1,3655,0.005008048476144947,0.1388019588975226,0.18657464750956274,0.6696153451167689,50,20,20
1,3656,0.005008048476145023,0.13880195889752314,0.18658104429940076,0.6696089483269302,50,20,20
1,3657,0.005008048476144841,0.13880195889730434,0.18658157007585907,0.669608422550691,50,20,20
1,3658,0.005008048476180543,0.1388952885236015,0.1864882404311891,0.6696084225690281,50,20,20
1,3659,0.005008048476180543,0.13889528852360145,0.18648811116387243,0.6696085518363448,50,20,20
1,3660,0.0050080484761805336,0.13889528852001093,0.18654433182056845,0.6695523311832393,50,20,20
1,3661,0.0050080484761805336,0.13889528852000682,0.18654408335831016,0.6695525796455017,50,20,20
1,3662,0.005008048479984951,0.13889529338475032,0.1927579608956508,0.6633386972396131,50,20,20
1,3663,1.5356962172703836e-07,0.13890009430575928,0.19775937822873366,0.6633403738958847,50,20,20
1,3664,1.5356962172996232e-07,0.13890009430678413,0.19804691516427753,0.663052836959316,50,20,20
1,3665,1.5356962172996333e-07,0.13890009430678601,0.19804708875753566,0.6630526633660562,50,20,20
1,3666,1.5356962143477203e-07,0.13890009430674555,0.19804051339869605,0.6630592387249363,50,20,20
1,3667,1.5356962143118426e-07,0.13890009427505387,0.19802776032480618,0.6630719918305182,50,20,20
1,3668,1.5356962142670925e-07,0.13890009427491265,0.19796006031157456,0.663139691843891,50,20,20
1,3669,1.5356962142744088e-07,0.1389000942749182,0.19796429007456548,0.6631354620808945,50,20,20
1,3670,1.535696214341547e-07,0.13890009427490446,0.1979622574503075,0.6631374947051661,50,20,20
1,3671,1.5356962143415737e-07,0.13890009427490588,0.19796242812610104,0.6631373240293712,50,20,20
1,3672,1.5356961973493898e-07,0.13890009427488986,0.19795428189946562,0.6631454702560243,50,20,20
1,3673,1.5356961777014343e-07,0.1390525817336259,0.19780179444071166,0.6631454702560443,50,20,20
1,3674,1.5356962768040837e-07,0.13905258173359233,0.198020677356772,0.6629265873400075,50,20,20
1,3675,1.5356962768200307e-07,0.13905258173368812,0.19818832342466045,0.6627589412720234,50,20,20
1,3676,1.5356962768353138e-07,0.13905258173368928,0.19818715099446912,0.6627601137022135,50,20,20
1,3677,1.5356821019988525e-07,0.1390525817338477,0.19550571342511336,0.6654415512728283,50,20,20
1,3678,1.5357062210342854e-07,0.13905257769214144,0.19396090529259027,0.6669863634446458,50,20,20
1,3679,1.5357062210342738e-07,0.13905257769214452,0.1939609903481542,0.6669862783890786,50,20,20
1,3680,1.5357062207758697e-07,0.13905257769209114,0.19395506046036176,0.6669922082769246,50,20,20
1,3681,1.535706221381711e-07,0.13905257769194418,0.20390196697270177,0.6570453017647311,50,20,20
1,3682,1.5357062213734266e-07,0.1390525776920031,0.2039022074967535,0.6570450612406205,50,20,20
1,3683,1.5357081426954977e-07,0.13905257769203141,0.2040470284994688,0.6569002402376847,50,20,20
1,3684,1.535715388369013e-07,0.13905257769203147,0.20404832079205462,0.6568989479443742,50,20,20
1,3685,1.5357153938677675e-07,0.13905257788924283,0.20456426171809575,0.6563830068211212,50,20,20
1,3686,0.008432573963348568,0.13904779315937382,0.1961383027132967,0.6563813301639805,50,20,20
1,3687,0.008432563767465139,0.13904910212126886,0.19613710317652547,0.6563812309347397,50,20,20
1,3688,0.008432563788330186,0.13904910225744282,0.19644135065653312,0.656076983297693,50,20,20
1,3689,0.008432563788330181,0.1390491022574415,0.19644516150683813,0.6560731724473894,50,20,20
1,3690,0.008432563805685833,0.1419509162218604,0.193543347602164,0.656073172370289,50,20,20
1,3691,0.008432563805685833,0.14195091622186,0.1935410615236224,0.6560754584488309,50,20,20
1,3692,0.008432564285556672,0.14195053053804366,0.19354170233421605,0.656075202842183,50,20,20
1,3693,3.9107638367420836e-07,0.14195053117505035,0.20197379475665345,0.656075282991912,50,20,20
1,3694,3.9107565910682595e-07,0.14195053117505027,0.20197872873386838,0.6560703490154216,50,20,20
1,3695,3.9105816318126507e-07,0.1423571693874561,0.2015720906797182,0.6560703488746619,50,20,20
1,3696,3.9105816317525214e-07,0.1423622866928442,0.20156697337548984,0.6560703488735021,50,20,20
1,3697,3.910581631644562e-07,0.142362286692844,0.20129656041894023,0.656340761830052,50,20,20
1,3698,3.9105816315786033e-07,0.14236228669295417,0.2012917477356325,0.6563455745132495,50,20,20
1,3699,3.9105574641871383e-07,0.14236228669253237,0.19770292995801328,0.6599343922937071,50,20,20
1,3700,3.910557464187113e-07,0.14257151259758577,0.1974937040529657,0.6599343922937011,50,20,20
1,3701,3.910557464187114e-07,0.14257151259786288,0.1982743916010409,0.6591537047453488,50,20,20
1,3702,3.910557464187111e-07,0.1425715125977957,0.19826605026529656,0.6591620460811604,50,20,20
1,3703,3.910557464387165e-07,0.1425695011113598,0.19826806175172884,0.6591620460811639,50,20,20
1,3704,4.0247649062723405e-07,0.14259620692638042,0.1982413468943222,0.6591620437028061,50,20,20
1,3705,4.0247649062723194e-07,0.14259620692638042,0.19824134609111205,0.6591620445060161,50,20,20
1,3706,4.0247760142428465e-07,0.14259620692623412,0.1974639814996994,0.6599394090964643,50,20,20
1,3707,4.024776014242331e-07,0.14259620692623573,0.19746414479712457,0.6599392457990376,50,20,20
1,3708,3.907672162009826e-07,0.14256612077294142,0.1974942426961075,0.6599392457637342,50,20,20
1,3709,3.907672162009803e-07,0.14256612077703876,0.20524458659304506,0.6521889018626996,50,20,20
1,3710,3.9076721620097726e-07,0.14256612077703879,0.2052445799890203,0.6521889084667244,50,20,20
1,3711,3.9076723350399987e-07,0.14256612077815622,0.20554400369083212,0.6518894847637778,50,20,20
1,3712,3.9076704138726787e-07,0.14256612077829675,0.20540181886717085,0.6520316695874909,50,20,20
1,3713,3.902871533004288e-07,0.14256576550879269,0.20539085516032698,0.6520429890437266,50,20,20
1,3714,3.902871533004327e-07,0.14256576550879388,0.20557756254375847,0.6518562816602941,50,20,20
1,3715,3.902851332240357e-07,0.14256524174577861,0.20557808630878463,0.6518562816603034,50,20,20
1,3716,3.9028513322410333e-07,0.14256524175207919,0.20558908439999485,0.6518452835627927,50,20,20
1,3717,3.902851332240814e-07,0.142565241752078,0.20515408709324334,0.6522802808695455,50,20,20
1,3718,4.273615877276085e-07,0.14257626519485042,0.20514302620436964,0.6522802812391926,50,20,20
1,3719,4.273615933812484e-07,0.14257626520309288,0.20576111350064438,0.6516621939346696,50,20,20
1,3720,4.2736166736451687e-07,0.14257626520372804,0.2059986494821765,0.6514246579524283,50,20,20
1,3721,4.2736166733876357e-07,0.14257626520372804,0.20637477032539436,0.6510485371092106,50,20,20
1,3722,4.2736166644717177e-07,0.14257626520322383,0.2062975111054949,0.651125796329615,50,20,20
1,3723,4.2736166644717203e-07,0.1425762652032239,0.206311471131322,0.6511118363037878,50,20,20
1,3724,4.27361666447172e-07,0.14257626520322392,0.20631152447589038,0.6511117829592193,50,20,20
1,3725,4.2736166644589005e-07,0.14257626520322578,0.2059442582511315,0.6514790491839765,50,20,20
1,3726,4.2736166664511426e-07,0.14257626520322572,0.20594532020034087,0.6514779872347668,50,20,20
1,3727,4.286815121438128e-07,0.12305975610590991,0.22544580119605925,0.6514940140165187,50,20,20
1,3728,4.2870289281124785e-07,0.12305902897663065,0.22544652830392736,0.6514940140165492,50,20,20
1,3729,4.287028928095594e-07,0.12310607876958145,0.2253994785126658,0.6514940140148598,50,20,20
1,3730,4.287029160821546e-07,0.12310698206114981,0.22539857331789862,0.6514940159180352,50,20,20
1,3731,4.287029160668043e-07,0.123106982060981,0.2253958844056906,0.6514967048304121,50,20,20
1,3732,4.287037310291202e-07,0.12310694604683299,0.22962576617374078,0.6472668590756946,50,20,20
1,3733,4.287037310291024e-07,0.12310694604683439,0.22963454611112913,0.6472580791383049,50,20,20
1,3734,4.2870369532369023e-07,0.1231144159551404,0.22962707622800774,0.6472580791131558,50,20,20
1,3735,3.9164113544997706e-07,0.12310261771115971,0.22963891194185235,0.6472580787058516,50,20,20
1,3736,3.9164113337154895e-07,0.12310941034549597,0.2296321193083585,0.6472580787050112,50,20,20
1,3737,3.903218419872249e-07,0.1226826726421007,0.22976872988109254,0.647548207154964,50,20,20
1,3738,3.903218419872176e-07,0.12268267264209885,0.22976289688066184,0.6475540401553965,50,20,20
1,3739,3.9032184198703735e-07,0.12268461921232145,0.22976095031044164,0.6475540401553941,50,20,20
1,3740,3.903218419927509e-07,0.12268461921131305,0.2295681660014267,0.6477468244654174,50,20,20
1,3741,3.903218419962552e-07,0.12381066508377118,0.2284421201105015,0.6477468244838849,50,20,20
1,3742,3.903218419973977e-07,0.12381066508377118,0.22844356689095283,0.6477453777034335,50,20,20
1,3743,3.903218419973985e-07,0.12381066508377112,0.22842960893739378,0.6477593356569927,50,20,20
1,3744,3.9032184371886583e-07,0.12381066508490665,0.22872817769812281,0.6474607668951264,50,20,20
1,3745,3.903218448405394e-07,0.12381066508496946,0.23520686972381274,0.6409820748693724,50,20,20
1,3746,3.903218448405383e-07,0.12381066508486555,0.23520660376622923,0.6409823408270597,50,20,20
1,3747,3.9032184483970027e-07,0.12381066508492612,0.23521455168572344,0.6409743929075049,50,20,20
1,3748,5.618531001130879e-07,0.12381311671967037,0.2352119281194969,0.6409743933077319,50,20,20
1,3749,5.618492956961341e-07,0.12381311185487036,0.22898907884593997,0.6471972474498929,50,20,20
1,3750,5.618492957716401e-07,0.12315092977912225,0.22965126084144266,0.6471972475301384,50,20,20
1,3751,5.618492957816112e-07,0.1231494342079358,0.22965275641257996,0.6471972475301875,50,20,20
1,3752,5.618492955822782e-07,0.12314943420793582,0.22965555272600363,0.6471944512167641,50,20,20
1,3753,5.618492963653898e-07,0.12314943420809589,0.22965806319745177,0.6471919407451553,50,20,20
1,3754,5.618492964830369e-07,0.12314943420809867,0.23315842611649779,0.6436915778261065,50,20,20
1,3755,5.618492953629483e-07,0.12314943420803096,0.22668087190825495,0.6501691320344183,50,20,20
1,3756,5.618492864457777e-07,0.12472381173964225,0.22510649437674168,0.6501691320343297,50,20,20
1,3757,5.618492864457569e-07,0.1247238117396403,0.2251063553709988,0.6501692710400744,50,20,20
1,3758,5.618895884363093e-07,0.1241602441815329,0.22566991829404215,0.6501692756348365,50,20,20
1,3759,5.618895827826693e-07,0.12416024417337354,0.23888857017707374,0.6369506237599698,50,20,20
1,3760,5.618896118782784e-07,0.12481550367852978,0.23823331075083387,0.6369506236810242,50,20,20
1,3761,5.618904115614321e-07,0.1248155036786833,0.2382359192351789,0.636948015195726,50,20,20
1,3762,5.618904016511567e-07,0.12481550367868323,0.23801480479528792,0.6371691296356271,50,20,20
1,3763,5.618904016512432e-07,0.12481289748849721,0.23801741098547424,0.6371691296356269,50,20,20
1,3764,5.618903843482425e-07,0.12481289748738021,0.23772501491899228,0.6374615257032432,50,20,20
1,3765,5.619031944039896e-07,0.1248128974877098,0.23756352829524438,0.6376230123138514,50,20,20
1,3766,5.619031973647122e-07,0.12481289895335738,0.23810839021514824,0.637078148928297,50,20,20
1,3767,5.619031233815431e-07,0.1248128989527223,0.23786469544922803,0.6373218436949264,50,20,20
1,3768,5.619031233820529e-07,0.12481321526599913,0.23786437913595238,0.6373218436949251,50,20,20
1,3769,5.619036431592382e-07,0.1248132152396225,0.2369327665228112,0.638253456333923,50,20,20
1,3770,5.619036414628113e-07,0.12481321523874919,0.23663921401208945,0.6385470088455197,50,20,20
1,3771,5.619036414636184e-07,0.12481321523874854,0.2364525153782398,0.63873370747937,50,20,20
1,3772,5.619036414636029e-07,0.12481321523874808,0.2366091275369538,0.6385770953206564,50,20,20
1,3773,5.619036414635163e-07,0.1248051735485626,0.2366171692258346,0.6385770953219612,50,20,20
1,3774,5.619036414632081e-07,0.12480517354850161,0.2366091215299587,0.6385851430178981,50,20,20
1,3775,5.619036414634265e-07,0.12480517354916804,0.23691170320256227,0.6382825613446282,50,20,20
1,3776,7.013564173971857e-07,0.12480250035247442,0.23684968940422693,0.638347108886881,50,20,20
1,3777,7.013564174090422e-07,0.12480250035247559,0.23685825512109956,0.6383385431700072,50,20,20
1,3778,7.013564177936396e-07,0.1248025003526202,0.2269691616727905,0.6482276366181712,50,20,20
1,3779,7.0135561839718e-07,0.1248025003524667,0.22696667876648313,0.6482301195254315,50,20,20
1,3780,7.01355654784622e-07,0.12480250035241353,0.21313642257473434,0.6620603757171972,50,20,20
1,3781,7.013556547845293e-07,0.12480250035241439,0.21314521089726093,0.6620515873946698,50,20,20
1,3782,7.013556547854377e-07,0.1248025003635063,0.21314952195100595,0.6620472763298327,50,20,20
1,3783,7.013556183979958e-07,0.124802500363478,0.21315240813568445,0.662044390145219,50,20,20
1,3784,7.013556194305962e-07,0.1248025003636142,0.20965148728684413,0.6655453109939221,50,20,20
1,3785,7.013556194304789e-07,0.12480250036294782,0.20954210234866913,0.6656546959327635,50,20,20
1,3786,7.013556194307968e-07,0.12480250036639104,0.2095533113812901,0.6656434868966992,50,20,20
1,3787,7.013556077687076e-07,0.12547869733255299,0.2088771144474375,0.6656434868644014,50,20,20
1,3788,7.013556077568532e-07,0.12547869733255335,0.2088687265909305,0.665651874720908,50,20,20
1,3789,7.013556077572595e-07,0.1254786973325468,0.20886869967490654,0.6656519016369387,50,20,20
1,3790,7.013556837045839e-07,0.12327593842350999,0.21107145858311027,0.6656519016376954,50,20,20
1,3791,7.01354920346207e-07,0.1232759365630217,0.2060887762093156,0.6706345858727417,50,20,20
1,3792,7.013549203453589e-07,0.12327593655202562,0.20608458719933792,0.6706387748937155,50,20,20
1,3793,7.013549203445864e-07,0.12327593655202009,0.20608016116459843,0.6706432009284606,50,20,20
1,3794,7.013552242981461e-07,0.12327622681634982,0.20607987089994304,0.6706432009284826,50,20,20
1,3795,7.013552242981423e-07,0.12327622681634887,0.2060762481980506,0.6706468236303759,50,20,20
1,3796,7.013552242981631e-07,0.12327391797869972,0.20607855703569972,0.6706468236303759,50,20,20
1,3797,5.7135140920555996e-06,0.12327391105349104,0.20613809699125357,0.6705822784411629,50,20,20
1,3798,5.713514090925875e-06,0.1232739110533635,0.2061389605477025,0.6705814148848427,50,20,20
1,3799,5.7135140909258685e-06,0.1232739110533635,0.20597524040881032,0.6707451350237349,50,20,20
1,3800,5.713514090925802e-06,0.12327391104706292,0.20596398996545554,0.6707563854733902,50,20,20
1,3801,5.713512980128748e-06,0.12327391104693211,0.20596072090496775,0.6707596545351195,50,20,20
1,3802,5.713512980103485e-06,0.12327391104666964,0.20595606503367214,0.6707643104066777,50,20,20
1,3803,5.323458943297873e-06,0.12327389318224555,0.205956553080391,0.6707642302784198,50,20,20
1,3804,5.323459279028757e-06,0.12340338859081847,0.20582696173195722,0.6707643262179444,50,20,20
1,3805,5.323446468975368e-06,0.12340338859040909,0.20582568579205296,0.6707656021710681,50,20,20
1,3806,5.323446503918647e-06,0.12340338859025322,0.20575672220631477,0.6708345657569272,50,20,20
1,3807,5.323446503824718e-06,0.1234033885902586,0.20575692001343923,0.6708343679497976,50,20,20
1,3808,5.323446503824685e-06,0.12200875613626874,0.20715155246742864,0.6708343679497978,50,20,20
1,3809,5.32344648007972e-06,0.12200782860808664,0.20715247368377634,0.6708343742616557,50,20,20
1,3810,5.323446477118959e-06,0.12200782714270969,0.20688778486264212,0.6710990645481698,50,20,20
1,3811,5.32344649502016e-06,0.12200782714184086,0.20652221801266712,0.6714646313989954,50,20,20
1,3812,5.3234464947334755e-06,0.1220078271418409,0.2065222512470278,0.6714645981646349,50,20,20
1,3813,5.3234464947334755e-06,0.1220078271418409,0.20652225016673942,0.6714645992449233,50,20,20
1,3814,5.323446494729402e-06,0.12200782714182498,0.20651736920947392,0.6714694802022048,50,20,20
1,3815,5.323446494731281e-06,0.12200782714182369,0.20650854615582015,0.6714783032558599,50,20,20
1,3816,5.3236719638149e-06,0.12201152357801641,0.20688160745748604,0.6711015452925324,50,20,20
1,3817,5.323651098689115e-06,0.12201152344184205,0.20657075184360474,0.6714124010634532,50,20,20
1,3818,5.323651099590148e-06,0.12201152344185076,0.20657543986322438,0.6714077130438237,50,20,20
1,3819,5.323651099589008e-06,0.12201152344185076,0.20657405820578487,0.6714090947012634,50,20,20
1,3820,5.323651139497444e-06,0.12943188692134336,0.19915369472860991,0.6714090946989059,50,20,20
1,3821,5.323651139497463e-06,0.12943188692134344,0.19915377837744128,0.6714090110500744,50,20,20
1,3822,5.3236511399142216e-06,0.13190360055922348,0.1966820729540883,0.6714090028355468,50,20,20
1,3823,5.323651139914241e-06,0.1319036005588241,0.19668171882998897,0.6714093569600454,50,20,20
1,3824,5.32365534920772e-06,0.13129280269164811,0.1972925166935474,0.6714093569594539,50,20,20
1,3825,5.323655349212827e-06,0.13129280269164817,0.1972928531575095,0.6714090204954918,50,20,20
1,3826,5.323655348311797e-06,0.13129280269163948,0.1972929563160227,0.6714089173369883,50,20,20
1,3827,5.837927723202002e-06,0.12816522970239302,0.20042001181874702,0.6714089205511355,50,20,20
1,3828,5.837927723200157e-06,0.12816522970239347,0.20054173948232917,0.6712871928875529,50,20,20
1,3829,5.837927723200099e-06,0.12816522970230118,0.20054169418701062,0.6712872381829638,50,20,20
1,3830,5.8379277231996824e-06,0.12816522970302605,0.20079735969735077,0.6710315726718987,50,20,20
1,3831,5.839644886343138e-06,0.12163295062708171,0.20732963703746368,0.6710315726905669,50,20,20
1,3832,5.83964488633803e-06,0.12163295062708178,0.2073295856417604,0.6710316240862702,50,20,20
1,3833,5.839644891061809e-06,0.12163295062847716,0.20733520043130763,0.6710260092953229,50,20,20
1,3834,5.839644891061802e-06,0.12163295062847218,0.20733494831451765,0.6710262614121179,50,20,20
1,3835,5.839644891061773e-06,0.12163295062846803,0.20733487851181193,0.6710263312148277,50,20,20
1,3836,5.840199019929663e-06,0.12162925419231815,0.20654666941109298,0.671818236197568,50,20,20
1,3837,5.840246435846239e-06,0.12179570582668715,0.2063802145298316,0.6718182393970445,50,20,20
1,3838,5.840246435846315e-06,0.12179570582668711,0.2063750332993274,0.6718234206275487,50,20,20
1,3839,5.840246435846483e-06,0.12179570582668711,0.20637503105131966,0.6718234228755565,50,20,20
1,3840,5.840246435846483e-06,0.12179570582668715,0.20637507260081797,0.6718233813260583,50,20,20
1,3841,5.840246435846483e-06,0.12179570582668715,0.20637520626814487,0.6718232476587314,50,20,20
1,3842,5.84024643584682e-06,0.12179570582668665,0.2062535216306694,0.6719449322962073,50,20,20
1,3843,5.840246435846828e-06,0.12179570582668665,0.20625349799828696,0.6719449559285897,50,20,20
1,3844,5.8402464358468335e-06,0.12179570582668679,0.20625735114806454,0.6719411027788122,50,20,20
1,3845,5.840246435846427e-06,0.12179570582668683,0.20625745151525152,0.6719410024116251,50,20,20
1,3846,5.8402464358481514e-06,0.12179570582681792,0.2062691799605501,0.6719292739661955,50,20,20
1,3847,5.84024643825245e-06,0.12175298952275254,0.20631189628284435,0.6719292739479641,50,20,20
1,3848,5.450396914451406e-06,0.1217528507441124,0.206312428116791,0.6719292707421813,50,20,20
1,3849,5.450396914451406e-06,0.12175285074384172,0.20602835048717913,0.6722133483720641,50,20,20
1,3850,5.450396918149419e-06,0.12175285054682158,0.20568566659196683,0.6725560324642931,50,20,20
1,3851,5.450396918149581e-06,0.12175285054682168,0.20568189915781293,0.6725597998984467,50,20,20
1,3852,5.450396918147856e-06,0.12175285054669063,0.20567019601031572,0.672571503046075,50,20,20
1,3853,5.4503969181479195e-06,0.12175285055671745,0.2251244958405471,0.6531172032058167,50,20,20
1,3854,5.450396918148202e-06,0.12175285055671918,0.22512167871831484,0.6531200203280472,50,20,20
1,3855,5.450396918181733e-06,0.12175285058814239,0.2252243940353397,0.653017304979599,50,20,20
1,3856,5.450396918181763e-06,0.12175285057811411,0.22576022105076468,0.6524814779742023,50,20,20
1,3857,5.4505595703461185e-06,0.12175285061600696,0.21856404583738814,0.6596776529870338,50,20,20
1,3858,5.4505595703446285e-06,0.12175285061602682,0.2185627782939078,0.6596789205304944,50,20,20
1,3859,5.4505595703446285e-06,0.12175285061604395,0.21856293463672954,0.6596787641876556,50,20,20
1,3860,5.450559570344609e-06,0.12175285061613217,0.21857206088503495,0.6596696379392621,50,20,20
1,3861,5.450396918224185e-06,0.12175285057415057,0.21823993063233338,0.6600017683965974,50,20,20
1,3862,5.450396918195679e-06,0.12175285054272607,0.21813711717226897,0.6601045818880863,50,20,20
1,3863,5.450396918195679e-06,0.12175285054298325,0.21814659993400562,0.6600950991260924,50,20,20
1,3864,5.450396918187024e-06,0.1217528505429759,0.21804942750001519,0.6601922715600904,50,20,20
1,3865,5.450396918186922e-06,0.12175285054297585,0.21785626606934042,0.6603854329907655,50,20,20
1,3866,5.533610773681037e-06,0.12175855600096519,0.21785047732796056,0.6603854330603006,50,20,20
1,3867,0.00048497569739095435,0.1217585193748593,0.21737107186357915,0.660385433064171,50,20,20
1,3868,5.411238264846608e-06,0.12175849573593651,0.21784986414830246,0.6603862288774962,50,20,20
1,3869,5.411238264846603e-06,0.12175849573594107,0.21863801676899455,0.6595980762567994,50,20,20
1,3870,5.411238264846507e-06,0.12175849574692357,0.21932361510308163,0.65891247791173,50,20,20
1,3871,5.411238264841496e-06,0.12175849574713023,0.2193284157581451,0.6589076772564598,50,20,20
1,3872,1.1477069254939488e-05,0.12178058860768129,0.21930025624158386,0.6589076780814794,50,20,20
1,3873,1.147706925493965e-05,0.12178058860767227,0.21929998793214106,0.6589079463909313,50,20,20
1,3874,5.959741425691603e-05,0.12175849574666088,0.2192739612847628,0.6589079455543191,50,20,20
1,3875,5.959741425219225e-05,0.12175849574526541,0.21926808750370333,0.6589138193367786,50,20,20
1,3876,5.959741425219256e-05,0.12175849574526534,0.21927081024629375,0.6589110965941885,50,20,20
1,3877,5.959741425219256e-05,0.12175849574526111,0.21847772810938068,0.6597041787311057,50,20,20
1,3878,5.9514200089303965e-05,0.1217526991748802,0.2184835993362758,0.6597041872887545,50,20,20
1,3879,5.951420008932439e-05,0.12175269916464465,0.21788844008369254,0.6602993465515732,50,20,20
1,3880,5.9514131278421476e-05,0.1215866910480237,0.21805444617056124,0.6602993486501363,50,20,20
1,3881,5.9514130758644214e-05,0.12158669104800623,0.218048062707544,0.6603057321136913,50,20,20
1,3882,5.951413076302706e-05,0.12158625233480741,0.218048506718778,0.6603057268156518,50,20,20
1,3883,5.951413076298313e-05,0.1215862523348034,0.2178267271149129,0.6605275064195208,50,20,20
1,3884,5.9514135029243456e-05,0.12153672790702105,0.21818240677012302,0.6602213511878268,50,20,20
1,3885,5.95141350000692e-05,0.12154282082774083,0.21817631385073255,0.6602213511865265,50,20,20
1,3886,5.95141350133779e-05,0.12154282082799733,0.21835121146804287,0.6600464535689464,50,20,20
1,3887,5.9514547856654316e-05,0.12154267981725946,0.2183513520659789,0.660046453568905,50,20,20
1,3888,5.9514547856654025e-05,0.12154267981725775,0.21835127273672078,0.6600465328981648,50,20,20
1,3889,5.9514135018953354e-05,0.12185633056836467,0.21803762239843671,0.6600465328981798,50,20,20
1,3890,5.9514135079163905e-05,0.12185633059473779,0.2180462950610898,0.6600378602090933,50,20,20
1,3891,5.951413507955805e-05,0.1218563305949469,0.21820869741884977,0.6598754578511238,50,20,20
1,3892,5.951413507955805e-05,0.12185633059494749,0.21821635092187505,0.6598678043480979,50,20,20
1,3893,5.9514135079558866e-05,0.12185633059515068,0.21822880049105436,0.6598553547787155,50,20,20
1,3894,5.951661181212143e-05,0.12185633060357175,0.21902074937099553,0.6590634034136208,50,20,20
1,3895,5.951661182049283e-05,0.12185633060764366,0.21901497184924115,0.6590691809312951,50,20,20
1,3896,5.9516614524106465e-05,0.12156937310017797,0.21930192925282216,0.659069181032476,50,20,20
1,3897,5.951661452415294e-05,0.12156145861428042,0.2193098437387041,0.6590691810324917,50,20,20
1,3898,5.9516614472549534e-05,0.12156145861427171,0.2193077450110125,0.6590712797602436,50,20,20
1,3899,5.951661026399351e-05,0.12186633203023904,0.21900287159996665,0.6590712797595307,50,20,20
1,3900,6.066869057013715e-05,0.12186633202618166,0.21901630099921898,0.6590566982840297,50,20,20
1,3901,6.066869057013901e-05,0.12186633202618166,0.21901630102103273,0.659056698262216,50,20,20
1,3902,6.066869057013903e-05,0.10357566564368162,0.23730696740351986,0.6590566982622286,50,20,20
1,3903,6.0668690571511524e-05,0.1035737637641275,0.2373088692805465,0.6590566982647545,50,20,20
1,3904,5.951661034833409e-05,0.10357401920458416,0.22692817879030008,0.6694382853947681,50,20,20
1,3905,5.951661034801928e-05,0.10357401920579362,0.2267728462150187,0.6695936179688404,50,20,20
1,3906,0.005862823457997136,0.1035740191759959,0.2209695421505031,0.6695936152155039,50,20,20
1,3907,0.005862823457997136,0.10357401917599526,0.22096184840893215,0.6696013089570755,50,20,20
1,3908,0.005862823417695135,0.10413892782917764,0.22039694439084692,0.6696013043622804,50,20,20
1,3909,0.005862823417695163,0.1041389278291775,0.22039697353395687,0.6696012752191706,50,20,20
1,3910,0.005862823417695163,0.10413892782917951,0.22040075997804265,0.6695974887750827,50,20,20
1,3911,0.005862823417695163,0.10413892782917802,0.22039703431942803,0.6696012144336989,50,20,20
1,3912,0.007772190731093174,0.10413892783115193,0.21848766701295966,0.669601214424795,50,20,20
1,3913,0.007772190731092396,0.1041389278309903,0.2184985923824667,0.6695902890554501,50,20,20
1,3914,0.007772190731092396,0.10413892783099028,0.21849863122816285,0.6695902502097539,50,20,20
1,3915,0.007772190731092396,0.10413892783099003,0.21849873053827648,0.6695901508996406,50,20,20
1,3916,0.007772190731094566,0.10413892783211402,0.236532067382165,0.6515568140546253,50,20,20
1,3917,0.007772190731081258,0.10413892783186035,0.23635721612761568,0.6517316653094417,50,20,20
1,3918,0.00777219073108123,0.10413892783186038,0.23635723777628312,0.6517316436607743,50,20,20
1,3919,0.00777219073108123,0.10413892783186134,0.23635974182154254,0.6517291396155138,50,20,20
1,3920,0.001963855704341899,0.10414269586893733,0.24216422448817115,0.6517292239385482,50,20,20
1,3921,0.001963855704341899,0.10413852768160935,0.24216839267551504,0.6517292239385323,50,20,20
1,3922,0.001963855704341899,0.10413852768160936,0.24216850939377627,0.651729107220271,50,20,20
1,3923,0.001963855704577456,0.0848211152209446,0.261485921854204,0.651729107220272,50,20,20
1,3924,0.0019638557045760373,0.08480641834521709,0.26150061873247465,0.6517291072177303,50,20,20
1,3925,0.0020736659356223653,0.08323633264955677,0.26296089420801744,0.6517291072068013,50,20,20
1,3926,0.00196989958850508,0.08323696085710741,0.263063948942944,0.6517291906114414,50,20,20
1,3927,0.0019698995885026704,0.08328608725238724,0.263014822547925,0.6517291906111831,50,20,20
1,3928,0.0019698995858316638,0.08325999122219026,0.26304091868040524,0.6517291905115714,50,20,20
1,3929,2.620226575582536e-05,0.08326202481454507,0.26498257058976354,0.6517292023299338,50,20,20
1,3930,2.6202309573512767e-05,0.09571071721311585,0.2525338278056271,0.6517292526716818,50,20,20
1,3931,2.620230948217512e-05,0.09571046177355637,0.24291875209029523,0.6613445838266644,50,20,20
1,3932,2.0156718216458943e-05,0.09573335993820713,0.24290185332205896,0.6613446300215158,50,20,20
1,3933,2.015671821645693e-05,0.09573335993820706,0.24290187848067635,0.6613446048628986,50,20,20
1,3934,2.0156718216456934e-05,0.09573335993821405,0.24379221913059257,0.6604542642129752,50,20,20
1,3935,2.0156718181068497e-05,0.0957333599382109,0.24379092747613737,0.6604555558674688,50,20,20
1,3936,2.0156718181068497e-05,0.0957333599382597,0.2575282979413403,0.646718185402217,50,20,20
1,3937,2.015671817682062e-05,0.0957333599380095,0.25735478994719235,0.6468916933966196,50,20,20
1,3938,2.01567181767409e-05,0.09573335993708129,0.2573651008920754,0.6468813824526649,50,20,20
1,3939,2.01567181767409e-05,0.09573335993707864,0.2573649086806133,0.6468815746641297,50,20,20
1,3940,2.0156718176754724e-05,0.0957333599370787,0.25736746292638524,0.6468790204183577,50,20,20
1,3941,2.0156718176754724e-05,0.0957333599370787,0.25736757654369835,0.6468789068010444,50,20,20
1,3942,2.0156719282606405e-05,0.09573335993606212,0.23938814308886974,0.6648583402557837,50,20,20
1,3943,2.0156719282606243e-05,0.09573335993606484,0.2393911720374172,0.6648553113072336,50,20,20
1,3944,2.0156719283003132e-05,0.09572961034079676,0.23939492163256046,0.664855311307358,50,20,20
1,3945,2.0156719303609004e-05,0.0957296103407969,0.2587958437863003,0.6454543891535975,50,20,20
1,3946,1.9899149108746594e-05,0.09572584716383224,0.25879994884032825,0.645454304846729,50,20,20
1,3947,1.9899149108773377e-05,0.09572584716383234,0.2666128587734886,0.6376413949135682,50,20,20
1,3948,1.9861792467902625e-05,0.09572584320247436,0.2666122066466384,0.6376420883584172,50,20,20
1,3949,1.986174865373053e-05,0.10075208134098299,0.26158601889412986,0.6376420380162314,50,20,20
1,3950,1.9861748653730533e-05,0.10075208134089372,0.2615859112010623,0.6376421457093886,50,20,20
1,3951,1.986174866645008e-05,0.10058143213736971,0.2617565604031295,0.6376421457108327,50,20,20
1,3952,1.9861758162821767e-05,0.10187237457359748,0.26046562658459693,0.6376421370836406,50,20,20
1,3953,1.9861758162821767e-05,0.10187237457359755,0.26046584213469176,0.6376419215335459,50,20,20
1,3954,1.9861758162818135e-05,0.10187237457406799,0.2604693021955333,0.637638461472234,50,20,20
1,3955,1.9861758162818135e-05,0.10187237457357769,0.26045210288590487,0.6376556607823526,50,20,20
1,3956,1.9862267043231638e-05,0.10296285678897624,0.25936161943475866,0.6376556615092199,50,20,20
1,3957,1.9862267030512086e-05,0.10315895362161756,0.2591655226035738,0.6376556615077762,50,20,20
1,3958,1.9862257718308798e-05,0.10192254416294422,0.26040193207023576,0.6376556615090994,50,20,20
1,3959,1.986225930513038e-05,0.10201802757021992,0.2603064486038893,0.6376556615665833,50,20,20
1,3960,1.986225930513038e-05,0.10201802757021992,0.2603066538063479,0.6376554563641249,50,20,20
1,3961,1.9862262290812798e-05,0.10201802757325028,0.26045727849826916,0.6375048316661878,50,20,20
1,3962,0.00019989346340247617,0.10024937576559559,0.26204417035518757,0.6375065604158126,50,20,20
1,3963,0.0001998934636145303,0.09967503732845857,0.26261837623562245,0.6375066929723026,50,20,20
1,3964,0.0001998934636145303,0.09967503735440701,0.26263504524650866,0.637490023935468,50,20,20
1,3965,0.00019989346361450988,0.0996750373536401,0.26254459565532473,0.6375804735274191,50,20,20
1,3966,0.00019989346361450988,0.09967503735363799,0.26253553172371585,0.6375895374590299,50,20,20
1,3967,0.00019989346361451183,0.09967503735384539,0.2626974336697008,0.6374276355128381,50,20,20
1,3968,0.00019989346361450972,0.09967503735391352,0.26281961548779104,0.6373054536946798,50,20,20
1,3969,0.0001998934636147774,0.09967503735391613,0.2628195493742187,0.6373055198082492,50,20,20
1,3970,0.0001998934634148714,0.08657719883412918,0.2759175204500883,0.6373053872523663,50,20,20
1,3971,0.00019989346341487218,0.08657719883371462,0.2759031090215062,0.637319798681363,50,20,20
1,3972,0.00019989346341487218,0.08657719883371337,0.275902959967426,0.6373199477354448,50,20,20
1,3973,0.00019989346341487218,0.08657719883371337,0.2759029568654712,0.6373199508373996,50,20,20
1,3974,0.00019989346341487218,0.08657719883383005,0.2750228705396987,0.6382000371630553,50,20,20
1,3975,0.00019989346341487218,0.08657719883355451,0.27473872871073013,0.6384841789922995,50,20,20
1,3976,0.000199893462540217,0.08642881166367339,0.2748768777421725,0.6384944171316126,50,20,20
1,3977,0.00019989346254022162,0.08642881166367675,0.2748743207571447,0.6384969741166372,50,20,20
1,3978,0.00019989346254022295,0.08642881166408342,0.27487603046293635,0.6384952644104388,50,20,20
1,3979,0.00019989346254022252,0.08642881166402754,0.2748734669698532,0.638497827903578,50,20,20
1,3980,0.00019989346254023014,0.08642881166402754,0.27487352244447394,0.6384977724289572,50,20,20
1,3981,0.00019989346255103413,0.08642881166402765,0.2748735285767216,0.6384977662966986,50,20,20
1,3982,0.00020003862860434085,0.08642881136895537,0.2748740662201808,0.6384970837822584,50,20,20
1,3983,0.00020003862860407318,0.08642881136895277,0.27487723591233426,0.6384939140901078,50,20,20
1,3984,0.0002000386285932692,0.08642881136910335,0.2748775178209517,0.6384936321813506,50,20,20
1,3985,0.0002000386285932689,0.08642881136910642,0.2748839670203319,0.6384871829819674,50,20,20
1,3986,0.00020003862859327106,0.08642881136910616,0.2748985013299105,0.638472648672389,50,20,20
1,3987,0.00020003862859327106,0.08642881134315758,0.27488154768361833,0.6384896023446297,50,20,20
1,3988,0.0002000386285932635,0.08642881135034206,0.27552436979466033,0.6378467802264033,50,20,20
1,3989,0.00020007158907069756,0.08640527838116281,0.27553498136326626,0.6378596686664992,50,20,20
1,3990,0.00020007158907069773,0.08640527838043738,0.27527918097339826,0.6381154690570927,50,20,20
1,3991,0.00020007158907069773,0.0864052783732529,0.2746364501002315,0.638758199937444,50,20,20
1,3992,0.00020007165895770293,0.08640527917944744,0.2752324966351096,0.6381621525264842,50,20,20
1,3993,0.0002000716589577026,0.08640527917600421,0.2752212894945345,0.6381733596705024,50,20,20
1,3994,0.00020007165895770257,0.08640527917600423,0.2752214230502913,0.6381732261147458,50,20,20
1,3995,0.00020007165895770257,0.08640527917600421,0.2752212011290646,0.6381734480359724,50,20,20
1,3996,0.00020003868873706403,0.08640558593424279,0.2752339453796447,0.6381604299973743,50,20,20
1,3997,0.00020003868873666724,0.08640460201052363,0.27523492930348875,0.6381604299972499,50,20,20
1,3998,0.0002000386917532285,0.08609613228806501,0.2751579115494474,0.6385459174707337,50,20,20
1,3999,0.002244336325814876,0.0860961599591707,0.2731136748305609,0.6385458288844521,50,20,20
1,4000,0.0022443363390854936,0.0860961599691056,0.273124977134778,0.6385345265570297,50,20,20
1,4001,0.002244336339085495,0.08609615996910575,0.2731257311482378,0.6385337725435697,50,20,20
1,4002,0.0022443363390854958,0.08609615996913146,0.2731238423997303,0.6385356612920515,50,20,20
1,4003,0.002244336339085491,0.08609615996912717,0.27312372431736853,0.6385357793744175,50,20,20
1,4004,0.0022443413078663947,0.08609242670081359,0.2731274526133918,0.6385357793779268,50,20,20
1,4005,0.0022443413078663947,0.08609242670095087,0.2880074290442753,0.6236558029469061,50,20,20
1,4006,0.0022443413078663947,0.08609242670096087,0.2880077552116811,0.6236554767794902,50,20,20
1,4007,0.002244341307866382,0.08609242670096093,0.288006705912734,0.6236565260784374,50,20,20
1,4008,0.0022446344456877564,0.08610095533756466,0.2879978840017186,0.6236565262150267,50,20,20
1,4009,0.0022446344456877564,0.08610095533756564,0.2879979321254699,0.6236564780912744,50,20,20
1,4010,0.0022446344456877594,0.08610095558371932,0.28095297250665335,0.6307014374639375,50,20,20
1,4011,0.0022446343782861872,0.0861049027464155,0.28094902326245796,0.6307014396128383,50,20,20
1,4012,0.0022446343782861872,0.08610490274641563,0.28096576770053283,0.6306846951747632,50,20,20
1,4013,0.0022446343753416494,0.08610106380417727,0.28135509173643003,0.6302992100840491,50,20,20
1,4014,0.0022446343753416585,0.08610106380418048,0.28135826114701606,0.6302960406734598,50,20,20
1,4015,0.0022446343753416585,0.08610106380418045,0.2813581833472381,0.6302961184732377,50,20,20
1,4016,0.0022446343749750013,0.08597034667466814,0.28148906117465833,0.630295957775696,50,20,20
1,4017,0.0022446343749778484,0.08597034700460345,0.27367550806992014,0.638109510550496,50,20,20
1,4018,0.0022446343749778536,0.08597034700445279,0.2736751415845774,0.6381098770359893,50,20,20
1,4019,0.0022446343726828725,0.08597034700665133,0.26018226806551825,0.6516027505551455,50,20,20
1,4020,0.0023559668145326064,0.08597433051235019,0.25982491344803316,0.6518447892250822,50,20,20
1,4021,0.0023559668145325965,0.08597433051234715,0.25982199095772485,0.6518477117153936,50,20,20
1,4022,0.0023559668145367134,0.08597433051375869,0.258107909528261,0.6535617931434418,50,20,20
1,4023,0.002064602740070405,0.08597085015489568,0.25864651715058895,0.6533180299544432,50,20,20
1,4024,0.0020646027389623818,0.08597085015458368,0.2585799749053873,0.6533845722010646,50,20,20
1,4025,0.0020646027389595325,0.08597084957835743,0.25855523562695326,0.6534093120557277,50,20,20
1,4026,0.0020646027389595325,0.0857932570849401,0.25873282812036397,0.6534093120557345,50,20,20
1,4027,0.0020646027389595325,0.085793257085169,0.2587210912868724,0.6534210488889972,50,20,20
1,4028,0.0020646027389595325,0.08579325708496231,0.2587259610948033,0.6534161790812731,50,20,20
1,4029,0.012759916935275326,0.08579325747863255,0.24803059919304593,0.6534162263930444,50,20,20
1,4030,0.012759916935275326,0.08579325747863255,0.24803055661741927,0.653416268968671,50,20,20
1,4031,0.012759916935275424,0.08579325748314658,0.25544394966950734,0.646002875912069,50,20,20
1,4032,0.012740060677812226,0.08579122487448868,0.24495798125639318,0.6565107331913044,50,20,20
1,4033,0.012740060677812227,0.08579122487448966,0.24495807095954444,0.6565106434881518,50,20,20
1,4034,0.012744206380229335,0.09311128941274648,0.23763386508319548,0.6565106391238268,50,20,20
1,4035,0.012744206380229441,0.09311128941275268,0.2376276164403905,0.6565168877666255,50,20,20
1,4036,0.012744206380307356,0.09311128943889303,0.2383572866054813,0.6557872175753164,50,20,20
1,4037,0.010705889504535491,0.09387924820117675,0.23962701316747773,0.6557878491268077,50,20,20
1,4038,0.010705889504534754,0.09419595836478817,0.23931030300386735,0.6557878491268073,50,20,20
1,4039,0.010705889504534754,0.09419595836478724,0.23931042527429125,0.6557877268563843,50,20,20
1,4040,0.0120633155095495,0.09419625990563782,0.23771357027702003,0.6560268543077905,50,20,20
1,4041,0.012063315507043473,0.09419231193674435,0.2370856018162963,0.6566587707399136,50,20,20
1,4042,0.012063315507043475,0.09419231193675116,0.23709028447238545,0.6566540880838179,50,20,20
1,4043,0.012063315507043475,0.09419231193675025,0.23709033657251413,0.65665403598369,50,20,20
1,4044,0.01206331556913603,0.09419231216175077,0.23772197987506363,0.6560223923940472,50,20,20
1,4045,0.01206331556913603,0.09419243710355726,0.23772185493325756,0.6560223923940471,50,20,20
1,4046,0.01206331556913603,0.09419243710405172,0.23773471714334463,0.6560095301834657,50,20,20
1,4047,0.01206331556913603,0.09419243710405757,0.2377349929376477,0.6560092543891569,50,20,20
1,4048,0.01206331556844534,0.09419243709876281,0.2373427847905785,0.6564014625422115,50,20,20
1,4049,0.012063315568441197,0.09419243709735177,0.23124408884073422,0.6625001584934715,50,20,20
1,4050,0.012063315568441361,0.0941924370964399,0.23124193119100833,0.6625023161441093,50,20,20
1,4051,0.012063315568441361,0.09419243709643997,0.231240497664227,0.6625037496708904,50,20,20
1,4052,0.012063315568441361,0.09419243709643968,0.23124586434651742,0.6624983829886004,50,20,20
1,4053,0.012063310623893682,0.09419288558430657,0.2312454206608959,0.6624983831309027,50,20,20
1,4054,0.01206301748631468,0.09418376006317439,0.23056067822688944,0.6631925442236201,50,20,20
1,4055,0.01206301846549135,0.0941834532301963,0.23056098408934544,0.6631925442149651,50,20,20
1,4056,0.012063018465491366,0.09393272244754886,0.23081171487198188,0.6631925442149762,50,20,20
1,4057,0.012063018436988952,0.11099409900190654,0.21375033849195077,0.6631925440691525,50,20,20
1,4058,0.01206301843698895,0.11099409900199207,0.21375331993303848,0.6631895626279791,50,20,20
1,4059,0.01206301843698895,0.11099409900200669,0.21375350084810937,0.6631893817128938,50,20,20
1,4060,0.012063018436911039,0.11099409897586644,0.21302390177409758,0.6639189808131237,50,20,20
1,4061,0.01206301837481847,0.11099409923635933,0.20202810273773594,0.6749147796510853,50,20,20
1,4062,0.012063018374818461,0.11099409923636008,0.20202736013405623,0.6749155222547643,50,20,20
1,4063,0.012063018374818461,0.11099409923627475,0.20202433295004177,0.6749185494388641,50,20,20
1,4064,0.01873576777376484,0.11099386059907115,0.19559083476985428,0.6746795368573085,50,20,20
1,4065,0.01873576777376484,0.11099386059907576,0.19558557106117574,0.6746848005659823,50,20,20
1,4066,0.01873576777376484,0.11099386059884253,0.1955761325027271,0.674694239124664,50,20,20
1,4067,0.01873576777376484,0.11099386059884266,0.19556167177103972,0.6747086998563512,50,20,20
1,4068,0.018735767773764834,0.11099386059884261,0.19556162959785237,0.6747087420295388,50,20,20
1,4069,0.018735767773764834,0.11099386059884248,0.19556057772446359,0.6747097939029277,50,20,20
1,4070,0.018735767773704802,0.11099386057247422,0.19555169163122707,0.6747186800225926,50,20,20
1,4071,0.0187357677737047,0.11099386057246802,0.19555156311081967,0.6747188085430064,50,20,20
1,4072,0.0187357677737047,0.11099386057234431,0.19554112231897644,0.6747292493349734,50,20,20
1,4073,0.0187357677737047,0.11099386057233847,0.19554091253422243,0.6747294591197334,50,20,20
1,4074,0.018735768744164008,0.10493130422702457,0.20160346790821276,0.6747294591205976,50,20,20
1,4075,0.018735768744164008,0.1049313042270244,0.20160335715945096,0.6747295698693595,50,20,20
1,4076,0.018735768744163994,0.1051820756937043,0.20135258569278164,0.6747295698693491,50,20,20
1,4077,0.018735768744164733,0.1049327869852898,0.2016018724211298,0.6747295718494146,50,20,20
1,4078,0.01873576874416478,0.10493278698529541,0.20160630690455453,0.6747251373659843,50,20,20
1,4079,0.01873576874416478,0.10493278698529059,0.20160610631625836,0.6747253379542851,50,20,20
1,4080,0.01873576874417017,0.10493278698532181,0.2017293785483693,0.6746020657221377,50,20,20
1,4081,0.01873576874417974,0.1049327869854164,0.20191809241417105,0.6744133518562317,50,20,20
1,4082,0.01873576874417974,0.10493278698541769,0.20191816465893708,0.6744132796114645,50,20,20
1,4083,0.018735782490263826,0.10493278650018921,0.19291953486376254,0.6834118961457838,50,20,20
1,4084,0.018735782490259038,0.10493278650015787,0.19279876681429978,0.6835326641952827,50,20,20
1,4085,0.018735861480026435,0.10497703702417173,0.19275443730051,0.683532664195291,50,20,20
1,4086,0.018735861480026393,0.1049770370241661,0.1927499967487135,0.6835371047470932,50,20,20
1,4087,0.018735847733942303,0.10497703702390124,0.19274499730006867,0.6835421179420871,50,20,20
1,4088,0.018735847733942303,0.10497703702392941,0.19275357461541076,0.6835335406267167,50,20,20
1,4089,0.018735847733942636,0.10497703746123836,0.1929474705412493,0.683339644263569,50,20,20
1,4090,0.018735847733942636,0.10497703746118622,0.19293880423830662,0.6833483105665639,50,20,20
1,4091,0.018735847733942636,0.10497703746118615,0.19294044743668923,0.6833466673681812,50,20,20
1,4092,0.018735847733942636,0.10497703746118603,0.1929403612587868,0.6833467535460838,50,20,20
1,4093,0.01873584773341977,0.10739884618377138,0.19051855253546005,0.6833467535473481,50,20,20
1,4094,0.01873584773341977,0.10739884618377143,0.19052707609956376,0.6833382299832443,50,20,20
1,4095,0.01873584773340365,0.12105391723254448,0.1768720050514971,0.6833382299825544,50,20,20
1,4096,0.018735847876546054,0.12107907168302519,0.17684685045613496,0.6833382299842934,50,20,20
1,4097,0.01873584690608675,0.1271414671497398,0.17078445596071157,0.6833382299834614,50,20,20
1,4098,0.018736560209954387,0.12714232702504855,0.17078360763883368,0.6833375051261625,50,20,20
1,4099,0.018730576197708106,0.12637862163007768,0.17155392867164676,0.6833368735005668,50,20,20
1,4100,0.018730576197708106,0.1263786216300822,0.17155405489569303,0.6833367472765162,50,20,20
1,4101,0.018730576197708106,0.12655193962445865,0.17138073690132313,0.6833367472765096,50,20,20
1,4102,0.018730576197708106,0.12655193962396408,0.171366536867772,0.6833509473105552,50,20,20
1,4103,0.018730576197708106,0.12655193962398648,0.18234342041422064,0.6723740637640836,50,20,20
1,4104,0.018730576197707495,0.12655193962400538,0.18234086284323758,0.6723766213350484,50,20,20
1,4105,0.018730576197707172,0.12655193918673566,0.1889291775062955,0.6657883071092604,50,20,20
1,4106,0.018730576197707172,0.12655193918673568,0.18893467775894016,0.6657828068566158,50,20,20
1,4107,0.018730576197707162,0.12655225884213908,0.18893435810356857,0.6657828068565841,50,20,20
1,4108,0.01873057619770716,0.12654454395404885,0.1889420729916628,0.66578280685658,50,20,20
1,4109,0.018730576197707155,0.12654454395364356,0.18894726938437426,0.6657776104642741,50,20,20
1,4110,0.018730576197707155,0.12654454395363723,0.18894269165574554,0.6657821881929092,50,20,20
1,4111,0.018732883547554268,0.1265437351743043,0.1889411402662665,0.665782241011874,50,20,20
1,4112,0.01873288354668208,0.12654190961043735,0.18892538769288336,0.6657998191499956,50,20,20
1,4113,0.01873288354668208,0.12654190962240403,0.18893441346153064,0.6657907933693817,50,20,20
1,4114,0.01873288354668208,0.12654190962240397,0.18892039602610894,0.6658048108048037,50,20,20
1,4115,0.01873288354668208,0.12654190961044617,0.18892904431346697,0.6657961625294034,50,20,20
1,4116,0.01873288354668208,0.12654190961044756,0.1889272649966915,0.6657979418461774,50,20,20
1,4117,0.01873288354668208,0.12654190961045111,0.18892750149151147,0.6657977053513539,50,20,20
1,4118,0.018729862269432507,0.12654185770875878,0.1889306984554873,0.6657975815663201,50,20,20
1,4119,0.018729862269458584,0.12654185433751253,0.1889581659416944,0.6657701174513329,50,20,20
1,4120,0.018729862269458584,0.12654185433751208,0.18895822039943608,0.6657700629935916,50,20,20
1,4121,0.018729862269458584,0.12654185433755738,0.1893644183480429,0.6653638650449395,50,20,20
1,4122,0.018729862269458577,0.12654185433755738,0.189361149732882,0.6653671336601005,50,20,20
1,4123,0.01872986215263197,0.12654185338033128,0.18020300334361886,0.6745252811234168,50,20,20
1,4124,0.01872986215263197,0.1265418533803314,0.1802030918652688,0.6745251926017669,50,20,20
1,4125,0.018729862152631997,0.12653282178637798,0.18021212345922202,0.674525192601767,50,20,20
1,4126,0.018729862152631997,0.1265328217863778,0.18021182820646942,0.6745254878545199,50,20,20
1,4127,0.018729862152631997,0.1265328217863745,0.18021187340655878,0.6745254426544338,50,20,20
1,4128,0.018729862152631997,0.1265328217864441,0.1806834060334824,0.6740539100274405,50,20,20
1,4129,0.018729862152631997,0.1265328217864341,0.18068312593478736,0.6740541901261455,50,20,20
1,4130,0.018729862152631997,0.12653282178663108,0.18094110466967248,0.6737962113910635,50,20,20
1,4131,0.0037837560253354834,0.1265577004212219,0.1958622700403902,0.6737962735130512,50,20,20
1,4132,0.0037837560253354842,0.1265577004213481,0.19653274423322473,0.6731257993200904,50,20,20
1,4133,0.0007064124635343227,0.12653275821777343,0.19963526456378033,0.6731255647549108,50,20,20
1,4134,0.0007064124637234878,0.1265327582177658,0.19937751912086263,0.673383310197647,50,20,20
1,4135,0.0007064124637234885,0.1265327582196053,0.19937711664451768,0.6733837126721524,50,20,20
1,4136,0.0007064124637234887,0.126532758219481,0.19871186258600293,0.6740489667307914,50,20,20
1,4137,0.0007064124635343237,0.12653275821944274,0.19856098833333266,0.674199840983689,50,20,20
1,4138,0.0007064124635343291,0.1265327582195408,0.1985611205944307,0.6741997087224931,50,20,20
1,4139,0.0007064117272336038,0.12653275770021855,0.1985495404801535,0.6742112900923931,50,20,20
1,4140,0.0007064117272336038,0.12653275770007133,0.19830023121312418,0.6744605993595697,50,20,20
1,4141,0.0007064117272336038,0.12653275770007133,0.19830018537332803,0.6744606451993659,50,20,20
1,4142,0.0007064117272240445,0.12653275772788103,0.1981216149131936,0.6746392156317002,50,20,20
1,4143,0.0007064117272238675,0.12653275772787587,0.1981215684857847,0.6746392620591144,50,20,20
1,4144,0.0007064117272238452,0.12653275772786446,0.19811731024825238,0.6746435202966579,50,20,20
1,4145,0.0007064117271565834,0.12653585674142087,0.19811421105241872,0.6746435204790023,50,20,20
1,4146,0.0007064110386995122,0.12653585652344895,0.19810639836083901,0.6746513340770112,50,20,20
1,4147,0.0007064110386995118,0.12653585652344773,0.1981063072127461,0.6746514252251054,50,20,20
1,4148,0.0007064110393854881,0.12653585819591215,0.1981066558994916,0.674651074865209,50,20,20
1,4149,0.0007064110393854881,0.12653585819591215,0.19810657755284983,0.674651153211851,50,20,20
1,4150,0.0007064110393854881,0.12653585819591212,0.19810645022328463,0.6746512805414162,50,20,20
1,4151,0.0007064110393854905,0.12653585819602764,0.19811038419946045,0.6746473465651249,50,20,20
1,4152,0.0007063310703177166,0.12681337790436983,0.19783294445966107,0.6746473465656502,50,20,20
1,4153,0.0007063310703171533,0.12681337787587496,0.19750316485480426,0.6749771261990025,50,20,20
1,4154,0.0007063309287511486,0.1267874284758473,0.19752911439813675,0.6749771261972636,50,20,20
1,4155,0.0007063309287511464,0.12678742848076346,0.19810283907409817,0.6744034015163859,50,20,20
1,4156,0.0007063309287511464,0.12678742848076138,0.19810296290758903,0.6744032776828972,50,20,20
1,4157,0.00070633092875131,0.12678742848053245,0.19810121660398106,0.6744050239867341,50,20,20
1,4158,0.00070633092875131,0.12678742848053245,0.198100945309465,0.6744052952812502,50,20,20
1,4159,0.0007022084266209632,0.11948413398256091,0.20540836280236213,0.6744052947884553,50,20,20
1,4160,0.0007022084266229143,0.11948413398255738,0.20541438103898838,0.6743992765518309,50,20,20
1,4161,0.0007022084266229149,0.11950289901703608,0.20539561600451123,0.674399276551829,50,20,20
1,4162,0.0007022084266230983,0.11950289901704095,0.20539567371033915,0.674399218845996,50,20,20
1,4163,0.000702253237389385,0.11963447361766766,0.20526396331259156,0.6743993098323502,50,20,20
1,4164,0.000702253237389385,0.1196344736176625,0.20526393797502696,0.67439933516992,50,20,20
1,4165,0.0007022532455548662,0.11935709872925894,0.20554131483529622,0.6743993331898888,50,20,20
1,4166,0.0007022532455548607,0.11935709872916264,0.21347027634897583,0.6664703716763053,50,20,20
1,4167,6.815096423042698e-08,0.1193571003067049,0.21417235412359223,0.6664704774187372,50,20,20
1,4168,6.81509641434679e-08,0.11935710030251649,0.20676420933147363,0.6738786222150442,50,20,20
1,4169,6.815096414346798e-08,0.11935710032093316,0.20706401527064675,0.6735788162574543,50,20,20
1,4170,6.81172845871698e-08,0.1193570984113804,0.20706379002433573,0.6735790434469977,50,20,20
1,4171,6.811728458860022e-08,0.11935709841138156,0.2070639232587013,0.673578910212631,50,20,20
1,4172,6.811747757608483e-08,0.11935709841138184,0.20706564138520656,0.6735771920859327,50,20,20
1,4173,6.811747760102566e-08,0.11935709841145915,0.20719233730008457,0.6734504961709772,50,20,20
1,4174,6.81174774373976e-08,0.119357098411463,0.20718930489837922,0.6734535285726788,50,20,20
1,4175,6.811747743739892e-08,0.119357098411463,0.20718930320050336,0.6734535302705548,50,20,20
1,4176,6.811747745403962e-08,0.11932152092272794,0.20722488068908068,0.6734535302707125,50,20,20
1,4177,6.81093112332514e-08,0.11870175066057553,0.20784465095943433,0.6734535302706776,50,20,20
1,4178,6.810931123331534e-08,0.11870175066089227,0.2081430539419333,0.673155127287862,50,20,20
1,4179,6.81093112318912e-08,0.11870175066114777,0.20815734355651938,0.6731408376730204,50,20,20
1,4180,6.810931123187728e-08,0.11870175066114597,0.2002280835019793,0.6810700977275623,50,20,20
1,4181,6.811068083960509e-08,0.11970370125198893,0.19922612892986905,0.6810701017074601,50,20,20
1,4182,6.811068077664688e-08,0.1197037012520117,0.1992329163531373,0.6810633142841691,50,20,20
1,4183,6.811068120162942e-08,0.11970370125168825,0.2053195604700126,0.6749766701676166,50,20,20
1,4184,6.811069747759214e-08,0.11970370125272199,0.20531746606786905,0.6749787645687103,50,20,20
1,4185,6.811069771621026e-08,0.10039523330191527,0.22462593388518892,0.6749787647021966,50,20,20
1,4186,6.811070440302291e-08,0.10039525487756577,0.22520976314805569,0.6743949138636729,50,20,20
1,4187,1.19524568035519e-07,0.10053195421009939,0.22507301231724422,0.6743949139480869,50,20,20
1,4188,1.195245680355178e-07,0.10053195420984297,0.22505868970346218,0.6744092365621255,50,20,20
1,4189,1.1952456803592124e-07,0.10053195420977337,0.22458881989553586,0.6748791063701214,50,20,20
1,4190,1.1952456803592537e-07,0.10053195420976448,0.22457120538956524,0.6748967208761009,50,20,20
1,4191,1.1952383590747604e-07,0.10053195257238463,0.2046842514660583,0.6947836764377199,50,20,20
1,4192,1.1952705865651777e-07,0.10053195259410141,0.2174887068905135,0.681979220988325,50,20,20
1,4193,1.497115758431502e-07,0.10079775481539205,0.21722287461709858,0.6819792208559321,50,20,20
1,4194,1.4971154750357939e-07,0.10128945332795862,0.21673117610582632,0.6819792208546661,50,20,20
1,4195,1.4971154750357542e-07,0.10128945332796307,0.2167313648457486,0.6819790321147395,50,20,20
1,4196,1.4969827688582326e-07,0.10128945334858461,0.21706032630118988,0.6816500706519473,50,20,20
1,4197,1.4969827688563824e-07,0.10128945334824711,0.21675678088830636,0.6819536160651682,50,20,20
1,4198,1.4969827689288008e-07,0.10128945334823759,0.2167567182648338,0.6819536786886503,50,20,20
1,4199,1.4969847697633142e-07,0.09900372099791183,0.21904245060298463,0.6819536787006254,50,20,20
1,4200,1.5060661799392078e-07,0.09900372164718578,0.21903791801353545,0.6819582097326599,50,20,20
1,4201,1.506066179939298e-07,0.09900372164742778,0.21905128032433105,0.6819448474216222,50,20,20
1,4202,1.5061708411765753e-07,0.09900372166353505,0.21870731960875275,0.6822888081106272,50,20,20
1,4203,1.8357862056331244e-05,0.09898645111605228,0.21870638300801915,0.682288808013871,50,20,20
1,4204,1.8357862056331047e-05,0.09898645111605661,0.2187079903822971,0.6822872006395889,50,20,20
1,4205,1.835786205439691e-05,0.09898645111653905,0.2187057202704096,0.682289470750996,50,20,20
1,4206,1.8357862054396915e-05,0.09898645109481252,0.22716432973300915,0.6738308613101229,50,20,20
1,4207,1.8357862063778012e-05,0.09898645131829481,0.22314694586661546,0.677848244953025,50,20,20
1,4208,1.835786206413993e-05,0.09898645131884978,0.22326782804100817,0.677727362778077,50,20,20
1,4209,1.8327678982730655e-05,0.09802939843699038,0.22290940827964467,0.6790428656043812,50,20,20
1,4210,1.8327678982723398e-05,0.09802939843699528,0.22290940162114536,0.6790428722628756,50,20,20
1,4211,1.832767898272339e-05,0.09802939843699526,0.22290938513631428,0.6790428887477069,50,20,20
1,4212,1.8276264674040018e-05,0.09789777260412025,0.2230410624121792,0.6790428887190255,50,20,20
1,4213,1.827626467404002e-05,0.09789777260412025,0.22305348233685623,0.6790304687943486,50,20,20
1,4214,1.8276264674253457e-05,0.09769760044932797,0.2232536544918062,0.6790304687941908,50,20,20
1,4215,1.8276263304727413e-05,0.09782780265705805,0.22312345626530086,0.6790304648143355,50,20,20
1,4216,1.8276263304727545e-05,0.09782780265705936,0.22356688413815018,0.6785870369414849,50,20,20
1,4217,1.8281158285385202e-05,0.09782789965191223,0.23777981289714467,0.6643740062926566,50,20,20
1,4218,1.8281158285385202e-05,0.09782789963350216,0.2374854007286196,0.6646684184795917,50,20,20
1,4219,1.8281457609100264e-05,0.10088412233845132,0.2342319323522615,0.6648656638516761,50,20,20
1,4220,1.82814576088703e-05,0.10018647921139733,0.2349295754792746,0.6648656638517171,50,20,20
1,4221,5.1224539371250497e-08,0.10362760227032,0.23150668265599056,0.6648656638491479,50,20,20
1,4222,5.122454690597593e-08,0.10343403923818913,0.23170024568810746,0.6648656638491544,50,20,20
1,4223,5.122454021978741e-08,0.10343401766253876,0.23111642091544318,0.6654495101974757,50,20,20
1,4224,5.1224540272018393e-08,0.1034340176575123,0.23053884617781878,0.6660270849401266,50,20,20
1,4225,5.12245122759906e-08,0.10343401762008796,0.23043960470512018,0.6661263264502776,50,20,20
1,4226,5.122414250729916e-08,0.10343401783447609,0.2174216500907843,0.6791442808505951,50,20,20
1,4227,5.122414250667578e-08,0.10343401783447638,0.21742360642658834,0.6791423245147908,50,20,20
1,4228,5.1224142506564204e-08,0.10437598616111607,0.21648163809997897,0.6791423245147604,50,20,20
1,4229,5.1224142507899644e-08,0.10437598616299942,0.21648802835635583,0.6791359342565003,50,20,20
1,4230,5.122414248197599e-08,0.10059794181718754,0.22026607270209658,0.6791359342565716,50,20,20
1,4231,5.1224142103201655e-08,0.10059794181615017,0.22014120977208837,0.6792607971876176,50,20,20
1,4232,5.122385677507462e-08,0.10059797140322305,0.22083526861426578,0.6785667087586527,50,20,20
1,4233,5.122243962400573e-08,0.10059773731129289,0.22214441293921133,0.6772577985270541,50,20,20
1,4234,5.1222439647035205e-08,0.10059773731010456,0.22550376498823207,0.6738984464792216,50,20,20
1,4235,5.1222439673416364e-08,0.10059773730986254,0.22549042980538472,0.6739117816623108,50,20,20
1,4236,5.1222439673415073e-08,0.10059773730986254,0.2254906031958179,0.6739116082718778,50,20,20
1,4237,5.122243957154348e-08,0.10059773730998771,0.22549492742411498,0.6739072840434557,50,20,20
1,4238,5.1222439519135996e-08,0.10059773730998503,0.22549499045699142,0.6739072210105819,50,20,20
1,4239,5.122243951920939e-08,0.10059773730998495,0.22548235120732382,0.6739198602602496,50,20,20
1,4240,5.037223883300602e-08,0.1005979291677891,0.22406200945729424,0.675340011002676,50,20,20
1,4241,5.0372238833571065e-08,0.10059792916800164,0.22407525079454094,0.6753267696652167,50,20,20
1,4242,5.0429513649453906e-08,0.10059790087161678,0.22370916854732212,0.6756928801515456,50,20,20
1,4243,6.15756233341211e-08,0.10059773571677139,0.2251303459286784,0.6742718567789251,50,20,20
1,4244,6.157240088352727e-08,0.10059773569517554,0.22497552138648086,0.674426681345941,50,20,20
1,4245,6.157220789604401e-08,0.10059773569517554,0.22497985286575414,0.6744223498668606,50,20,20
1,4246,6.157220789440393e-08,0.1043851547701756,0.22119243379082537,0.6744223498667894,50,20,20
1,4247,6.136015866179647e-08,0.10094426570282948,0.22463332293947655,0.6744223499975335,50,20,20
1,4248,6.136015884368089e-08,0.10094266567561856,0.22463492296486162,0.6744223499993592,50,20,20
1,4249,6.136015884557076e-08,0.10094266566678706,0.21582683847704814,0.6832304344960042,50,20,20
1,4250,6.136015884557071e-08,0.10094266566678059,0.2158217546927564,0.6832355182803025,50,20,20
1,4251,6.136015884500604e-08,0.10094266566657098,0.2158085004029232,0.6832487725703453,50,20,20
1,4252,6.136015884803331e-08,0.10094266566657098,0.21580435319654248,0.6832529197767262,50,20,20
1,4253,6.13601588473943e-08,0.10094266566657079,0.21580429575782123,0.6832529772154479,50,20,20
1,4254,6.136015131266851e-08,0.10116014601941567,0.21558681540499028,0.6832529772154414,50,20,20
1,4255,6.13601513125949e-08,0.10116014601941567,0.21558675436618346,0.6832530382542482,50,20,20
1,4256,6.130287555552199e-08,0.10116014439950836,0.21592123391447796,0.6829185603831369,50,20,20
1,4257,6.130267547283845e-08,0.10334907635489221,0.2137323019585255,0.6829185603839055,50,20,20
1,4258,6.130267547094491e-08,0.10334907635489485,0.21373235952236272,0.6829185028200656,50,20,20
1,4259,6.13026754709422e-08,0.10334907635489485,0.21373232835862918,0.682918533983799,50,20,20
1,4260,6.13026754709417e-08,0.10334907635507688,0.21372171068021448,0.6829291516620317,50,20,20
1,4261,6.144584622357591e-08,0.10334908636303998,0.21393108800282953,0.6827197641882827,50,20,20
1,4262,6.370734631071282e-08,0.10335326573405426,0.2040576632236354,0.6925890073349624,50,20,20
1,4263,6.370734631071497e-08,0.1033532657583074,0.2040741787272989,0.6925724918070459,50,20,20
1,4264,6.370734866524157e-08,0.10335326577904778,0.20474539000641878,0.691901280507183,50,20,20
1,4265,6.370734866525765e-08,0.10335326577872123,0.20475716750191839,0.69188950301201,50,20,20
1,4266,6.37077570103764e-08,0.10335326577872186,0.20478832881547163,0.6918583416980476,50,20,20
1,4267,6.370775701034986e-08,0.10335326577871448,0.20478691514461425,0.6918597553689125,50,20,20
1,4268,6.370774763137819e-08,0.1033532655571297,0.19783158375844428,0.6988150869766772,50,20,20
1,4269,6.370774762943955e-08,0.10335326555520961,0.197827097482477,0.6988195732545645,50,20,20
1,4270,6.370774762796667e-08,0.1033532655533251,0.19782062087493313,0.6988260498639928,50,20,20
1,4271,6.370774527465226e-08,0.1033532655325855,0.19715899114249985,0.699487679617168,50,20,20
1,4272,1.889458167258e-08,0.10325654824019312,0.19725584423507808,0.6994875886301457,50,20,20
1,4273,1.8894581779705935e-08,0.10266771645137578,0.19784467602418196,0.6994875886298588,50,20,20
1,4274,1.889458177970593e-08,0.10266771645137578,0.1978446764369083,0.6994875882171327,50,20,20
1,4275,1.8894591391599475e-08,0.10808275083769443,0.19242964127245607,0.6994875889952568,50,20,20
1,4276,1.663307243959758e-08,0.10807856992155038,0.18266084038905514,0.7092605730563207,50,20,20
1,4277,1.663307244798912e-08,0.10807856992154845,0.1826487491204767,0.7092726643249011,50,20,20
1,4278,1.6633056392667403e-08,0.10807856992038793,0.18711382374330274,0.7048075897032519,50,20,20
1,4279,1.6637241902755813e-08,0.10807857024909874,0.18692987918962775,0.7049915339240307,50,20,20
1,4280,2.4646900138184733e-08,0.10807833433946788,0.18693010716868266,0.7049915338449483,50,20,20
1,4281,2.4646900042873248e-08,0.10807833433946698,0.18693399178199013,0.704987649231642,50,20,20
1,4282,2.4646900016534553e-08,0.10807833433946706,0.1869340401645262,0.704987600849106,50,20,20
1,4283,2.4646905753766654e-08,0.10807833434118252,0.18728409780828909,0.7046375432036218,50,20,20
1,4284,2.4646905753765284e-08,0.10807833434118502,0.1872936597611746,0.7046279812507337,50,20,20
1,4285,2.464690577074641e-08,0.10807833434123369,0.18729636236488229,0.7046252786469772,50,20,20
1,4286,2.4646905907558697e-08,0.10807833434123248,0.18685138614683924,0.7050702548650213,50,20,20
1,4287,2.4646901146443997e-08,0.10807842013939589,0.1868430740255254,0.7050784811881773,50,20,20
1,4288,2.4646901146716847e-08,0.10807842013939682,0.18684607408366316,0.7050754811300385,50,20,20
1,4289,2.4646901138309248e-08,0.10807842013969136,0.18684636863744772,0.7050751865759594,50,20,20
1,4290,2.464690543499184e-08,0.10807842014166917,0.18685507034790902,0.705066484863516,50,20,20
1,4291,2.464690100101481e-08,0.10807842017196197,0.18686485795779195,0.7050566972233446,50,20,20
1,4292,1.6644254660410782e-08,0.1087707868453643,0.18617249933268373,0.7050566971776969,50,20,20
1,4293,1.6644254660419117e-08,0.1087707868596414,0.18618610428877475,0.7050430922073286,50,20,20
1,4294,5.862905205934622e-09,0.10878078429507815,0.18617739175846254,0.7050418180835536,50,20,20
1,4295,5.861149188925451e-09,0.10878078408060453,0.17921497512290835,0.7120042349353366,50,20,20
1,4296,5.861149188735425e-09,0.10878078408060483,0.17922001012673316,0.7119991999315115,50,20,20
1,4297,5.861149188735236e-09,0.1087807840806009,0.1792197813675358,0.7119994286907128,50,20,20
1,4298,5.861149188678526e-09,0.10878078404833713,0.17920155465447213,0.7120176554360401,50,20,20
1,4299,5.719484069121845e-09,0.1087807740660291,0.17918486009371154,0.7120343601207735,50,20,20
1,4300,5.719484091408924e-09,0.10878077406602214,0.1791846321747242,0.7120345880397677,50,20,20
1,4301,5.719484091850912e-09,0.10878077406602189,0.17918452986318845,0.7120346903513038,50,20,20
1,4302,5.427860201546207e-09,0.12318951812814519,0.16497299644224392,0.7118374800017488,50,20,20
1,4303,5.427860201548114e-09,0.12318951812814075,0.16497291665527417,0.7118375597887231,50,20,20
1,4304,5.427860201548117e-09,0.12318951812814075,0.16497291451323004,0.7118375619307672,50,20,20
1,4305,5.427860201547967e-09,0.12318951812813678,0.16495911777057232,0.7118513586734291,50,20,20
1,4306,5.427860316142945e-09,0.12297479838139068,0.1651738375173183,0.7118513586734292,50,20,20
1,4307,5.42786031614097e-09,0.12297479838139593,0.16517393188410115,0.711851264306641,50,20,20
1,4308,5.427873830561379e-09,0.12302979237831314,0.1651270801887356,0.7118431220050755,50,20,20
1,4309,5.589482946689488e-09,0.12302979240152298,0.1651276194036003,0.7118425826053918,50,20,20
1,4310,5.590879610320384e-09,0.12302979237574961,0.16550256622807308,0.7114676358052958,50,20,20
1,4311,5.590879593543887e-09,0.1230297923757009,0.1654999222856205,0.7114702797477971,50,20,20
1,4312,5.590879607661007e-09,0.12302979237599895,0.1657770528009166,0.7111931492322028,50,20,20
1,4313,5.590879585373592e-09,0.12302979237599895,0.1657769517243495,0.7111932503087698,50,20,20
1,4314,5.590879498632719e-09,0.12292890760114716,0.16587783649858034,0.711193250309391,50,20,20
1,4315,5.590879498624555e-09,0.12292890758687004,0.1658640586059427,0.7112070282163058,50,20,20
1,4316,5.590865983722435e-09,0.12312098152780468,0.1656720712517387,0.7112069416295888,50,20,20
1,4317,5.590865983719644e-09,0.1231209815278046,0.16567204514675943,0.7112069677345682,50,20,20
1,4318,5.5908659837382914e-09,0.1231209815035489,0.16565536908278738,0.711223643822796,50,20,20
1,4319,5.590866112484659e-09,0.12312098150355473,0.1656597549663328,0.7112192579392445,50,20,20
1,4320,5.5908661122113784e-09,0.12312098150356125,0.16565698720818336,0.7112220256973875,50,20,20
1,4321,5.590870126588934e-09,0.12293393797645967,0.16584403060582478,0.7112220258268437,50,20,20
1,4322,5.590870127399399e-09,0.12293393797646099,0.16584878930513136,0.7112172671275357,50,20,20
1,4323,5.590870121608772e-09,0.12255785188907838,0.16622487539313457,0.7112172671269151,50,20,20
1,4324,5.428884145799712e-09,0.12255785186589323,0.16622421454503972,0.7112179281601813,50,20,20
1,4325,5.42888414579939e-09,0.12255785186589029,0.16621262710904003,0.7112295155961839,50,20,20
1,4326,5.428884144588679e-09,0.12255785186588945,0.16620288672821956,0.7112392559770053,50,20,20
1,4327,5.421296206438963e-09,0.12468684317991202,0.1640739304449115,0.7112392209538788,50,20,20
1,4328,5.421296125639968e-09,0.11060013458079988,0.17816063717408617,0.7112392228238162,50,20,20
1,4329,5.421296125646598e-09,0.11060013458079652,0.17816701734171392,0.711232842656192,50,20,20
1,4330,5.4212961256331835e-09,0.11060013458079662,0.1781669481167662,0.7112329118811398,50,20,20
1,4331,5.336561421753873e-09,0.10990828180430111,0.17885880098335163,0.7112329118757844,50,20,20
1,4332,2.8001609432447125e-08,0.11000001415351472,0.17876704597039897,0.7112329118744755,50,20,20
1,4333,2.800160943238321e-08,0.11000001415351472,0.17876704905875124,0.7112329087861228,50,20,20
1,4334,5.958082948251872e-05,0.1045467845800715,0.18416072658240734,0.7112329080080373,50,20,20
1,4335,5.9580829482518725e-05,0.10454678458007587,0.18416564446492942,0.7112279901255109,50,20,20
1,4336,5.958082947678149e-05,0.1045467845783604,0.1838155899309022,0.7115780446612593,50,20,20
1,4337,5.958082947696203e-05,0.10454678521589048,0.1980325972643271,0.6973610366903045,50,20,20
1,4338,5.9580829476962074e-05,0.10454678521589317,0.2053918493392929,0.6900017846153355,50,20,20
1,4339,5.957609207673784e-05,0.10454674718431564,0.2047533538249625,0.690640322898644,50,20,20
1,4340,5.9576092076737064e-05,0.1045467471843069,0.2047482993078265,0.6906453774157888,50,20,20
1,4341,5.957609085169025e-05,0.10454674718787542,0.20473262648276283,0.6906610502385087,50,20,20
1,4342,5.95760893545127e-05,0.1045467539544032,0.2039406943925245,0.6914529755637164,50,20,20
1,4343,5.95760893545127e-05,0.10454675395439832,0.2039406030972483,0.6914530668589975,50,20,20
1,4344,5.9576089354511244e-05,0.10467400506915699,0.20381335193212344,0.6914530669093638,50,20,20
1,4345,6.0607615607374075e-05,0.10458210713053324,0.20390421729816033,0.6914530679556976,50,20,20
1,4346,6.0607615607380404e-05,0.10458210713572161,0.20391366906344902,0.6914436161852205,50,20,20
1,4347,6.060762176757507e-05,0.09886447208170876,0.20963130593774337,0.691443614358778,50,20,20
1,4348,6.060762176774076e-05,0.09886447208171396,0.20963281745254497,0.6914421028439713,50,20,20
1,4349,6.060745372083353e-05,0.09886441391937219,0.20977717555731235,0.6912978030695928,50,20,20
1,4350,6.060745369407576e-05,0.09886441391934694,0.20977783602501307,0.6912971426019441,50,20,20
1,4351,5.9553263282588646e-05,0.098864042390634,0.20923470403545252,0.6918417003106291,50,20,20
1,4352,5.9553263277861586e-05,0.0988640423906675,0.1950330290965954,0.7060433752494578,50,20,20
1,4353,5.955326327786433e-05,0.09886404239085599,0.19503585715847702,0.7060405471873876,50,20,20
1,4354,5.955326327841052e-05,0.09886404239087217,0.195036046722943,0.7060403576229051,50,20,20
1,4355,5.955326327838845e-05,0.09955642179286091,0.19434366732095473,0.7060403576229046,50,20,20
1,4356,5.955326327838212e-05,0.09955642178784149,0.19498374844143482,0.705400276507444,50,20,20
1,4357,5.955326327838286e-05,0.09955642179032502,0.19499455551611444,0.7053894694302808,50,20,20
1,4358,5.955326327838338e-05,0.09958509985450997,0.1949658775150393,0.705389469367171,50,20,20
1,4359,5.955326327838869e-05,0.09958509985450997,0.194972505387369,0.7053828414948413,50,20,20
1,4360,5.955326327825994e-05,0.09958509985450487,0.19497503461669827,0.7053803122655172,50,20,20
1,4361,5.9553263278270344e-05,0.09958510178580239,0.19522630059136697,0.705129044359551,50,20,20
1,4362,5.955325909276021e-05,0.09958510135847931,0.1950591132021103,0.7052962321803165,50,20,20
1,4363,5.9553259092760197e-05,0.09958510135847927,0.1950592358077325,0.7052961095746944,50,20,20
1,4364,5.955423185767303e-05,0.09958510667754711,0.19556240480484882,0.7047929342857451,50,20,20
1,4365,5.955423185767283e-05,0.09958510667754711,0.1955625206992226,0.7047928183913714,50,20,20
1,4366,5.9554231857670154e-05,0.09958510668243452,0.1957622181511182,0.7045931209345885,50,20,20
1,4367,5.955423185767016e-05,0.09958510668247744,0.19576548616815534,0.7045898529175082,50,20,20
1,4368,5.955423185791873e-05,0.09958510668247664,0.19576670035873925,0.7045886387269249,50,20,20
1,4369,5.955328110833576e-05,0.0995853940543055,0.1958077974022806,0.7045472552623042,50,20,20
1,4370,5.955328110833575e-05,0.09958539171864476,0.1958077997379414,0.7045472552623042,50,20,20
1,4371,5.9553281108343035e-05,0.09958539171864471,0.19581110510265362,0.7045439498975921,50,20,20
1,4372,5.955328110779686e-05,0.09958539171862853,0.19581091243994686,0.7045441425603155,50,20,20
1,4373,5.955328110779621e-05,0.09958539172820918,0.1906659198250822,0.7096891351655996,50,20,20
1,4374,5.955328110779621e-05,0.09958496801423891,0.19066634353905218,0.7096891351656,50,20,20
1,4375,5.9604253935589774e-05,0.09953813950963016,0.19071311871183688,0.7096891375245958,50,20,20
1,4376,5.977666647949495e-05,0.09953813528142427,0.19071278263518848,0.7096893054169062,50,20,20
1,4377,5.977666647949495e-05,0.09953813528143036,0.1909554271667063,0.7094466608853824,50,20,20
1,4378,5.9776666479495214e-05,0.09953813528143084,0.1909612040834363,0.709440883968652,50,20,20
1,4379,5.988097799595921e-05,0.09954357583415922,0.19095565742544177,0.7094408857624016,50,20,20
1,4380,5.988097799595922e-05,0.099543575834412,0.19096905947779402,0.7094274837097965,50,20,20
1,4381,5.9890948204755826e-05,0.09954357095652322,0.1767465171359813,0.7236500209592891,50,20,20
1,4382,5.989094820069162e-05,0.10031702543808368,0.17597306278508337,0.7236500208286306,50,20,20
1,4383,5.988097781517908e-05,0.10031702354682238,0.1764539788951273,0.7231691165802335,50,20,20
1,4384,5.98300228243905e-05,0.10040066605006155,0.17637038974851202,0.7231691141786005,50,20,20
1,4385,5.983002282439052e-05,0.10040066605005457,0.17612776714373435,0.7234117367833852,50,20,20
1,4386,5.983002282437458e-05,0.10040066605005435,0.171532997538696,0.728006506388424,50,20,20
1,4387,5.983002282648315e-05,0.10040066604791392,0.17152570741342923,0.7280137965158292,50,20,20
1,4388,5.983002282648325e-05,0.10040066604803136,0.1715260113970563,0.7280134925320847,50,20,20
1,4389,5.9830022826478366e-05,0.10040066602009823,0.17150849737605373,0.7280310065810204,50,20,20
1,4390,5.9830022826478326e-05,0.10040066601048407,0.17085538889800705,0.7286841150686812,50,20,20
1,4391,5.9830022826596355e-05,0.10040071383505281,0.18295696884045956,0.71658248730166,50,20,20
1,4392,5.983002282659636e-05,0.10040071383506122,0.18297435008933605,0.7165651060527751,50,20,20
1,4393,5.9830022826602867e-05,0.10040071525588866,0.18300777705552218,0.7165316776657616,50,20,20
1,4394,5.9830022824493985e-05,0.10040071525554559,0.18300905868434492,0.716530396037284,50,20,20
1,4395,5.983002282449392e-05,0.10040071525071623,0.18280701652704232,0.716732438199416,50,20,20
1,4396,5.9830022824493904e-05,0.10040071525071341,0.18280442281105558,0.7167350319154057,50,20,20
1,4397,5.965758769307984e-05,0.10040864524540448,0.1821787433841918,0.7173529537827096,50,20,20
1,4398,5.965758769307966e-05,0.11977814410154379,0.16280924452805223,0.7173529537827094,50,20,20
1,4399,5.96575876930692e-05,0.11977814217024617,0.1625579027332761,0.7176042975087832,50,20,20
1,4400,5.965758769306921e-05,0.11977814217024724,0.16255788842406182,0.7176043118179963,50,20,20
1,4401,5.965758769306192e-05,0.11977814217024718,0.16255457631124554,0.7176076239308127,50,20,20
1,4402,5.965758769306192e-05,0.11977814217024711,0.16255436025977615,0.717607839982282,50,20,20
1,4403,5.965758769307204e-05,0.11977814217024711,0.1627337015869047,0.7174284986551533,50,20,20
1,4404,5.965758769307204e-05,0.11977838142230049,0.16273346233485098,0.7174284986551537,50,20,20
1,4405,5.9657587696690434e-05,0.11978934304955605,0.1643143119787381,0.7158366873840076,50,20,20
1,4406,5.9657587696690434e-05,0.11978934304926007,0.16431380258482062,0.7158371967782212,50,20,20
1,4407,1.0476630455926155e-07,0.11978842937472745,0.16437426887350962,0.7158371969854568,50,20,20
1,4408,1.0476630455273315e-07,0.11978842795390018,0.16434078323093676,0.715870684048857,50,20,20
1,4409,1.0476630455293667e-07,0.11978842797165645,0.1651835527042239,0.7150279145578138,50,20,20
1,4410,1.0476630443910838e-07,0.11978842917957307,0.1657224491494801,0.7144890169046413,50,20,20
1,4411,1.0476630444928167e-07,0.11978842917927475,0.16543927140697023,0.7147721946474495,50,20,20
1,4412,1.0476619208125003e-07,0.11987269308173946,0.16535500750462861,0.7147721946474388,50,20,20
1,4413,1.0476619208125008e-07,0.11987269308175456,0.16537181597841294,0.7147553861736395,50,20,20
1,4414,1.047661921369716e-07,0.11987269369578173,0.16539679088584167,0.7147304106521837,50,20,20
1,4415,1.0476620692150109e-07,0.11986173206787652,0.17986160631724346,0.7002765568486722,50,20,20
1,4416,1.047662069215227e-07,0.11986173206787638,0.17986129291283895,0.7002768702530767,50,20,20
1,4417,1.0476622135776914e-07,0.11986173206873048,0.1799556949955924,0.7001824681694547,50,20,20
1,4418,1.1293106279855076e-07,0.1198512181405138,0.1799662025547551,0.7001824663736671,50,20,20
1,4419,1.1293106279855263e-07,0.11985121814050843,0.17995144715886216,0.7001972217695654,50,20,20
1,4420,6.449965057863408e-08,0.11985126894007443,0.17995144178899453,0.7001972247712793,50,20,20
1,4421,6.449965046502928e-08,0.11985126894006923,0.1799542549457236,0.7001944116145558,50,20,20
1,4422,6.449965072090248e-08,0.11985126894012751,0.18676948280518957,0.693379183755031,50,20,20
1,4423,6.44997403901151e-08,0.11985126894052561,0.18677403883142987,0.6933746277283029,50,20,20
1,4424,6.449974278441864e-08,0.1198512689412671,0.18593931829246635,0.6942093482665226,50,20,20
1,4425,6.449974314191666e-08,0.11985126894127955,0.18593656424095353,0.6942121023180227,50,20,20
1,4426,6.449974291370179e-08,0.11985126894128012,0.1859331046435577,0.6942155619154181,50,20,20
1,4427,6.449974267455793e-08,0.11905033050149254,0.18673404308368144,0.6942155619150822,50,20,20
1,4428,6.449974244677729e-08,0.11905037471526274,0.18042506697824748,0.7005244938067462,50,20,20
1,4429,6.44996527775645e-08,0.11905037471486446,0.18042024859378405,0.7005293121916977,50,20,20
1,4430,6.449965277756506e-08,0.119014538485937,0.18045608482271167,0.7005293121916975,50,20,20
1,4431,6.449965277746671e-08,0.11901453848582774,0.18047290031290486,0.7005124967016139,50,20,20
1,4432,6.449965277741536e-08,0.11981949311225318,0.17966794568648037,0.7005124967016133,50,20,20
1,4433,6.449965277841205e-08,0.11981949311208571,0.19827486680438075,0.6819055755838797,50,20,20
1,4434,6.449965305796755e-08,0.11981949311257076,0.19827635698488583,0.6819040854028894,50,20,20
1,4435,6.449965305796788e-08,0.11981949311232425,0.19827587720798978,0.6819045651800321,50,20,20
1,4436,6.449965318899357e-08,0.11981949311234433,0.19828032564527692,0.6819001167427247,50,20,20
1,4437,6.736030995652297e-07,0.11982063838680386,0.19827857050416067,0.6819001175059352,50,20,20
1,4438,6.736030995652298e-07,0.11982063838680382,0.19827856901578908,0.6819001189943069,50,20,20
1,4439,6.736030995654233e-07,0.11982063838687687,0.1982871701035255,0.6818915179064976,50,20,20
1,4440,6.73603105241755e-07,0.11982063838688277,0.1982815336836981,0.6818971543263133,50,20,20
1,4441,6.73603106651602e-07,0.11982063838692461,0.19828444945411278,0.6818942385558554,50,20,20
1,4442,6.736031066516011e-07,0.11982063838692766,0.19828467234549657,0.6818940156644687,50,20,20
1,4443,6.736031066516088e-07,0.11982063838692794,0.1982895189665858,0.6818891690433792,50,20,20
1,4444,6.736031066599047e-07,0.1198206383869952,0.19828498546215914,0.6818937025477386,50,20,20
1,4445,6.736031066584667e-07,0.11982063838699482,0.198285141031541,0.6818935469783572,50,20,20
1,4446,6.736031079226163e-07,0.11927458041963257,0.19883101564139116,0.6818937303358678,50,20,20
1,4447,6.736031079419936e-07,0.11964441501787755,0.198461181041644,0.68189373033737,50,20,20
1,4448,0.018471475223610468,0.11964436894172689,0.17993775133504097,0.6819464044996215,50,20,20
1,4449,0.018471475223610468,0.11964436894172081,0.17992978008328125,0.6819543757513873,50,20,20
1,4450,0.01847147522361048,0.1196443689417359,0.1799256803229002,0.6819584755117531,50,20,20
1,4451,0.01847147522361048,0.1196443689417359,0.17992567895120673,0.6819584768834467,50,20,20
1,4452,0.01847147522361048,0.11964436894174008,0.17992286178444464,0.6819612940502049,50,20,20
1,4453,0.01847147522361063,0.13759968181835366,0.1627110367970932,0.6812178061609425,50,20,20
1,4454,0.01847147522361061,0.1376083616899861,0.16270235692696286,0.6812178061594405,50,20,20
1,4455,0.018471475223612747,0.1376481760652322,0.16265558541330166,0.6812247632978533,50,20,20
1,4456,0.018470899416964996,0.13764701519563732,0.16265732149907508,0.6812247638883221,50,20,20
1,4457,0.018470899416964996,0.13764701519563738,0.16266912388881496,0.6812129614985822,50,20,20
1,4458,0.018470899416964996,0.1376466990207076,0.16266944006299114,0.6812129614993359,50,20,20
1,4459,0.018470899416975217,0.13763919041475217,0.16267694866796853,0.6812129615003037,50,20,20
1,4460,0.01847089941697524,0.13748426175911865,0.16283187662041565,0.6812129622034901,50,20,20
1,4461,0.01847089941697524,0.13752023069673286,0.16279590768279617,0.6812129622034954,50,20,20
1,4462,0.01847089941688266,0.13751201245849598,0.16342205834144863,0.6805950297831722,50,20,20
1,4463,0.0184782409249514,0.13751201297290325,0.14417896519713966,0.6998307809050052,50,20,20
1,4464,0.0184782409249514,0.13751201297290339,0.14417907457917237,0.6998306715229724,50,20,20
1,4465,0.0184782409249514,0.13751201297290327,0.14417878781244356,0.6998309582897013,50,20,20
1,4466,0.018470899416864233,0.1375120124584931,0.14401036379740484,0.7000067243272374,50,20,20
1,4467,0.01847089941686425,0.13751201246180714,0.14444834031067122,0.6995687478106568,50,20,20
1,4468,0.01847089941686425,0.13751201246180716,0.14445632458872887,0.699560763532599,50,20,20
1,4469,0.01847089941686425,0.13751201246180728,0.14446117041134363,0.6995559177099843,50,20,20
1,4470,0.01847089941686425,0.1375120124618083,0.1444613312057913,0.6995557569155355,50,20,20
1,4471,0.018470899416864195,0.1375120118477781,0.14443612072133147,0.6995809680140256,50,20,20
1,4472,0.018470899416864195,0.1375122667972485,0.14443586577186118,0.6995809680140255,50,20,20
1,4473,0.018470899416864195,0.13751226679721584,0.14443413552517995,0.6995826982607395,50,20,20
1,4474,0.018470899416864195,0.13746505760106834,0.14448134472129345,0.6995826982607735,50,20,20
1,4475,0.01847089941686411,0.13746505760074496,0.1444776349996584,0.699586407982732,50,20,20
1,4476,0.01847089941686411,0.1372143557575235,0.14472833684363676,0.699586407981975,50,20,20
1,4477,0.01847089941686411,0.1372143570943572,0.14474934708126086,0.6995653964075171,50,20,20
1,4478,0.018470899416862935,0.13721435708432397,0.14479239525626736,0.6995223482425449,50,20,20
1,4479,0.018470899416862804,0.1372143570843039,0.1447879490928601,0.6995267944059725,50,20,20
1,4480,0.01847089941690737,0.13663527610502404,0.14536702405100682,0.6995268004270611,50,20,20
1,4481,0.018470899416897148,0.13664303744245257,0.14535926271455601,0.6995268004260936,50,20,20
1,4482,0.018470899416897137,0.13664303744238526,0.1453592343302136,0.6995268288105033,50,20,20
1,4483,0.018470899416894147,0.1366430374413973,0.13990902484653872,0.7049770382951692,50,20,20
1,4484,0.01847089941689355,0.13717301093578999,0.1393792347096424,0.7049768549376734,50,20,20
1,4485,0.018470899416893366,0.13717301093563766,0.13937671663024984,0.7049793730172185,50,20,20
1,4486,0.018470899416887687,0.1371730109356313,0.1393765766694181,0.7049795129780624,50,20,20
1,4487,0.018470900038639874,0.13717301014710118,0.13934786030883298,0.7050082295054254,50,20,20
1,4488,0.018470900038638466,0.1371730101471409,0.13934512663045118,0.705010963183769,50,20,20
1,4489,0.018470900038636322,0.13723232269289182,0.139292868476836,0.705003908791635,50,20,20
1,4490,0.018470900355147483,0.1371331468235099,0.1393921176495451,0.7050038351717967,50,20,20
1,4491,0.018470900355147334,0.1391770889885966,0.13734817557534929,0.705003835080906,50,20,20
1,4492,0.018470900355147334,0.13917708898860073,0.13734840504115506,0.7050036056150961,50,20,20
1,4493,0.018470900355147334,0.13917708898859765,0.13736329752562276,0.7049887131306316,50,20,20
1,4494,0.018470900355147316,0.13917708898858394,0.13736311584254818,0.7049888948137198,50,20,20
1,4495,0.018470905400111357,0.13896029701569826,0.13757961031221905,0.7049891872719708,50,20,20
1,4496,0.01847090540011667,0.13896029703638146,0.1378361801074227,0.7047326174560784,50,20,20
1,4497,0.01847090540011671,0.13895477248537513,0.1378417046584181,0.7047326174560893,50,20,20
1,4498,0.01847090540011667,0.13691993723431883,0.13987653990771512,0.7047326174578487,50,20,20
1,4499,0.01847090540011667,0.13691993723431936,0.13988380359675268,0.7047253537688105,50,20,20
1,4500,0.01847090540011667,0.13691993723432513,0.1398893904473471,0.7047197669182104,50,20,20
1,4501,0.01847090540011667,0.13717092721966526,0.1396384004620135,0.7047197669182039,50,20,20
1,4502,0.01847090540011667,0.13717092721966664,0.13965003659817443,0.7047081307820416,50,20,20
1,4503,0.018470905400116425,0.13717092721968316,0.1396552051389844,0.7047029622412154,50,20,20
1,4504,0.018470905400116425,0.13717092721968321,0.13965521749836632,0.7047029498818332,50,20,20
1,4505,0.018470905400116425,0.13672419828639243,0.1401019464316571,0.7047029498818332,50,20,20
1,4506,0.02016409831825205,0.13671417352778506,0.13842143028494147,0.7047002978690202,50,20,20
1,4507,0.02016409831825205,0.13671417352778506,0.13842142943357433,0.7047002987203874,50,20,20
1,4508,0.02016409831826517,0.1367141735279403,0.13842399497412539,0.704697733179668,50,20,20
1,4509,0.0201640980347624,0.13671595540385778,0.1384192152964993,0.7047007312648793,50,20,20
1,4510,0.02016409803474928,0.1367159554037113,0.1384168928273593,0.704703053734179,50,20,20
1,4511,0.020164098034749296,0.13671595635051023,0.13921690284905217,0.7039030427656872,50,20,20
1,4512,0.02016409803474929,0.13671595635051928,0.1390379812804279,0.7040819643343024,50,20,20
1,4513,0.02016409803474929,0.13671595635048037,0.13903126729145746,0.704088678323312,50,20,20
1,4514,0.02016409803474929,0.136715956350478,0.13903115996631926,0.7040887856484527,50,20,20
1,4515,0.02016409803474929,0.1367159563504771,0.13903107073173554,0.7040888748830373,50,20,20
1,4516,0.020164098034749264,0.13671595635050246,0.13903811935834884,0.7040818262563987,50,20,20
1,4517,0.020164098036025913,0.13671595635050104,0.13903913887566377,0.7040808067378085,50,20,20
1,4518,0.02016409803602735,0.13671595635050082,0.13912519813839255,0.7039947474750785,50,20,20
1,4519,0.02016409803602735,0.13671595635041908,0.13969474470896787,0.7034252009045848,50,20,20
1,4520,0.020164098039670845,0.13671595553343285,0.14020404813519394,0.7029158982917016,50,20,20
1,4521,0.020164098039670845,0.13671595553343946,0.1402043257340365,0.7029156206928525,50,20,20
1,4522,0.02016409803971428,0.13671595551275495,0.1399463098087997,0.7031736366387302,50,20,20
1,4523,0.020164098039714286,0.1367159555127616,0.14006115769801128,0.703058788749512,50,20,20
1,4524,0.02016409803971445,0.1367159545669421,0.13938373978713833,0.7037362076062043,50,20,20
1,4525,0.02016409803971442,0.13671591035322864,0.13888390654504304,0.7042360850620131,50,20,20
1,4526,0.020164097560755673,0.136717342190546,0.13891114395805176,0.7042074162906456,50,20,20
1,4527,0.020164067984606973,0.13671847800416542,0.1389100391629172,0.7042074148483093,50,20,20
1,4528,0.020164063285185815,0.13673558421747345,0.13889323009036206,0.7042071224069771,50,20,20
1,4529,0.02016406328518589,0.13673558421783133,0.13909103602186124,0.7040093164751201,50,20,20
1,4530,0.02016406328518589,0.1367355842178266,0.139087130250317,0.704013222246669,50,20,20
1,4531,0.02016406328518594,0.13673558288099302,0.13911880504938237,0.7039815487844373,50,20,20
1,4532,0.02016406328518594,0.1350320148829561,0.14082237297812675,0.7039815488537299,50,20,20
1,4533,0.020164063285171504,0.135032014882102,0.14073035972018497,0.7040735621125406,50,20,20
1,4534,0.020164063285171497,0.13503201488238964,0.14088374286890784,0.7039201789635301,50,20,20
1,4535,0.020164063285171497,0.1350320149076367,0.14180712118169228,0.7029968006254985,50,20,20
1,4536,0.02016406328517149,0.13503201490790276,0.14180546496478524,0.7029984568421397,50,20,20
1,4537,0.020164063285170272,0.13503201489943814,0.14175436594309887,0.7030495558722919,50,20,20
1,4538,0.020164063285170272,0.1350320148994314,0.14175414297095415,0.7030497788444433,50,20,20
1,4539,0.01140972606835124,0.13503200992710573,0.150561162374173,0.7029971016303692,50,20,20
1,4540,0.011409726067074593,0.1350320099271057,0.15056017360191853,0.7029980904039005,50,20,20
1,4541,0.011409726067074992,0.1350320099340278,0.15055288420136737,0.7030053797975292,50,20,20
1,4542,0.011409726067074992,0.13503200993402834,0.1505529337079047,0.7030053302909913,50,20,20
1,4543,0.011409726120191102,0.13503201245668497,0.1557488784643643,0.6978093829587588,50,20,20
1,4544,0.011409726120146615,0.13564151857707285,0.15513937906827613,0.6978093762345037,50,20,20
1,4545,0.011409726120146495,0.13564151856990223,0.15513329892476557,0.697815456385185,50,20,20
1,4546,0.011409726120146495,0.13564151854465517,0.1542100668317252,0.6987386885034723,50,20,20
1,4547,0.011418330225810484,0.1356403719737713,0.154201612898561,0.6987396849018565,50,20,20
1,4548,0.01141833024068744,0.1279862094536175,0.1618557754038764,0.6987396849018177,50,20,20
1,4549,0.01141833024068744,0.12798620945362277,0.16185602719817285,0.698739433107516,50,20,20
1,4550,0.011418330240687162,0.12798620945361852,0.1618559676413983,0.698739492664295,50,20,20
1,4551,0.01141833024068722,0.12798620945390796,0.16186128401685726,0.6987341762885467,50,20,20
1,4552,0.01141833024068722,0.12798620945391648,0.1618614387676535,0.6987340215377418,50,20,20
1,4553,0.01141833024068722,0.12798620945380143,0.16185022592268322,0.6987452343828272,50,20,20
1,4554,0.011418330243921162,0.1279862092996212,0.16763298009775734,0.6929624803586996,50,20,20
1,4555,0.011418330243921162,0.1279860818290575,0.1676331075683213,0.6929624803586993,50,20,20
1,4556,0.011418330243921162,0.1279712486412762,0.1676479407561029,0.6929624803586991,50,20,20
1,4557,0.011418330243927624,0.12797124864127624,0.16765185364329097,0.6929585674715046,50,20,20
1,4558,0.011418330243927624,0.12742032160968964,0.16820278067487682,0.6929585674715055,50,20,20
1,4559,0.01141833025241547,0.1274203216100005,0.1682625015972822,0.6928988465403013,50,20,20
1,4560,0.01141833025241547,0.1274203216099998,0.16826242096029645,0.6928989271772877,50,20,20
1,4561,0.011418330199299309,0.12742031908791382,0.16300252392491074,0.6981588267878756,50,20,20
1,4562,0.011418330199299252,0.12742031908762438,0.16299702150225928,0.6981643292108167,50,20,20
1,4563,0.01141833019929279,0.1274203190876245,0.1629933613465253,0.6981679893665569,50,20,20
1,4564,0.01141833019929279,0.12742031908769902,0.16299478442817045,0.6981665662848374,50,20,20
1,4565,0.01141833019929279,0.127420319087701,0.16242521967395876,0.6987361310390476,50,20,20
1,4566,0.011418330199243945,0.1274203190876982,0.16242278455765102,0.6987385661554071,50,20,20
1,4567,0.011418336471639447,0.12833320456938324,0.16131355071084694,0.6989349082481301,50,20,20
1,4568,0.011418336471639447,0.12933001901419378,0.16031673626603696,0.6989349082481294,50,20,20
1,4569,0.01141833647163945,0.1293300190194186,0.16032486442010666,0.6989267800888349,50,20,20
1,4570,0.011418529426621542,0.129311565081134,0.1603431254205007,0.6989267800717429,50,20,20
1,4571,0.011418529426621688,0.12931156508111635,0.1603365582880859,0.6989333472041751,50,20,20
1,4572,0.011418529426865815,0.12931156508112085,0.16032564260694776,0.6989442628850646,50,20,20
1,4573,0.011418529426865815,0.12931156508112068,0.16032708627829956,0.698942819213713,50,20,20
1,4574,0.01141852942686515,0.12932466644528534,0.16031398491381796,0.6989428192140307,50,20,20
1,4575,0.011418529411988197,0.1370252383375552,0.1526134130363956,0.6989428192140601,50,20,20
1,4576,0.011418529411988197,0.13702523833752986,0.15260636373509062,0.6989498685153903,50,20,20
1,4577,0.011418529411988197,0.1370252383375302,0.1526245807609169,0.6989316514895637,50,20,20
1,4578,0.011418529411988197,0.13702523833753108,0.15262457908870442,0.6989316531617753,50,20,20
1,4579,0.011418529411988423,0.13902443921185112,0.15062537821421831,0.698931653161941,50,20,20
1,4580,0.011418529412016805,0.13879075938406843,0.15085905793728396,0.6989316532666296,50,20,20
1,4581,0.011418529412016763,0.13879075938643334,0.15066168205444394,0.6991290291471048,50,20,20
1,4582,0.011418529412017027,0.13879075938637586,0.15068787134440748,0.6991028398571985,50,20,20
1,4583,0.011418529412017027,0.1387907593863755,0.1506696723007604,0.699121038900846,50,20,20
1,4584,0.011410011076698985,0.13889538857248504,0.15057454349060745,0.699120056860208,50,20,20
1,4585,0.011410011076698985,0.13889538857248507,0.1505746691032825,0.6991199312475329,50,20,20
1,4586,0.011410011076698985,0.13889538857249206,0.15058006184596207,0.6991145385048462,50,20,20
1,4587,0.011410335340654283,0.1389316773929773,0.15074228739525397,0.6989156998711137,50,20,20
1,4588,0.011410335340654283,0.13893167739271126,0.1507372603738407,0.6989207268927932,50,20,20
1,4589,0.011410335340656242,0.13893277293215245,0.15073616483436383,0.6989207268928267,50,20,20
1,4590,0.011410335340656242,0.1389327729321569,0.15073627057325134,0.6989206211539348,50,20,20
1,4591,0.011410335340656242,0.138932772932157,0.1507365436522951,0.698920348074891,50,20,20
1,4592,0.011410335340656242,0.13893277293215797,0.15074379155409262,0.6989131001730924,50,20,20
1,4593,0.011410335340656242,0.13893277293158768,0.1507433635346015,0.6989135281931538,50,20,20
1,4594,0.011410335340656242,0.1389327729315867,0.15073611883530508,0.6989207728924512,50,20,20
1,4595,0.011410335340656242,0.13893277293158676,0.15073608256042823,0.6989208091673281,50,20,20
1,4596,0.02154903951861313,0.13893277298130993,0.14059736591640554,0.6989208215836707,50,20,20
1,4597,0.0223874619873095,0.1388291345938956,0.1396642664470249,0.6991191369717695,50,20,20
1,4598,0.022387707004186665,0.13889236634095029,0.13960095493967117,0.699118971715191,50,20,20
1,4599,0.022387707004186665,0.1388923663409459,0.13960786766154956,0.6991120589933171,50,20,20
1,4600,0.022387707004186665,0.13889236634094568,0.1396075946869375,0.6991123319679293,50,20,20
1,4601,0.022387707004186665,0.13889236634094457,0.13961117667810988,0.6991087499767581,50,20,20
1,4602,0.022387707004186665,0.13889236634093577,0.1396109030372149,0.6991090236176616,50,20,20
1,4603,0.022387707004186696,0.1388923663409421,0.13961553173003322,0.6991043949248369,50,20,20
1,4604,0.022387707004186554,0.13889236634289087,0.13962329432796156,0.69909663232496,50,20,20
1,4605,0.022387707004187806,0.13308188541603536,0.145433775256749,0.6990966323230267,50,20,20
1,4606,0.022387707004194127,0.13471956195130655,0.14379609879048014,0.6990966322540179,50,20,20
1,4607,0.022387707004194127,0.1347195619512975,0.1437958607866028,0.6990968702579042,50,20,20
1,4608,0.02238770700419395,0.13471956195031665,0.14367338517993455,0.6992193458655536,50,20,20
1,4609,0.02238770700419395,0.13471956195032042,0.14369065788910063,0.6992020731563839,50,20,20
1,4610,0.023412008615201475,0.13465490320725748,0.14210160531229218,0.6998314828652475,50,20,20
1,4611,0.023412008615201475,0.1346549032072555,0.1421015603465591,0.6998315278309825,50,20,20
1,4612,0.02341200861519957,0.13465111886211362,0.14210534469173658,0.6998315278309489,50,20,20
1,4613,0.02341200861519957,0.13465111886211362,0.14210538694627287,0.6998314855764126,50,20,20
1,4614,0.02341200861519957,0.1346511188622282,0.1421154993481911,0.6998213731743799,50,20,20
1,4615,0.02341200861519916,0.13465111886221862,0.1421141457885343,0.6998227267340467,50,20,20
1,4616,0.02341200861519916,0.13465111886221545,0.14212150415405478,0.6998153683685292,50,20,20
1,4617,0.023412008676296094,0.1346511189058977,0.1421130644920357,0.699823807925769,50,20,20
1,4618,0.023412008676296087,0.13465111890589032,0.14211169296804319,0.699825179449769,50,20,20
1,4619,0.023412008676296087,0.13465111890588652,0.14209901114943502,0.699837861268381,50,20,20
1,4620,0.023412008676357735,0.11664405307484323,0.160106076978626,0.6998378612701716,50,20,20
1,4621,0.003963065880507258,0.11667533772157754,0.1795235126612312,0.6998380837366828,50,20,20
1,4622,0.003963065880507258,0.11667533772157754,0.17952350954240814,0.6998380868555059,50,20,20
1,4623,0.003963065880507258,0.11667533772157647,0.17952347882238953,0.6998381175755257,50,20,20
1,4624,0.0039630658805072765,0.11667533785172683,0.19845474703589916,0.680906849231866,50,20,20
1,4625,0.0039630658805072765,0.11667533785172683,0.1984548734126988,0.6809067228550664,50,20,20
1,4626,0.003963065880507277,0.11667533785172683,0.19845480232060073,0.6809067939471645,50,20,20
1,4627,0.0039630658805072765,0.11667533785172683,0.19845474964529292,0.6809068466224723,50,20,20
1,4628,0.003963065877273445,0.11667533736890241,0.1984485573219349,0.6809130394318881,50,20,20
1,4629,0.003963065877273445,0.11667533736890241,0.1984485118564763,0.6809130848973466,50,20,20
1,4630,0.003963065816176512,0.11667533732524685,0.1984417054781363,0.6809198913804393,50,20,20
1,4631,0.0039630658161765794,0.11667533732526333,0.1985173322256835,0.6808442646328756,50,20,20
1,4632,0.003963069334853927,0.11667533743527576,0.19692406841480178,0.682437524815068,50,20,20
1,4633,0.003963069334853927,0.11665726460725294,0.196942141243157,0.6824375248147355,50,20,20
1,4634,0.003963564922206342,0.1161692667064422,0.19743013499880457,0.6824370333725465,50,20,20
1,4635,0.003963564922206848,0.11616926671098961,0.19743919620573075,0.6824279721610723,50,20,20
1,4636,0.003963564931325207,0.11419491001148602,0.19941332520362082,0.6824281998535675,50,20,20
1,4637,0.003963564931325207,0.11419491001137144,0.1994032403167096,0.6824382847405933,50,20,20
1,4638,0.003963564931325207,0.11419491001137141,0.19940087527025732,0.6824406497870454,50,20,20
1,4639,0.003963564931325207,0.11419491001136903,0.19939986820469777,0.6824416568526077,50,20,20
1,4640,0.003963564931325695,0.11419491001136896,0.19939986277126137,0.6824416622860439,50,20,20
1,4641,0.003963564931325431,0.1141949100113514,0.1993651957915862,0.6824763292657368,50,20,20
1,4642,0.003963564931325431,0.11419491001135194,0.19936356457178533,0.6824779604855372,50,20,20
1,4643,0.003963564931325431,0.11419491001135194,0.19937163299159358,0.6824698920657291,50,20,20
1,4644,0.003963564931440282,0.11421063799992202,0.19935590499170686,0.6824698920769307,50,20,20
1,4645,0.003963564931440312,0.11421063799988629,0.19935365028021926,0.6824721467884539,50,20,20
1,4646,0.003963564931440312,0.1142106379998877,0.2073919640753536,0.6744338329933182,50,20,20
1,4647,0.003963564931440318,0.11421063799988586,0.20739185275631108,0.6744339443123627,50,20,20
1,4648,0.003963564931440316,0.11421063799991166,0.20739194341422149,0.6744338536544263,50,20,20
1,4649,0.003963564931411933,0.11443153772529063,0.20717104379355925,0.6744338535497384,50,20,20
1,4650,0.003963564931411933,0.11443153772583761,0.20718867970342777,0.6744162176393229,50,20,20
1,4651,0.0031250529652723314,0.11466758712391042,0.20798947000653223,0.674217889904285,50,20,20
1,4652,0.0031250529652723236,0.11466758712389327,0.20798910797771328,0.674218251933121,50,20,20
1,4653,0.003125052965272591,0.11466758712389337,0.20798915226268627,0.6742182076481477,50,20,20
1,4654,0.0031250529652725595,0.11466758712112751,0.20798072308788548,0.6742266368257147,50,20,20
1,4655,0.003125052965272559,0.11466758712117164,0.20811983600255446,0.6740875239110018,50,20,20
1,4656,0.0031250529652720534,0.11466758711662442,0.20811108775358933,0.6740962721645145,50,20,20
1,4657,0.003125053103397408,0.11475419151442112,0.2090755588349407,0.673045196547241,50,20,20
1,4658,0.003125053103397407,0.1147541915141119,0.20903340884115174,0.6730873465413392,50,20,20
1,4659,0.003125053094909629,0.11475419151379546,0.2089681940212469,0.673152561370048,50,20,20
1,4660,0.0031250530949096297,0.11475419151379837,0.20896799512437592,0.6731527602669162,50,20,20
1,4661,0.0031250530949096327,0.11475419151379834,0.2089656739940487,0.6731550813972434,50,20,20
1,4662,0.0031250530949033096,0.1148203959380872,0.20889946957005154,0.6731550813969583,50,20,20
1,4663,0.003124226938638332,0.1143574761604768,0.20936322560594117,0.6731550712949441,50,20,20
1,4664,0.003124226938394204,0.11435747616051978,0.20950191069223084,0.6730163862088555,50,20,20
1,4665,0.0031242269383942923,0.11435747616089893,0.20950634670062482,0.6730119502000825,50,20,20
1,4666,0.00312422693839422,0.11435747616058224,0.20950973662848416,0.6730085602725397,50,20,20
1,4667,0.0031242269383942207,0.11435747616003505,0.2094919191167536,0.6730263777848176,50,20,20
1,4668,0.003124226938394219,0.11435747615808309,0.20948408213241396,0.6730342147711091,50,20,20
1,4669,0.0031242269304194437,0.12284012849060529,0.2010016575017389,0.673033987077237,50,20,20
1,4670,0.002717937098556336,0.12284054479242788,0.20139967886134852,0.6730418392476678,50,20,20
1,4671,0.002717937098556336,0.12284054479243102,0.20140681431773172,0.6730347037912814,50,20,20
1,4672,0.002717937098555848,0.12284054479243095,0.20140681961136447,0.6730346984976494,50,20,20
1,4673,0.0027179370985558494,0.12277453886271181,0.2014728255410299,0.6730346984977028,50,20,20
1,4674,0.0027179370985558437,0.12277453886270907,0.20147257768567176,0.6730349463530639,50,20,20
1,4675,0.002717937098554412,0.122774538862709,0.20138144076467687,0.6731260832740604,50,20,20
1,4676,0.002717937098554412,0.12277453887190377,0.20206577582607857,0.6724417482034637,50,20,20
1,4677,0.002717937098554144,0.12277453887190366,0.20206573152153381,0.6724417925080088,50,20,20
1,4678,0.00271793709855407,0.1228909794226232,0.2019492909708339,0.6724417925079892,50,20,20
1,4679,0.0027179370986175912,0.12289097951443508,0.22191371443501892,0.652477368951928,50,20,20
1,4680,0.0027179370986175912,0.12289097951443971,0.22191382150880032,0.6524772618781419,50,20,20
1,4681,0.0016933903276868043,0.12289097608964925,0.22356782125285135,0.6518478123298124,50,20,20
1,4682,0.0016933903276868062,0.12289097608045443,0.2228755689382912,0.6525400646535674,50,20,20
1,4683,0.0016933903276865256,0.12289097751281383,0.2224929178424668,0.6529227143170327,50,20,20
1,4684,0.0016933903276858554,0.12289097751281379,0.2224928464872902,0.6529227856722098,50,20,20
1,4685,0.0016933903276858554,0.12289097751281376,0.2224845669125578,0.6529310652469427,50,20,20
1,4686,0.0016933903329589385,0.12296804617666235,0.2224074981632283,0.6529310653271504,50,20,20
1,4687,0.0016933903329574595,0.12882110000616578,0.21655444433372703,0.6529310653271497,50,20,20
1,4688,0.0016933903329574595,0.12881250306086828,0.21656304127900952,0.6529310653271648,50,20,20
1,4689,0.001693398425492174,0.12031555153023915,0.22505998471750296,0.6529310653267664,50,20,20
1,4690,0.001693398425492174,0.1203155526325914,0.24448131973671194,0.6335097292052049,50,20,20
1,4691,0.0016933984254921702,0.12031555265571184,0.24448868108944324,0.6335023678293531,50,20,20
1,4692,0.0016932051888477622,0.12031874128457018,0.24448568405462998,0.6335023694719519,50,20,20
1,4693,0.0016932051888477622,0.12031881386558957,0.24481414033549054,0.6331738406100719,50,20,20
1,4694,0.0016932051888477622,0.12031881386558957,0.24481414177525887,0.6331738391703035,50,20,20
1,4695,0.0016932051888477622,0.12031881386558957,0.24481413521751288,0.6331738457280496,50,20,20
1,4696,0.0016932051888477622,0.1203188138655895,0.24457136928418702,0.6334166116613754,50,20,20
1,4697,0.0016932051888488384,0.12025289966634349,0.24463728348326685,0.6334166116615406,50,20,20
1,4698,0.0016932051888488423,0.12025289966634642,0.2512533400858306,0.626800555058974,50,20,20
1,4699,0.0016932051888488423,0.11959869289813442,0.2519075468540572,0.6268005550589595,50,20,20
1,4700,0.0016932051888488525,0.11959862031711538,0.2515790990466198,0.6271290754474158,50,20,20
1,4701,0.0016932051888488525,0.11959862028877011,0.25156122416593013,0.627146950356451,50,20,20
1,4702,0.0016932051888488525,0.11959862028877039,0.2515613292941366,0.6271468452282442,50,20,20
1,4703,0.0016932051888488677,0.11959862028877011,0.25156122382256224,0.6271469506998187,50,20,20
1,4704,0.0016932051888488677,0.11956817882233609,0.25159166528897503,0.62714695069984,50,20,20
1,4705,0.0016932051888488677,0.11956817882247588,0.2515918910221926,0.6271467249664826,50,20,20
1,4706,0.0016932051888488495,0.11956817881916182,0.25114730087884507,0.6275913151131443,50,20,20
1,4707,0.0016932051888488495,0.11956817881916171,0.25114734791305776,0.6275912680789321,50,20,20
1,4708,0.001693205188852095,0.11956330007069908,0.25115222666102605,0.6275912680794231,50,20,20
1,4709,0.001693205188852095,0.11956335356823965,0.2511521731634872,0.6275912680794213,50,20,20
1,4710,0.0016932051888509944,0.11962617096752667,0.2510893557643667,0.6275912680792559,50,20,20
1,4711,0.0016932051888512948,0.1196316647373059,0.2515168092965288,0.6271583207773143,50,20,20
1,4712,0.0021945693889238627,0.11993946653833433,0.24946751155412944,0.6283984525186121,50,20,20
1,4713,0.002194569388923795,0.11993946653835146,0.24939815689346756,0.6284678071792569,50,20,20
1,4714,0.0021945693959381464,0.1199077655007172,0.24943758677132696,0.6284600783320177,50,20,20
1,4715,0.0021945693959381464,0.11990776550072012,0.2501322101749652,0.6277654549283764,50,20,20
1,4716,0.003810526522448266,0.12002843462618955,0.24839554268536865,0.6277654961659938,50,20,20
1,4717,0.0038105265224484468,0.12002843462618987,0.24839761023528845,0.6277634286160735,50,20,20
1,4718,0.0038105265224484515,0.12002843462618996,0.24839763660114036,0.6277634022502215,50,20,20
1,4719,0.0038105265223870627,0.12002843454349744,0.24841993621082117,0.6277411027232942,50,20,20
1,4720,0.0038105312199474208,0.1200252222500976,0.24842314544992206,0.6277411010800327,50,20,20
1,4721,0.003810531219947421,0.12002522225012074,0.2485566150448997,0.6276076314850321,50,20,20
1,4722,0.003810531219947421,0.12002522225019881,0.2485597763981524,0.6276044701317013,50,20,20
1,4723,0.0038105312199530022,0.120025222659015,0.2491518348563336,0.6270124112646984,50,20,20
1,4724,0.0038105312199614954,0.12002522326080312,0.24930427287231066,0.6268599726469247,50,20,20
1,4725,0.003810531219961497,0.12002522326080318,0.24930434108018898,0.626859904439046,50,20,20
1,4726,0.003810531219969247,0.12002522326498109,0.2563771852805298,0.6197870602345195,50,20,20
1,4727,0.003810531219977495,0.11733933487663428,0.25906302498616557,0.6197871089172222,50,20,20
1,4728,0.003810531219977495,0.11733933487663137,0.2583682177375351,0.6204819161658557,50,20,20
1,4729,0.003810531219977495,0.11733933487663137,0.25836822010512717,0.6204819137982637,50,20,20
1,4730,0.0038105312199774983,0.11733933506596761,0.2651548497467308,0.6136952839673238,50,20,20
1,4731,0.0038105312199719155,0.11733933468631048,0.2649134606233135,0.6139366734704038,50,20,20
1,4732,0.003810531219972048,0.11733933468631046,0.26491724464175637,0.6139328894519608,50,20,20
1,4733,0.003810531219972048,0.11733933468628052,0.2656588206573801,0.6131913134363669,50,20,20
1,4734,0.0038105312199720504,0.11733933468628034,0.26565878130926224,0.6131913527844848,50,20,20
1,4735,0.0038105312199720404,0.11733933468628013,0.2656765841274036,0.6131735499663438,50,20,20
1,4736,0.0038105312199720404,0.11733372702140939,0.26568219179229563,0.6131735499663226,50,20,20
1,4737,0.0038105312280152,0.11733372702241253,0.2656874281377979,0.6131683136117739,50,20,20
1,4738,0.0038105310899558416,0.11724713021054019,0.26578416658571863,0.613158172113785,50,20,20
1,4739,0.0038105310899560966,0.11724713021054411,0.26578520513449955,0.6131571335649999,50,20,20
1,4740,0.0038105310899661463,0.11724713021082879,0.26596325083599115,0.6129790878632135,50,20,20
1,4741,0.0038105310899661463,0.11724713021082868,0.2659455835245723,0.6129967551746325,50,20,20
1,4742,0.0038106696852640877,0.11724714389766017,0.26735071599407756,0.6115914704229971,50,20,20
1,4743,0.003810669685256338,0.1172471438934351,0.26013507729222707,0.6188071091290804,50,20,20
1,4744,0.003810669685256338,0.11728289765205993,0.26009932353360227,0.6188071091290804,50,20,20
1,4745,0.003810669685256338,0.1172828976520553,0.26009924695990727,0.61880718570278,50,20,20
1,4746,0.0033157750811979554,0.11673805251352981,0.26237483658895305,0.617571335816318,50,20,20
1,4747,0.0033157750811976376,0.1167380525135258,0.26237374457389406,0.6175724278313812,50,20,20
1,4748,0.0033157750811976376,0.1167380525135258,0.26237385749343733,0.6175723149118381,50,20,20
1,4749,0.0033157750811976376,0.11673805251352737,0.2623738536304403,0.6175723187748335,50,20,20
1,4750,0.0033157750811976384,0.116738052911877,0.2706800873444469,0.6092660846624773,50,20,20
1,4751,0.003315775073154478,0.11673805291087386,0.27067489300472486,0.6092712790112456,50,20,20
1,4752,0.003317952622091851,0.11673805312643219,0.2706728275177071,0.6092711667337677,50,20,20
1,4753,0.003317952622091847,0.11673805309737385,0.2709230770111057,0.6090209172694274,50,20,20
1,4754,0.0033179526221063464,0.11673827198312704,0.27127417529915543,0.6086696000956099,50,20,20
1,4755,0.0033114831248425864,0.11678244709753166,0.27123487266346497,0.6086711971141597,50,20,20
1,4756,0.0033114831248424056,0.11678244709753136,0.2712327031290129,0.6086733666486122,50,20,20
1,4757,0.0033114831248424056,0.11678244709753136,0.2712327044259899,0.6086733653516351,50,20,20
1,4758,0.0033114831191227295,0.12036953092129257,0.2676456206881559,0.6086733652714272,50,20,20
1,4759,0.003311483119114496,0.12297871805658545,0.2650364822353919,0.6086733165889066,50,20,20
1,4760,0.0033114831191144926,0.12297871805658547,0.2650280176030939,0.6086817812212046,50,20,20
1,4761,0.0033114831191144926,0.12297871805658547,0.26502822566680123,0.6086815731574974,50,20,20
1,4762,0.0033114831191144926,0.12297871805658397,0.2650281719095202,0.6086816269147799,50,20,20
1,4763,0.0033114831191144926,0.1229787180570332,0.2650450982940973,0.6086647005297536,50,20,20
1,4764,0.003311483119105967,0.12297871745524011,0.26489109738331224,0.6088187020423402,50,20,20
1,4765,0.0033114831190968696,0.12297871745507358,0.2647184305959332,0.6089913688298949,50,20,20
1,4766,0.003311483119096868,0.1229787174550794,0.2647186365397317,0.6089911628860905,50,20,20
1,4767,0.0017102113381742634,0.12286140816474418,0.26643725858109646,0.6089911219159836,50,20,20
1,4768,0.0017102113381743719,0.1228614081664395,0.26644594817719,0.6089824323181948,50,20,20
1,4769,0.0017102113381743723,0.1228614081664395,0.2664459465247672,0.6089824339706176,50,20,20
1,4770,0.0017102113381743558,0.12286140816638025,0.2664380485956819,0.6089903318997623,50,20,20
1,4771,0.0017102113381743554,0.12286140816638025,0.2664501293987104,0.6089782510967336,50,20,20
1,4772,0.0017102113381743554,0.12286140816637715,0.2664383088945218,0.6089900716009256,50,20,20
1,4773,0.0017102113381743556,0.12286140816638765,0.26644248021273526,0.6089859002827015,50,20,20
1,4774,0.0017102113381743545,0.12286140816638756,0.26644253194948736,0.6089858485459495,50,20,20
1,4775,0.0017102113381743547,0.12286140816638777,0.26644234443911996,0.6089860360563166,50,20,20
1,4776,0.0017102113383305323,0.12286118940644272,0.2663416002643884,0.6090869989908371,50,20,20
1,4777,0.0017102113383305323,0.12286118940644272,0.26634160076277436,0.6090869984924513,50,20,20
1,4778,0.0017102113383305323,0.12286118940644267,0.2663413922863416,0.6090872069688842,50,20,20
1,4779,0.0017102113435303876,0.1227738340062892,0.26642874768071223,0.609087206969467,50,20,20
1,4780,0.0017102113435271448,0.10953808465990252,0.2796644970276665,0.609087206968903,50,20,20
1,4781,0.0017102113435271454,0.10953808465990265,0.2796645315738505,0.6090871724227187,50,20,20
1,4782,0.0017102113383272901,0.10962585540492033,0.27957676083461375,0.6090871724221377,50,20,20
1,4783,0.0017102115496926778,0.1096259184155593,0.2795898604164475,0.6090740096182995,50,20,20
1,4784,0.0017102115496927075,0.10962591841555953,0.27958992157127227,0.6090739484634745,50,20,20
1,4785,0.0017102115496927075,0.10962591841555856,0.27960146781421685,0.6090624022205309,50,20,20
1,4786,0.0017102115496927075,0.10962591841510934,0.2795845156452985,0.6090793543898986,50,20,20
1,4787,0.0017100760585974108,0.10962590534451554,0.2797964770670158,0.6088675415298703,50,20,20
1,4788,0.0017100760585974104,0.10962590534451543,0.27979915065316385,0.6088648679437225,50,20,20
1,4789,0.0017100760585973965,0.10954187469046302,0.27988318130739853,0.6088648679435401,50,20,20
1,4790,0.0017100760584268888,0.10954187456463176,0.27985461498661884,0.6088934343903216,50,20,20
1,4791,0.0017100760584269118,0.1095418792769662,0.278352210173038,0.610395834491568,50,20,20
1,4792,0.001710076058426913,0.1095418792769662,0.2783547326401525,0.6103933120244536,50,20,20
1,4793,0.0017100760584269137,0.10954187784409733,0.27834044380502587,0.610407602292449,50,20,20
1,4794,0.0017100760584269137,0.10954187784399663,0.27773944866894856,0.611008597428627,50,20,20
1,4795,0.001710076058426913,0.1095418778439929,0.2769914020945134,0.6117566440030658,50,20,20
1,4796,0.001710076058426913,0.10954187784399695,0.27700451620793454,0.6117435298896406,50,20,20
1,4797,0.0017100760584269536,0.10954187784399712,0.2876026613171879,0.6011453847803871,50,20,20
1,4798,0.0016953841329863523,0.10953851504221318,0.2876207162396496,0.6011453845851499,50,20,20
1,4799,0.001695384132985264,0.10953851504209497,0.2876115833646825,0.6011545174602362,50,20,20
1,4800,0.0016953841338281056,0.10953302018292738,0.2876234470964674,0.601148148586776,50,20,20
1,4801,0.0016953841338281056,0.10953302018292738,0.2876234505997067,0.6011481450835366,50,20,20
1,4802,0.001695384133827936,0.10953302018292742,0.28726837593255894,0.6015032197506845,50,20,20
1,4803,0.0016953841338280319,0.10953302019128293,0.28788925732807935,0.6008823383468087,50,20,20
1,4804,0.0016953841338280414,0.10953302019135724,0.2878796180683969,0.6008919776064168,50,20,20
1,4805,0.0016953841338279458,0.10953302018300176,0.2872587251015743,0.601512870581595,50,20,20
1,4806,0.0016953841482332441,0.10953301873219365,0.2872587205739049,0.6015128765456667,50,20,20
1,4807,0.0016979089544876347,0.10953301873335818,0.2872561957503159,0.6015128765618364,50,20,20
1,4808,0.0016979089544876347,0.10953301873335226,0.28725591866145467,0.6015131536507036,50,20,20
1,4809,0.0016979089544876347,0.1095330187333539,0.2872561421383606,0.6015129301737959,50,20,20
1,4810,0.0016979397042018846,0.10953302180048047,0.286885306869517,0.6018837316257988,50,20,20
1,4811,4.761390640073631e-06,0.11057607808425399,0.28753549352977575,0.6018836669953282,50,20,20
1,4812,4.761390640073632e-06,0.11057607808425393,0.2875352736054151,0.601883886919689,50,20,20
1,4813,4.761390640072023e-06,0.11057607808449516,0.2875332270766418,0.6018859334482212,50,20,20
1,4814,4.761390640044356e-06,0.11057607808449493,0.28753316455741607,0.601885995967447,50,20,20
1,4815,4.761390640044356e-06,0.11057607808449493,0.2875333068493802,0.6018858536754831,50,20,20
1,4816,2.231800269208983e-06,0.11057607808334033,0.2875358364335973,0.6018858536827913,50,20,20
1,4817,2.2318002692270116e-06,0.11057607808334076,0.28754149528889017,0.6018801948274981,50,20,20
1,4818,2.231716544130929e-06,0.11053494627851154,0.2875885053288613,0.601874316676082,50,20,20
1,4819,2.231716835504267e-06,0.11053494628036374,0.28109954084972033,0.6083632811530794,50,20,20
1,4820,2.231716835504267e-06,0.11047968737343788,0.28115479975664515,0.6083632811530808,50,20,20
1,4821,2.2317181106710987e-06,0.11047968738554133,0.2813753501293342,0.608142730767013,50,20,20
1,4822,2.225144545441158e-06,0.11047968666789351,0.2813753570764404,0.6081427311111205,50,20,20
1,4823,2.2251445454314504e-06,0.1104796866678161,0.28137193782403175,0.6081461503636065,50,20,20
1,4824,2.225147642772409e-06,0.11047968666782454,0.28147057166692496,0.6080475165176078,50,20,20
1,4825,2.2251476427724093e-06,0.1104796866678255,0.2814707062042368,0.6080473819802951,50,20,20
1,4826,2.225144545431457e-06,0.11047968666806138,0.28138620401869735,0.608131884168696,50,20,20
1,4827,2.2251445454314606e-06,0.11047968666805902,0.2813745184385596,0.6081435697488362,50,20,20
1,4828,2.2249335763912563e-06,0.11047962364830077,0.28132913317229613,0.608189018245827,50,20,20
1,4829,2.2249335764096792e-06,0.11047962364831287,0.2815803260596801,0.6079378253584311,50,20,20
1,4830,2.2249335764078327e-06,0.11047962364832932,0.2815804478856788,0.6079377035324159,50,20,20
1,4831,2.224933576407672e-06,0.11047962364833389,0.28157792780259167,0.6079402236154986,50,20,20
1,4832,2.194187040301938e-06,0.11047962058451109,0.28235211593244264,0.6071660692960065,50,20,20
1,4833,2.1941870403019796e-06,0.11047962058463982,0.2829326217559602,0.6065855634723603,50,20,20
1,4834,2.1941870403019915e-06,0.11047962058464039,0.2829325660080726,0.6065856192202473,50,20,20
1,4835,2.1941870403019915e-06,0.11047962058439914,0.2829322570513603,0.6065859281772008,50,20,20
1,4836,2.194187040301873e-06,0.11047962058440004,0.28293541581964793,0.6065827694089124,50,20,20
1,4837,2.1941870403018687e-06,0.1104796206050079,0.2832245573205603,0.6062936278873923,50,20,20
1,4838,2.1941870403539887e-06,0.11047962060503672,0.2832318284800907,0.6062863567278328,50,20,20
1,4839,2.1941870403708714e-06,0.11047962060504421,0.28323680325484096,0.6062813819530752,50,20,20
1,4840,2.194186925519843e-06,0.1104841921133391,0.2832322317578497,0.6062813819418864,50,20,20
1,4841,2.194186925519843e-06,0.1104841921133391,0.2832322348197092,0.6062813788800269,50,20,20
1,4842,2.1941869255196763e-06,0.11048419211333016,0.2832317628019763,0.6062818508977691,50,20,20
1,4843,2.194186925501577e-06,0.11048419211332983,0.283226173001377,0.6062874406983686,50,20,20
1,4844,2.194188861635035e-06,0.12020082764406209,0.2735095415699142,0.606287436597163,50,20,20
1,4845,2.1941888616350357e-06,0.12020082764418358,0.27351991004962484,0.6062770681173307,50,20,20
1,4846,2.1942072743798274e-06,0.1202008276441987,0.2735199100544893,0.606277068094038,50,20,20
1,4847,2.1942072743798303e-06,0.1202008276441987,0.2735198333397799,0.6062771448087472,50,20,20
1,4848,2.194207274379837e-06,0.12020082764407722,0.2735094627775988,0.6062875153710499,50,20,20
1,4849,2.1942860646847636e-06,0.12020110816574862,0.27347358515446896,0.6063231123937181,50,20,20
1,4850,2.194286369706008e-06,0.12020110326408322,0.2681917116438277,0.6116049908057195,50,20,20
1,4851,2.194286369706008e-06,0.12020110326408219,0.26820449198613205,0.6115922104634162,50,20,20
1,4852,2.1942863697059997e-06,0.1202011032640822,0.26820461902435133,0.611592083425197,50,20,20
1,4853,2.1942863697059637e-06,0.12020110326394244,0.2682044780658266,0.6115922243838616,50,20,20
1,4854,2.1942863697059684e-06,0.12020110326394257,0.26820443283921547,0.6115922696104726,50,20,20
1,4855,2.194286369674589e-06,0.11682808954896756,0.27157744460046074,0.6115922715642023,50,20,20
1,4856,2.1942863696865345e-06,0.11682808915061127,0.2632736096167664,0.619896106946253,50,20,20
1,4857,2.1942863696344127e-06,0.11682808915058082,0.263266109612865,0.6199036069501848,50,20,20
1,4858,2.1942863696344144e-06,0.1168280891509049,0.2632779400610963,0.6198917765016294,50,20,20
1,4859,7.245665163569478e-06,0.11682826404148199,0.2632726989395982,0.6198917913537564,50,20,20
1,4860,7.245648821682715e-06,0.10711374156265348,0.27298722025757916,0.6198917925309458,50,20,20
1,4861,7.245648755668688e-06,0.10711373384742591,0.27261327660605894,0.6202657438977591,50,20,20
1,4862,7.24576198669284e-06,0.10711374387223302,0.2529495727546103,0.6399294376111699,50,20,20
1,4863,7.245761681645623e-06,0.10711374387222858,0.2536670236158297,0.6392119867502601,50,20,20
1,4864,7.245761681645843e-06,0.1071137438772457,0.2532965502189108,0.6395824601421619,50,20,20
1,4865,7.230734437827911e-06,0.10617437169393025,0.2542359386811702,0.6395824588904615,50,20,20
1,4866,7.230734437827911e-06,0.10617437169393021,0.2542359433346338,0.6395824542369981,50,20,20
1,4867,7.230736480541259e-06,0.10617459880922471,0.25422194632304884,0.639596224131246,50,20,20
1,4868,7.230736480541259e-06,0.10617459880958911,0.25508144218884393,0.6387367282650865,50,20,20
1,4869,7.230736480639409e-06,0.10617459881713075,0.24449791922418934,0.6493202512221994,50,20,20
1,4870,7.230603515195352e-06,0.10617458879230082,0.24416189334866978,0.6496562872555145,50,20,20
1,4871,7.2306035151962194e-06,0.10617458879233138,0.2441680465678737,0.6496501340362802,50,20,20
1,4872,7.2306035358581635e-06,0.10617473095913903,0.2404271649257654,0.6533908735115601,50,20,20
1,4873,7.230603535863544e-06,0.10617473096025908,0.2407268629258395,0.6530911755103658,50,20,20
1,4874,7.23060353575316e-06,0.1061747309585639,0.24071811395306056,0.6530999244848401,50,20,20
1,4875,7.2307579861056734e-06,0.09957108146177901,0.24731031675513843,0.6531113710250969,50,20,20
1,4876,7.230757986105672e-06,0.09957108146178495,0.24730682722768985,0.6531148605525395,50,20,20
1,4877,7.230757694729002e-06,0.09957108145992981,0.2471797162620647,0.653241971520311,50,20,20
1,4878,7.23075769472828e-06,0.09973097878873904,0.24701981893325453,0.6532419715203117,50,20,20
1,4879,7.230757694728281e-06,0.09973097878874165,0.2470235313245926,0.6532382591289709,50,20,20
1,4880,7.230757694728281e-06,0.09973097878874151,0.2470235222049536,0.6532382682486102,50,20,20
1,4881,7.230757694728281e-06,0.09973097878874151,0.24702352394778143,0.6532382665057823,50,20,20
1,4882,7.2307576947282835e-06,0.09973097878874113,0.24702888858927022,0.653232901864294,50,20,20
1,4883,7.230757694716296e-06,0.09973097878866977,0.24702735364885064,0.6532344368047848,50,20,20
1,4884,7.230757694716296e-06,0.0997309787886699,0.2470271923148193,0.653234598138816,50,20,20
1,4885,8.51679160474073e-06,0.09973217336395264,0.24706049669203772,0.6531988131524045,50,20,20
1,4886,8.516839242194366e-06,0.09973217475137919,0.23510363974516701,0.665155668664211,50,20,20
1,4887,3.465408118368005e-06,0.09973794410891483,0.2347551825168847,0.6655034079660812,50,20,20
1,4888,3.465408118368005e-06,0.09973794410893172,0.2347725236039338,0.6654860668790152,50,20,20
1,4889,3.4654081183684486e-06,0.09968456289829725,0.2348259048145702,0.6654860668790136,50,20,20
1,4890,3.4654081183684486e-06,0.09968456289829723,0.23482578050991953,0.6654861911836641,50,20,20
1,4891,3.4654081190929773e-06,0.0996845629023166,0.23483552947955955,0.6654764422100041,50,20,20
1,4892,3.465408089353489e-06,0.09958090804292326,0.23493918433718058,0.6654764422118062,50,20,20
1,4893,3.4654080893539657e-06,0.09958090804292319,0.23492320690979082,0.6654924196391958,50,20,20
1,4894,3.4654080893537484e-06,0.09958090803790486,0.25385234329021034,0.6465632832637948,50,20,20
1,4895,3.4654080893537602e-06,0.09958090803790448,0.25385234123544204,0.6465632853185636,50,20,20
1,4896,3.46540808935376e-06,0.09958090803790545,0.2538487391921439,0.6465668873618607,50,20,20
1,4897,2.179294552124531e-06,0.09959233468382989,0.2538385987334227,0.6465668872881948,50,20,20
1,4898,2.1792945521245106e-06,0.0995923346838032,0.25383845285524914,0.646567033166395,50,20,20
1,4899,2.179294552124514e-06,0.0995923346837996,0.2538382146882751,0.6465672713333726,50,20,20
1,4900,2.17929455212451e-06,0.09959233468379965,0.2538382213365407,0.646567264685107,50,20,20
1,4901,2.1792945521245102e-06,0.09959233468406785,0.25464411585676744,0.645761370164612,50,20,20
1,4902,2.1792945521245102e-06,0.09963240347393822,0.25460404706689854,0.6457613701646108,50,20,20
1,4903,2.17929628316415e-06,0.0996324034741159,0.24186499575321918,0.6585004214763812,50,20,20
1,4904,2.491031866017355e-06,0.0996324020858488,0.23428518496576725,0.666079921916517,50,20,20
1,4905,2.4910318660173783e-06,0.09963240208547978,0.23344964717526367,0.6669154597073897,50,20,20
1,4906,2.491032302929007e-06,0.09963240208549978,0.2338170722384616,0.666548034643735,50,20,20
1,4907,2.491032302929005e-06,0.09963240208549236,0.23381140630044658,0.6665537005817573,50,20,20
1,4908,2.4910323029290554e-06,0.0996324020915281,0.23382133184481116,0.6665437750313571,50,20,20
1,4909,2.491031790164036e-06,0.09962645783476137,0.23417478696491226,0.6661962641685354,50,20,20
1,4910,2.4910317901631803e-06,0.09962645783473079,0.23416870715003185,0.6662023439834464,50,20,20
1,4911,2.4910317901631757e-06,0.09962645783440943,0.23472729830550143,0.6656437528282981,50,20,20
1,4912,2.4910317901631757e-06,0.09965226004677921,0.23470149609310778,0.665643752828322,50,20,20
1,4913,2.4910317901627784e-06,0.09965226004701494,0.23547279803313753,0.6648724508880565,50,20,20
1,4914,2.4910317901627738e-06,0.09965226004700987,0.23547279349023081,0.6648724554309683,50,20,20
1,4915,2.491031769501029e-06,0.0996521178835103,0.23118060250483333,0.6691647885798863,50,20,20
1,4916,2.491031769495624e-06,0.09965211788239073,0.23088089338180162,0.6694644977040375,50,20,20
1,4917,2.491031332551976e-06,0.09965211788237367,0.23051362237628872,0.6698317687100043,50,20,20
1,4918,2.4910313324131997e-06,0.0996521178751613,0.23049923328883806,0.6698461578046673,50,20,20
1,4919,2.491031332413202e-06,0.09965211787516129,0.2304993176761621,0.6698460734173435,50,20,20
1,4920,2.4910314724894023e-06,0.09965211787591981,0.2203218582400758,0.6800235328525315,50,20,20
1,4921,0.0020096589684544114,0.09965329248047335,0.21831324106452862,0.6800238074865432,50,20,20
1,4922,0.002009347185234107,0.09965329248159437,0.21859191095078256,0.6797454493823885,50,20,20
1,4923,0.0020093471852343685,0.09965329248158618,0.21859291884157692,0.6797444414916021,50,20,20
1,4924,0.002009347184695948,0.09965329248114756,0.20881706383507814,0.6895202964990779,50,20,20
1,4925,0.00014332292396524953,0.0996521179621526,0.21068317075319865,0.689521388360683,50,20,20
1,4926,0.00014332356129991662,0.0996392261162097,0.21067148093495264,0.6895459693875372,50,20,20
1,4927,0.00014332356129991662,0.09963922611621713,0.21067161165911077,0.6895458386633717,50,20,20
1,4928,0.00014332356130003637,0.0996392261193718,0.21008638735685575,0.6901310629624721,50,20,20
1,4929,0.00014332356130005962,0.09963922611935488,0.210072351277491,0.6901450990418537,50,20,20
1,4930,0.0001433235613000592,0.09969189977647164,0.21001967762037427,0.6901450990418536,50,20,20
1,4931,0.0001433235613000591,0.0996918997764614,0.21001982743680533,0.6901449492254328,50,20,20
1,4932,0.00014332356130003883,0.09969189977646446,0.21001652880044527,0.6901482478617897,50,20,20
1,4933,0.00014332356130003883,0.09969189977646069,0.21001647181140204,0.6901483048508368,50,20,20
1,4934,0.0001433235612999027,0.09969189977619336,0.21001544148195678,0.6901493351805494,50,20,20
1,4935,0.0001433235641247454,0.09969189977618673,0.20976439410775796,0.6904003825519303,50,20,20
1,4936,0.0001433235641247454,0.09969189977592122,0.20895871363184998,0.6912060630281038,50,20,20
1,4937,0.00014332356129988873,0.09969189977591604,0.20896468392849712,0.6912000927342866,50,20,20
1,4938,0.0001433235612998885,0.09969189977586815,0.20920334407423752,0.6909614325885939,50,20,20
1,4939,0.00014332356129961038,0.0996918997758679,0.20920169773204708,0.6909630789307849,50,20,20
1,4940,0.00014332356129961038,0.0996918997758678,0.2092018525914015,0.6909629240714308,50,20,20
1,4941,0.00014332356129949093,0.09969189977258441,0.2091944910136273,0.6909702856524886,50,20,20
1,4942,0.00014332340688573108,0.09961608308279837,0.2092817542550695,0.6909588392552459,50,20,20
1,4943,0.00014333134183276754,0.09961587425805622,0.2092863940589327,0.6909544003411782,50,20,20
1,4944,0.00014333134183276754,0.09961642668208404,0.20928584163492875,0.6909544003411543,50,20,20
1,4945,0.0001433313418327672,0.09961642668208404,0.20928605456569166,0.6909541874103914,50,20,20
1,4946,0.00014333134189831997,0.0998257049509399,0.20906919926919337,0.6909617644379686,50,20,20
1,4947,0.00014333134189832016,0.0998257049719561,0.2090906117837708,0.690940351902375,50,20,20
1,4948,0.00014333134189832016,0.09982570497172016,0.20831497083616257,0.6917159928502192,50,20,20
1,4949,0.00014333134189759564,0.0998257049677008,0.20830533127891812,0.6917256324114837,50,20,20
1,4950,0.00014333132682743216,0.09982364149635808,0.20828952142574686,0.6917435057510676,50,20,20
1,4951,0.00014333132682743213,0.09982364149635817,0.208292186052342,0.6917408411244723,50,20,20
1,4952,0.00014333132689353065,0.09961225017761047,0.2085111508304612,0.6917332676650347,50,20,20
1,4953,0.00014333132689353065,0.09961225017728101,0.20851079243863052,0.6917336260571949,50,20,20
1,4954,0.00014333132689353098,0.09961225017728101,0.20851077150220573,0.6917336469936198,50,20,20
1,4955,0.00014492800349521075,0.10079488201204809,0.20731875865376329,0.6917414313306937,50,20,20
1,4956,0.00014492800349521077,0.10076601219354647,0.20734762847226448,0.6917414313306939,50,20,20
1,4957,0.00014492800349615086,0.10061555982604588,0.20749808083976368,0.6917414313306943,50,20,20
1,4958,0.0001449280017687253,0.10061555982586681,0.20109166511406318,0.6981478470583012,50,20,20
1,4959,0.00014630636867387216,0.10061555960462931,0.20109053289947065,0.6981476011272255,50,20,20
1,4960,0.00014630636867387592,0.10061555960462926,0.20109054794506143,0.6981475860816347,50,20,20
1,4961,0.00014630636867387655,0.10061555960498637,0.20109202536000287,0.698146108666336,50,20,20
1,4962,0.00014630636868777634,0.10061555960498543,0.20102713761116422,0.6982109964151616,50,20,20
1,4963,5.162842847081854e-06,0.10061588787842032,0.20116931937163993,0.6982096299070909,50,20,20
1,4964,5.162842848320477e-06,0.10061588787885245,0.2011726582599898,0.6982062910183079,50,20,20
1,4965,5.162842848320477e-06,0.10061588787884979,0.2011725739834745,0.6982063752948258,50,20,20
1,4966,5.162842848320437e-06,0.10061588788525681,0.20167670195941312,0.6977022473124803,50,20,20
1,4967,5.162842834420598e-06,0.10061588788525244,0.20150293409146655,0.6978760151804451,50,20,20
1,4968,5.162842834420601e-06,0.10061588788525244,0.20150670801262766,0.697872241259284,50,20,20
1,4969,5.162842834405376e-06,0.10061588788525244,0.2015067055811017,0.6978722436908097,50,20,20
1,4970,5.1628428344052715e-06,0.10058310003238048,0.2015394934339625,0.697872243690821,50,20,20
1,4971,5.1628428344052715e-06,0.10058310003238048,0.20153957673606995,0.6978721603887137,50,20,20
1,4972,5.162842834402346e-06,0.10058310003248183,0.20175097940817616,0.697660757716506,50,20,20
1,4973,5.162842834413331e-06,0.10058310003247564,0.20814991873009364,0.6912618183945939,50,20,20
1,4974,5.162842834422855e-06,0.10058310003247219,0.20815155305271155,0.6912601840719798,50,20,20
1,4975,3.5661662332802697e-06,0.09910932237189161,0.2096347135816987,0.6912523978801743,50,20,20
1,4976,3.5661662333178682e-06,0.09910932237153512,0.20963966899932263,0.6912474424629069,50,20,20
1,4977,3.5661662333178682e-06,0.09910932237153526,0.20963997374723178,0.6912471377149976,50,20,20
1,4978,3.56616623331755e-06,0.09910932237153693,0.20964007997759815,0.6912470314846295,50,20,20
1,4979,3.5663859613448124e-06,0.0991218324572753,0.20962755720504878,0.6912470439517129,50,20,20
1,4980,3.5663859613448128e-06,0.09912183245727518,0.20962737042794916,0.6912472307288128,50,20,20
1,4981,3.565748620443972e-06,0.09912392385978207,0.2096383734732542,0.6912341369183417,50,20,20
1,4982,3.5657486204439196e-06,0.09912392385967764,0.20942689122713176,0.6914456191645685,50,20,20
1,4983,3.565748620502538e-06,0.09912392385636774,0.20942161375930698,0.6914508966357031,50,20,20
1,4984,3.5657485839484005e-06,0.09912377434411387,0.20941346468105923,0.6914591952262411,50,20,20
1,4985,3.565748584155822e-06,0.09939467091297934,0.20914256811081683,0.6914591952276179,50,20,20
1,4986,3.5657485841576172e-06,0.09939467092035201,0.2093417412514713,0.6912600220795908,50,20,20
1,4987,3.5657485841574834e-06,0.09939467092044606,0.2093522014178509,0.6912495619131173,50,20,20
1,4988,3.5657485841589373e-06,0.09939467092051685,0.20982825012716033,0.690773513203737,50,20,20
1,4989,3.56574858415846e-06,0.09939467092051822,0.20982836757686701,0.6907733957540291,50,20,20
1,4990,3.565748584158461e-06,0.09939467092051825,0.20982830334482133,0.6907734599860746,50,20,20
1,4991,3.5657493260132828e-06,0.09939467092200535,0.20982830481656728,0.6907734585120999,50,20,20
1,4992,3.5657493260133857e-06,0.09939467092191626,0.209823522357678,0.6907782409710782,50,20,20
1,4993,5.302148732176137e-08,0.09939467092110904,0.2098270350873886,0.6907782409700135,50,20,20
1,4994,5.302148732174455e-08,0.09942770682593526,0.20979399918258618,0.6907782409699896,50,20,20
1,4995,0.0020150910692926993,0.09942770682592922,0.20777896113479227,0.6907782409699844,50,20,20
1,4996,0.002015091069292813,0.09942770680519468,0.20810543494413952,0.6904517671813717,50,20,20
1,4997,0.002015091069292814,0.09942770680525287,0.20810365067108838,0.6904535514543647,50,20,20
1,4998,0.00201509106929282,0.09942770680635908,0.20820724766056192,0.690349954463785,50,20,20
1,4999,0.00201509106929282,0.099427707119929,0.20820322354018164,0.6903539782705956,50,20,20
1,5000,0.00201509106929282,0.0994277071199284,0.20821541768331372,0.6903417841274643,50,20,20
1,5001,0.002015090881970503,0.09944065808212552,0.2082024793773834,0.6903417716585197,50,20,20
1,5002,0.0020150908495712313,0.099417138180452,0.2082259993113986,0.6903417716585772,50,20,20
1,5003,0.002015090853610892,0.09941714653106376,0.20784899499869136,0.6907187676166332,50,20,20
1,5004,0.002015090853610892,0.09941714653105972,0.20727557848162279,0.6912921841337059,50,20,20
1,5005,0.0020150908536107777,0.09941714653126354,0.20665095026279762,0.6919168123523274,50,20,20
1,5006,0.002015090853610777,0.09941714653120538,0.2066513817939062,0.6919163808212768,50,20,20
1,5007,0.002015090853610569,0.09982370530513561,0.20624482302135333,0.6919163808198996,50,20,20
1,5008,0.002015090853610558,0.09982370530506463,0.20576689912429713,0.6923943047170268,50,20,20
1,5009,0.002015090853609618,0.09997461617174813,0.20561598825757302,0.6923943047170684,50,20,20
1,5010,0.0020150908536096176,0.09997461617174813,0.2056115965897079,0.6923986963849333,50,20,20
1,5011,0.0020150908536096176,0.09997461617174835,0.2056115206084227,0.6923987723662185,50,20,20
1,5012,0.002015090853609618,0.09997461617174919,0.20561165340570794,0.6923986395689324,50,20,20
1,5013,0.002015090853846717,0.09998765729419884,0.20559861238201915,0.6923986394699344,50,20,20
1,5014,0.0020150908542650565,0.09998765729377253,0.2055997616349124,0.6923974902170491,50,20,20
1,5015,0.0020150908542650573,0.09998765729377299,0.2056043253622452,0.6923929264897157,50,20,20
1,5016,0.002015090854265181,0.099987657293773,0.20560766842469402,0.6923895834272668,50,20,20
1,5017,0.002015090854265179,0.09998765728640033,0.20540849160866478,0.6925887602506687,50,20,20
1,5018,0.002015090854265182,0.09998765728646619,0.21246076484222656,0.6855364870170411,50,20,20
1,5019,0.0020150908538456138,0.0999876573361032,0.21272998555566539,0.6852672662543848,50,20,20
1,5020,0.0020150908540288405,0.09998765733611908,0.21273004005546553,0.6852672117543854,50,20,20
1,5021,0.002015090854028835,0.09998765733501286,0.21262648172435938,0.6853707700865977,50,20,20
1,5022,0.002015090854028835,0.09998765733501438,0.2126265665307646,0.6853706852801911,50,20,20
1,5023,0.0020150908540309577,0.09998765733535953,0.212715096632826,0.6852821551777823,50,20,20
1,5024,0.0020150908537945158,0.09997857206823546,0.2127241819001737,0.6852821551777951,50,20,20
1,5025,0.0020150908525193435,0.09997857205613309,0.21250379271957837,0.6855025443717682,50,20,20
1,5026,0.0020150908525194762,0.09997857205639084,0.2156191243088117,0.682387212782277,50,20,20
1,5027,0.0020150908525122173,0.11936978430559787,0.19622791205964674,0.6823872127822425,50,20,20
1,5028,0.0020150908525122403,0.11936978425597458,0.19595946356611843,0.682655661325394,50,20,20
1,5029,0.0020150908525142473,0.11936978424513318,0.20170206807490398,0.6769130568274478,50,20,20
1,5030,0.0020150908525145696,0.11936978424513525,0.2018894415101937,0.6767256833921558,50,20,20
1,5031,0.0020150908525145696,0.11464476791879658,0.20661445782912286,0.6767256833995653,50,20,20
1,5032,0.0020150908525145366,0.11464476791877706,0.20661187595742672,0.6767282652712809,50,20,20
1,5033,0.0020150908525145366,0.11464476791878132,0.20661196266441514,0.6767281785642882,50,20,20
1,5034,0.0020150909854017517,0.11443418752201127,0.20682254290235177,0.6767281785902345,50,20,20
1,5035,0.0020150909853996284,0.11443418752166527,0.20673388052832842,0.676816840964606,50,20,20
1,5036,0.0020150909853996284,0.11443418752166527,0.2067341001891947,0.6768166213037398,50,20,20
1,5037,0.0020150909853996284,0.11443418752168232,0.20673425155539743,0.67681646993752,50,20,20
1,5038,0.0020150909853996284,0.11443134145992523,0.20673709761719652,0.6768164699374779,50,20,20
1,5039,0.0020150909853996236,0.11443134145992497,0.20673105062229558,0.6768225169323793,50,20,20
1,5040,0.0020150909854086867,0.1144313414599278,0.20673337492833635,0.6768201926263266,50,20,20
1,5041,0.0020150909854086867,0.1144313414599278,0.20673334920524514,0.676820218349418,50,20,20
1,5042,0.002015090985465098,0.11443128904644354,0.18683583169019882,0.696717788277892,50,20,20
1,5043,0.002015090985465098,0.11443128904644212,0.18683567595431466,0.6967179440137775,50,20,20
1,5044,0.002015090985465158,0.11443128904859794,0.18683854271578293,0.6967150772501535,50,20,20
1,5045,0.002015083045297636,0.11443127075522753,0.1868412526754113,0.6967123935240629,50,20,20
1,5046,0.002015083045297636,0.11443127075522738,0.18684127248030002,0.6967123737191743,50,20,20
1,5047,0.0020150830452975977,0.11443127076304999,0.18684564158689038,0.6967080046047613,50,20,20
1,5048,0.002015083045332778,0.11443127076305122,0.18673160785387352,0.6968220383377418,50,20,20
1,5049,0.0020150830453237183,0.11443127076304856,0.1867293084594202,0.6968243377322068,50,20,20
1,5050,0.0020150830453237183,0.11443127076304858,0.18672935944607072,0.6968242867455564,50,20,20
1,5051,0.0020150830453237183,0.11443127076304856,0.18672931307754848,0.6968243331140787,50,20,20
1,5052,0.0020150830453237183,0.11443127076304542,0.18672936865540934,0.6968242775362209,50,20,20
1,5053,0.002015083045323716,0.11443127076191976,0.18636186459069698,0.6971917816020592,50,20,20
1,5054,0.0020150830453237265,0.11443127076192092,0.18636204493821684,0.6971916012545379,50,20,20
1,5055,0.002015083045325975,0.11443127076192677,0.1863631902850146,0.6971904559077321,50,20,20
1,5056,0.002015083045325975,0.11443127076192898,0.18635145210748255,0.697202194085262,50,20,20
1,5057,0.0020150830455085535,0.1144312707614811,0.18631005895785946,0.6972435872351503,50,20,20
1,5058,0.002151613777776289,0.1144346796934224,0.1865469940492259,0.6968667124795747,50,20,20
1,5059,0.002151613777776323,0.11903638037637901,0.18194529337212598,0.6968667124737182,50,20,20
1,5060,0.002151613779268264,0.1190342791711271,0.18192799482358557,0.6968861122260183,50,20,20
1,5061,0.002151613779268264,0.11903427917112598,0.18192785464635172,0.6968862524032532,50,20,20
1,5062,0.0021516137792682555,0.11903427917532,0.18247464554619827,0.6963394614992126,50,20,20
1,5063,0.002151613779268255,0.11903427917532511,0.18247205871929548,0.6963420483261102,50,20,20
1,5064,0.002155598101792468,0.11903032872002788,0.18247202485151578,0.6963420483266621,50,20,20
1,5065,0.002155598101792468,0.11903026922434956,0.1824720843471944,0.6963420483266618,50,20,20
1,5066,0.002155598101792462,0.11903026922015522,0.18193242684504274,0.696881705833008,50,20,20
1,5067,0.0021555981017982928,0.1190302692202203,0.18952225157323851,0.6892918811047412,50,20,20
1,5068,0.002155598101794679,0.11903026922021902,0.189389176465794,0.6894249562121906,50,20,20
1,5069,0.0021555981017948506,0.11903026922023945,0.18299675259455292,0.6958173800834109,50,20,20
1,5070,0.002155598101794791,0.11903026921808463,0.18300174628651183,0.6958123863936068,50,20,20
1,5071,0.002155598101794791,0.11903026890451476,0.18298157549486171,0.6958325574988268,50,20,20
1,5072,0.002155598101797864,0.11903026890622509,0.1829879106096317,0.6958262223823435,50,20,20
1,5073,0.002155598101814774,0.11903026890737647,0.1829933407036535,0.6958207922871534,50,20,20
1,5074,0.002020350799581398,0.1190525838133087,0.17627259288434008,0.7026544725027682,50,20,20
1,5075,0.0020203507995793916,0.11905258381206942,0.17003186056824354,0.7088952048201062,50,20,20
1,5076,0.0020203507995793916,0.1190525838120643,0.17003190757599412,0.7088951578123606,50,20,20
1,5077,0.002020350830718798,0.11905162262634862,0.17003414508702586,0.708893881455905,50,20,20
1,5078,0.002020350830718798,0.11905162262634962,0.17003407756150846,0.7088939489814214,50,20,20
1,5079,0.002020350830982787,0.11905162262717464,0.16844554167300207,0.710482484868839,50,20,20
1,5080,0.0020203508655072316,0.11905160397858859,0.16846216012110163,0.7104658850348012,50,20,20
1,5081,0.0020203508653240053,0.1190516039785728,0.1684619460966866,0.7104660990594153,50,20,20
1,5082,0.0020203508653240053,0.11905160397857287,0.1684619975346617,0.7104660476214402,50,20,20
1,5083,0.0020203508653238813,0.11905160397857277,0.16845858347740753,0.7104694616786946,50,20,20
1,5084,0.0020203508653238804,0.11905160397857228,0.16845175840088644,0.7104762867552162,50,20,20
1,5085,0.002020352188866476,0.11196805758622971,0.1755353034687704,0.7104762867561321,50,20,20
1,5086,0.002020352188866476,0.11196805758622894,0.1755279766372518,0.7104836135876514,50,20,20
1,5087,0.0020203521888662933,0.11196805758622094,0.17552568145550482,0.7104859087694066,50,20,20
1,5088,0.00202035218886631,0.11196805758622073,0.17552582613683276,0.7104857640880788,50,20,20
1,5089,0.002020352188866396,0.11196604662860786,0.17552783709365966,0.7104857640888649,50,20,20
1,5090,0.002020352188866396,0.11196604662859595,0.17552345690933002,0.7104901442732064,50,20,20
1,5091,0.0020203521888663934,0.11196604662859592,0.1755235608448767,0.7104900403376597,50,20,20
1,5092,0.0020203521888663934,0.11196604662827796,0.17551873591031772,0.7104948652725368,50,20,20
1,5093,0.002020352188866394,0.11196604662831716,0.1755216179552299,0.7104919832275853,50,20,20
1,5094,0.002020352188866394,0.11196604662831565,0.1755214598662134,0.7104921413166035,50,20,20
1,5095,0.0020203521924915214,0.11196604679582578,0.19003971222826102,0.6959738887834201,50,20,20
1,5096,0.0020203521924915847,0.11196604679582485,0.19004331066769065,0.6959702903439914,50,20,20
1,5097,0.002020352192496659,0.11185952192522003,0.190149835523819,0.6959702903584628,50,20,20
1,5098,0.006665451024859608,0.11185948510351043,0.1855046031224014,0.6959704607492272,50,20,20
1,5099,0.006665451024842699,0.11185948510235905,0.18549917063710084,0.695975893235696,50,20,20
1,5100,0.0066654510247919985,0.11185948798939097,0.18549240361484565,0.69598265737097,50,20,20
1,5101,0.006665451024786167,0.11185948798932585,0.17790251023039322,0.7035725507554936,50,20,20
1,5102,0.006665451024786167,0.11185948798932585,0.17790251053969816,0.7035725504461887,50,20,20
1,5103,0.02435132121260134,0.11185949893765812,0.16021466502559728,0.7035745148241422,50,20,20
1,5104,0.02435132121260134,0.11185949893765713,0.16020689082294542,0.703582289026795,50,20,20
1,5105,0.02435132121260134,0.11185949893729984,0.16019109889829447,0.7035980809518034,50,20,20
1,5106,0.01970246847012369,0.11185978395670224,0.1648379216112473,0.7035998259619258,50,20,20
1,5107,0.019702468470121443,0.1118597839567036,0.1657514984141417,0.7026862491590323,50,20,20
1,5108,0.019702468470229252,0.11185978398798241,0.16598272755482152,0.7024550199869658,50,20,20
1,5109,0.019702468470224176,0.11193493573314911,0.16590757582410892,0.7024550199725168,50,20,20
1,5110,0.039579755030546136,0.11193493572888262,0.14603028926636763,0.7024550199742025,50,20,20
1,5111,0.019705595804437356,0.11193493578073982,0.16590444486148975,0.7024550235533321,50,20,20
1,5112,0.019705595804434282,0.11193493577909507,0.16590754645920092,0.7024519219572689,50,20,20
1,5113,0.019705595804377828,0.11193493345465942,0.1658177034136679,0.7025417673272942,50,20,20
1,5114,0.019705595804377828,0.11193493343364323,0.16579629116392286,0.7025631795980556,50,20,20
1,5115,0.019705595804312834,0.11193500607799983,0.16579565285638978,0.7025637452612971,50,20,20
1,5116,0.019705595804312862,0.11193500610032277,0.16599441204840892,0.7023649860469549,50,20,20
1,5117,0.019705595804312862,0.111935006100323,0.16599497318660447,0.702364424908759,50,20,20
1,5118,0.019705595804312873,0.11193500610115086,0.16599819831002757,0.7023611997845081,50,20,20
1,5119,0.019705595804368287,0.11193500660489851,0.1853185939623565,0.6830408036283759,50,20,20
1,5120,0.01970559580436913,0.11193500660489514,0.18531985599761128,0.6830395415931236,50,20,20
1,5121,0.019705595804369185,0.1119350066048952,0.18531565607897416,0.6830437415117606,50,20,20
1,5122,0.01970559660237529,0.12658856296581444,0.17069296276713977,0.6830128776646692,50,20,20
1,5123,0.019705596602375232,0.12658856296582127,0.170693163090678,0.6830126773411241,50,20,20
1,5124,0.019705596602377366,0.12660885157708995,0.1706728744794289,0.6830126773411024,50,20,20
1,5125,0.01970559660237815,0.12660885157715449,0.17113449038489534,0.6825510614355708,50,20,20
1,5126,0.019705596602378014,0.12660885157689677,0.1680191644364386,0.6856663873842854,50,20,20
1,5127,0.019705596602375884,0.12657129286800398,0.16805672314533474,0.6856663873842841,50,20,20
1,5128,0.019705596602375884,0.126571292868004,0.1680666419931658,0.6856564685364532,50,20,20
1,5129,0.019705596605518228,0.12657131293739293,0.1686009310228045,0.6851221594342831,50,20,20
1,5130,0.019705596605518624,0.12657131292957285,0.16859391775765176,0.6851291727072557,50,20,20
1,5131,0.019705596605518624,0.1265713129295751,0.16859407077651828,0.685129019688387,50,20,20
1,5132,0.019705596605518627,0.12657131292957524,0.16859864436581606,0.6851244460990891,50,20,20
1,5133,0.019705596605518627,0.12657131292957677,0.1685988843546612,0.6851242061102424,50,20,20
1,5134,0.019705596960921248,0.12657131292954588,0.1666677842276009,0.6870553058819308,50,20,20
1,5135,0.020069234534132292,0.12657131321968243,0.1663041499217428,0.6870553023244415,50,20,20
1,5136,0.02006923453413231,0.12657131321968243,0.16630664752896485,0.6870528047172192,50,20,20
1,5137,0.02006923453413231,0.1265713132198574,0.16630691162157632,0.6870525406244328,50,20,20
1,5138,0.02006923417854697,0.12657131499976168,0.16827969100932413,0.685079759812366,50,20,20
1,5139,0.020067950743599475,0.12654558281090622,0.16812101809983285,0.6852654483456599,50,20,20
1,5140,0.020067950743599478,0.1269245976554307,0.16774200325494726,0.6852654483460212,50,20,20
1,5141,0.02006794909095549,0.1269243195573202,0.16727195541612663,0.6857357759355963,50,20,20
1,5142,0.020079045429695092,0.12692431565923024,0.1668270398872963,0.6861695990237773,50,20,20
1,5143,0.020079045429695103,0.1269243156592268,0.16682684462284814,0.6861697942882289,50,20,20
1,5144,0.020079045429709143,0.12723239037637143,0.16652634145987644,0.6861622227340418,50,20,20
1,5145,0.02006772252648414,0.12723430725788723,0.16697147911215185,0.6857264911034755,50,20,20
1,5146,0.02006772252648414,0.12728383398801413,0.16692195238202504,0.6857264911034755,50,20,20
1,5147,0.019704007161793668,0.12728383364630655,0.16728566807466902,0.6857264911172295,50,20,20
1,5148,0.01970400717359787,0.12728383364631793,0.16728320750339568,0.6857289516766872,50,20,20
1,5149,0.019704007173597854,0.12728383364631796,0.16728071004377962,0.6857314491363034,50,20,20
1,5150,0.01970400704071064,0.12749057867664032,0.16707396517229064,0.685731449110357,50,20,20
1,5151,0.019704003193044002,0.14562855534204533,0.14893574937967916,0.6857316920852301,50,20,20
1,5152,0.019704003181239396,0.14562855534203023,0.148934468060034,0.685732973416695,50,20,20
1,5153,0.019704002381741345,0.1509743139801879,0.14358873334427452,0.685732950293795,50,20,20
1,5154,0.019704002381765798,0.1506926014604224,0.14387044418598088,0.6857329519718296,50,20,20
1,5155,0.01970400238176577,0.1506926014380917,0.1436659314164192,0.6859374647637221,50,20,20
1,5156,0.01970400238176577,0.1506926014380869,0.14366578494372242,0.6859376112364237,50,20,20
1,5157,0.01970401025805139,0.1506926013311684,0.14365997108406764,0.6859434173267115,50,20,20
1,5158,0.019704010258051328,0.15069260133119014,0.14365642353866803,0.6859469648720894,50,20,20
1,5159,0.019704010258051324,0.15069260133116827,0.14365621129360623,0.6859471771171731,50,20,20
1,5160,0.019704010257792722,0.15253895225777467,0.14181011020115902,0.6859469272832724,50,20,20
1,5161,0.019704010257792667,0.15253095718481005,0.14181810527415,0.6859469272832461,50,20,20
1,5162,0.019704010257792816,0.15253095718673057,0.1473805483856614,0.680384484169814,50,20,20
1,5163,0.019704010257792816,0.15253095718673051,0.14738594313467007,0.6803790894208054,50,20,20
1,5164,0.019704010257792816,0.15253095718673407,0.14738605866221074,0.6803789738932611,50,20,20
1,5165,0.019704010257792816,0.15253095718668197,0.14737821656275193,0.680386815992772,50,20,20
1,5166,0.01970401025779282,0.15255219876486367,0.14735697498458228,0.6803868159927599,50,20,20
1,5167,0.019704010257792785,0.15270438803378344,0.14720478571721607,0.6803868159912065,50,20,20
1,5168,0.019704010257684975,0.15270438800250402,0.14697344026755874,0.6806181614722512,50,20,20
1,5169,0.019704010257684975,0.15270438800249062,0.1469719149809082,0.6806196867589152,50,20,20
1,5170,0.019704010257684975,0.15270438800249142,0.146977521651474,0.6806140800883484,50,20,20
1,5171,0.019704010257684975,0.15270439616397508,0.16564002925589807,0.661951564322441,50,20,20
1,5172,0.019704010257684975,0.1527043961639756,0.1656400957772476,0.6619514978010906,50,20,20
1,5173,0.019704010257684975,0.15270439616398018,0.16564035956367218,0.6619512340146615,50,20,20
1,5174,0.019704010257684968,0.15001653677009344,0.16832821895789837,0.6619512340143231,50,20,20
1,5175,0.019704010257712307,0.15001653878746546,0.16899711178500632,0.6612823391698157,50,20,20
1,5176,0.019704010258943125,0.1497181293092585,0.16929523784754388,0.6612826225842541,50,20,20
1,5177,0.019704010258943125,0.14971812930925638,0.16929636695741349,0.6612814934743865,50,20,20
1,5178,0.019704010258943125,0.14971812930925635,0.1692963550446653,0.6612815053871347,50,20,20
1,5179,0.019704010259849736,0.14971812957689307,0.1694831929810459,0.6610946671822109,50,20,20
1,5180,0.019704014163961215,0.14971812964555356,0.17647209038425513,0.6541057658062293,50,20,20
1,5181,0.019704014163054596,0.14971812937791687,0.17628561665947043,0.6542922397995574,50,20,20
1,5182,0.019704014163054596,0.14971812937791515,0.17628558984895532,0.6542922666100743,50,20,20
1,5183,0.01970401416305451,0.14972232116948234,0.1762813980581743,0.6542922666092883,50,20,20
1,5184,0.019704014163132125,0.1497223211695765,0.17628262452006013,0.6542910401472308,50,20,20
1,5185,0.019704014163132125,0.14972232117002254,0.17629952316483416,0.6542741415020107,50,20,20
1,5186,0.019704010266518426,0.14972234207553584,0.1755158091264102,0.655057838531535,50,20,20
1,5187,0.019704010266518426,0.1497223458799879,0.1755158053219582,0.6550578385315352,50,20,20
1,5188,0.019704010266518426,0.14972234588004085,0.17551603490404716,0.6550576089493931,50,20,20
1,5189,0.019704010266518426,0.1497223458801506,0.17612968629648537,0.6544439575568453,50,20,20
1,5190,0.019704010266518426,0.14972234588071526,0.17690660365880934,0.6536670401939566,50,20,20
1,5191,0.019704010266518426,0.14972234588141398,0.17692215864676797,0.6536514852052993,50,20,20
1,5192,0.01970400894297583,0.15673776289586877,0.16990674295670388,0.6536514852044512,50,20,20
1,5193,0.019704008942975033,0.15673776289580726,0.1694486373479505,0.6541095908132669,50,20,20
1,5194,0.019704008942975033,0.15680401138448363,0.16938238885515555,0.6541095908173855,50,20,20
1,5195,0.019704008942975033,0.15680401138475303,0.169382882549517,0.6541090971227547,50,20,20
1,5196,0.019704008942975186,0.15680401138475264,0.1693871461336017,0.6541048335386701,50,20,20
1,5197,0.019704008942975186,0.15968789216614243,0.16650326535223545,0.6541048335386467,50,20,20
1,5198,0.019704008938177406,0.15968787118958036,0.15553818546758713,0.6650699344046542,50,20,20
1,5199,0.019704008938177406,0.15968787118958033,0.15553804488380898,0.6650700749884324,50,20,20
1,5200,0.019704107716498817,0.15968782378972862,0.15364206145969808,0.6669660070340732,50,20,20
1,5201,0.019704107716498817,0.15968782378962085,0.15303961335855132,0.6675684551353277,50,20,20
1,5202,0.019704107716498817,0.1596878237896255,0.15304619382964507,0.6675618746642293,50,20,20
1,5203,0.019704107716611415,0.15947428023342602,0.15325973738575574,0.6675618746642055,50,20,20
1,5204,0.01970410771661127,0.15947428023150553,0.14769701926938741,0.6731245927824945,50,20,20
1,5205,0.019704107716498668,0.15971708118424705,0.1474542183167588,0.673124592782494,50,20,20
1,5206,0.019704107716498668,0.159717081184245,0.1474430071031286,0.6731358039961264,50,20,20
1,5207,0.019704107737259523,0.15972407067873462,0.147580971780668,0.6729908498033366,50,20,20
1,5208,0.01970409985708831,0.1597240706172536,0.14760404260364723,0.6729677869220098,50,20,20
1,5209,0.01970409985708831,0.1597269883225875,0.14760112489831348,0.6729677869220096,50,20,20
1,5210,0.01970409985708831,0.1597269883225839,0.15410977592054084,0.6664591358997859,50,20,20
1,5211,0.01970409985700985,0.159726988322476,0.1541069706328425,0.6664619411876705,50,20,20
1,5212,0.019704099857013418,0.15972698832285348,0.14787176975997698,0.6726971420601551,50,20,20
1,5213,0.019704099857013414,0.15972720764526657,0.14787155043756403,0.672697142060155,50,20,20
1,5214,0.019704099857013813,0.15972720764526657,0.14787445309882202,0.6726942393988965,50,20,20
1,5215,0.019704099857013813,0.1597272076452633,0.14787147730893677,0.672697215188785,50,20,20
1,5216,0.019704099857013848,0.15959400419643202,0.1480046807482627,0.6726972151982903,50,20,20
1,5217,0.01970409985702543,0.1595878902014313,0.1480107947432345,0.6726972151983077,50,20,20
1,5218,0.019704099857025627,0.1595878902007274,0.14799502773047413,0.6727129822117718,50,20,20
1,5219,0.019704099857025627,0.15958789020072747,0.14799836662288401,0.6727096433193619,50,20,20
1,5220,0.019704099857025627,0.1595878902007293,0.14799826463703133,0.6727097453052129,50,20,20
1,5221,0.019704099857025627,0.15958789020073524,0.1479984071223303,0.6727096028199078,50,20,20
1,5222,0.01970409985702574,0.15958789020094977,0.14816235213911694,0.6725456578029066,50,20,20
1,5223,0.01970409985702574,0.15958789020094744,0.14815909670194322,0.6725489132400827,50,20,20
1,5224,0.01970409985702574,0.15958789020094286,0.14815892777619516,0.6725490821658353,50,20,20
1,5225,0.01970409985702574,0.1595878902009437,0.1481590551153014,0.6725489548267284,50,20,20
1,5226,0.019704099857100105,0.15958004875024823,0.14816689653500828,0.6725489548576425,50,20,20
1,5227,0.019704099857100105,0.1595800487502423,0.14816674649210093,0.6725491049005557,50,20,20
1,5228,0.019704099857100102,0.1595800487502422,0.14816217132725742,0.6725536800653994,50,20,20
1,5229,0.01970409985710017,0.15893882065561368,0.14880339942052867,0.6725536800667565,50,20,20
1,5230,0.019704099857100175,0.15893882065476175,0.14881984202503934,0.6725372374630979,50,20,20
1,5231,0.01970409985711079,0.15893882065476175,0.14882100301535503,0.6725360764727715,50,20,20
1,5232,0.019704099871508576,0.15893882065525244,0.15429576840239528,0.6670613110708428,50,20,20
1,5233,0.019704099871508576,0.15893882065525253,0.15429599899848623,0.6670610804747519,50,20,20
1,5234,0.019704099857110878,0.15893882065463136,0.1490371221015406,0.6723199573867162,50,20,20
1,5235,0.019704099857110878,0.1589388206546315,0.14903754132031383,0.672319538167943,50,20,20
1,5236,0.019704099857083542,0.15893881863725762,0.1483685179486461,0.6729885635570119,50,20,20
1,5237,0.019704099857059086,0.15917952518941242,0.14812781307455206,0.6729885618789757,50,20,20
1,5238,0.019704099857059086,0.15917952518941583,0.14814089869312197,0.6729754762604024,50,20,20
1,5239,0.019704099857059086,0.15917952518941425,0.1481406585541157,0.6729757163994102,50,20,20
1,5240,0.019704099857059086,0.1591800208637202,0.14814016287980813,0.672975716399412,50,20,20
1,5241,0.019704099857059086,0.1592194873481789,0.14810069639535,0.6729757163994114,50,20,20
1,5242,0.019704099857055565,0.1592194873481826,0.1476438174813853,0.6734325953133758,50,20,20
1,5243,0.019704099857064127,0.15921952436068268,0.14842424548847696,0.6726521302937752,50,20,20
1,5244,0.019704099857064127,0.15921952436068254,0.14842382253239955,0.6726525532498527,50,20,20
1,5245,0.019704099857063926,0.15921952436068254,0.14842384638784664,0.6726525293944059,50,20,20
1,5246,0.01970409985706036,0.15921952436025574,0.14815022419142987,0.6729261515912529,50,20,20
1,5247,0.01970409985706036,0.15921952436025574,0.14815018087527498,0.6729261949074076,50,20,20
1,5248,0.019704099857060356,0.1592195243602564,0.1481489764784285,0.6729273993042536,50,20,20
1,5249,0.01970409985706036,0.1592195243602564,0.14815313424223786,0.6729232415404443,50,20,20
1,5250,0.019704099857060398,0.1592195260462932,0.14823672692304007,0.6728396471736052,50,20,20
1,5251,0.017646942985936945,0.15922001869032398,0.15029530052905593,0.6728377377946824,50,20,20
1,5252,0.017646942985936945,0.1591870446766881,0.15032827454269143,0.6728377377946828,50,20,20
1,5253,0.017646942985936998,0.15918704467690875,0.15415923400690942,0.6690067783302441,50,20,20
1,5254,0.01764694298593758,0.1591870446998734,0.15475652836390472,0.6684094839502837,50,20,20
1,5255,0.01764694298593758,0.15918704469930678,0.1539695577546253,0.6691964545601298,50,20,20
1,5256,0.017646942985936945,0.15918704467612144,0.14954137456884697,0.6736246377690941,50,20,20
1,5257,0.017646942984721026,0.15917730393658538,0.14955128598471035,0.6736244670939824,50,20,20
1,5258,0.017646943161788158,0.15917730393690122,0.14826124376880745,0.6749145091325025,50,20,20
1,5259,0.017646943161788158,0.15917730393663213,0.14826083608968552,0.6749149168118934,50,20,20
1,5260,0.01764694301564701,0.15917730393796475,0.1500080685408199,0.6731676845055677,50,20,20
1,5261,0.01764694301564701,0.15917730393796659,0.15000818711000835,0.6731675659363775,50,20,20
1,5262,0.017646943015646996,0.15917730393834817,0.14998620009720753,0.6731895529487967,50,20,20
1,5263,0.017646943015646996,0.15917730393834817,0.14998323008670789,0.6731925229592964,50,20,20
1,5264,0.017646943015649258,0.15917730393868404,0.14998645073973432,0.6731893023059318,50,20,20
1,5265,0.017646943015649258,0.15917730393870072,0.14998645556499318,0.6731892974806563,50,20,20
1,5266,0.0176469430156137,0.15917730393882412,0.15745696399101325,0.6657187890545483,50,20,20
1,5267,0.0176469430156137,0.15917730393882404,0.15745695956304862,0.6657187934825131,50,20,20
1,5268,0.01764694301560221,0.13961595793647205,0.17701830556541356,0.6657187934825114,50,20,20
1,5269,0.01764694301560221,0.13961140150156795,0.17702286199965284,0.6657187934831764,50,20,20
1,5270,0.01764694301560221,0.13961140150163456,0.17701380397995004,0.6657278515028127,50,20,20
1,5271,0.01764694301560221,0.13961140150163456,0.17701369688735127,0.6657279585954115,50,20,20
1,5272,0.01764694301560221,0.13961184219476755,0.17701325619421981,0.6657279585954099,50,20,20
1,5273,0.01764694301560239,0.13961184219505385,0.17701750872203076,0.6657237060673126,50,20,20
1,5274,0.01764694301560239,0.1396118421950549,0.1770289944623631,0.6657122203269792,50,20,20
1,5275,0.017646943015813835,0.13917936583301255,0.17746146812664823,0.6657122230245249,50,20,20
1,5276,0.017647638267397202,0.1391793691426111,0.17746113345246442,0.6657118591375268,50,20,20
1,5277,0.017647638267397202,0.13917936914259268,0.17746101796274313,0.6657119746272666,50,20,20
1,5278,0.017647638264699835,0.13917936914185106,0.171519722310888,0.6716532702825607,50,20,20
1,5279,0.017647638268040042,0.1391793241526816,0.1720524724370638,0.6711205651422141,50,20,20
1,5280,0.017647638268040042,0.13917932415268588,0.17205271992350332,0.6711203176557703,50,20,20
1,5281,0.017647638268040042,0.1391793241526928,0.17205300746423416,0.6711200301150325,50,20,20
1,5282,0.017647638271175815,0.139184655580934,0.17204123584977918,0.6711264702981103,50,20,20
1,5283,0.017647638271175815,0.13918465558093104,0.17203757597444314,0.6711301301734494,50,20,20
1,5284,0.01764763827117584,0.1391846555832646,0.1720430745745424,0.6711246315710168,50,20,20
1,5285,0.017647638271177123,0.13982792067899305,0.17139980948013991,0.6711246315696896,50,20,20
1,5286,0.017647638274244412,0.1398279204996827,0.17142311108243036,0.6711013301436423,50,20,20
1,5287,0.017647638274244412,0.13982792049950613,0.17142286149635422,0.6711015797298949,50,20,20
1,5288,0.0176476382742443,0.13982792049929307,0.17125909776452455,0.6712653434619377,50,20,20
1,5289,0.0176476382742443,0.13982792049929013,0.17124741946810704,0.6712770217583581,50,20,20
1,5290,0.017647638274246043,0.13982792049699472,0.1712379808192837,0.6712864604094751,50,20,20
1,5291,0.017647638274250147,0.13982792049701298,0.17085177467751295,0.6716726665512234,50,20,20
1,5292,0.017647638274250147,0.13977481618399182,0.17090487899053322,0.6716726665512242,50,20,20
1,5293,0.017647638274250147,0.1397748161841205,0.1709220790530786,0.6716554664885502,50,20,20
1,5294,0.017647638274250147,0.13977481618412052,0.17092210190523915,0.6716554436363897,50,20,20
1,5295,0.017647638274250147,0.13977481618434207,0.17092256493486452,0.671654980606543,50,20,20
1,5296,0.017647638274250147,0.13977481618396717,0.1715829511091397,0.6709945944326428,50,20,20
1,5297,0.017647638274250147,0.13977481618396717,0.17158295179135327,0.6709945937504291,50,20,20
1,5298,0.017647638274175786,0.1397832564683261,0.17157451153798242,0.6709945937195154,50,20,20
1,5299,0.017647638274175786,0.13978325646832182,0.17157426473713255,0.6709948405203696,50,20,20
1,5300,0.017647638274175752,0.13991843199071852,0.17143908922842788,0.6709948405066777,50,20,20
1,5301,0.0197254338092285,0.13991792841024922,0.1693618509348099,0.6709947868457118,50,20,20
1,5302,0.019725433809227942,0.13991792841024994,0.1693547056177356,0.671001932162786,50,20,20
1,5303,0.019725433809227942,0.13991792841025114,0.16936462408690378,0.6709920136936166,50,20,20
1,5304,0.019725433809228678,0.13965899664282722,0.16962355585431713,0.6709920136936265,50,20,20
1,5305,0.019725433809227325,0.1206717199163633,0.18861083255711414,0.6709920137172944,50,20,20
1,5306,0.01972543380933522,0.12096225776210384,0.18832029471122794,0.6709920137173324,50,20,20
1,5307,0.01972543380933522,0.12096225776214338,0.1883230485623498,0.6709892598661709,50,20,20
1,5308,0.01972543380933522,0.12096225776651762,0.1883318471026492,0.6709804613214974,50,20,20
1,5309,0.019725433809335228,0.1209622577663283,0.18842814873538047,0.6708841596889553,50,20,20
1,5310,0.019724738526907842,0.12096227581558094,0.18841623474763572,0.6708967509098747,50,20,20
1,5311,0.019724738526825877,0.12096226579898152,0.1884288437352142,0.6708841519389775,50,20,20
1,5312,0.01972473852682686,0.12096227100180473,0.19474762739312865,0.6645653630782392,50,20,20
1,5313,0.019724738526826855,0.12096227100177272,0.19465093703823452,0.6646620534331653,50,20,20
1,5314,0.019724738526826855,0.12096227100177279,0.19465403451500277,0.6646589559563969,50,20,20
1,5315,0.019724738526826855,0.12096227100177273,0.19465023144483282,0.664662759026567,50,20,20
1,5316,0.019724738526826855,0.1209622710017912,0.19466810765789497,0.6646448828134863,50,20,20
1,5317,0.019724739890647332,0.12096240020681887,0.17989650359645976,0.6794163563060736,50,20,20
1,5318,0.01972473989064733,0.12096240020681887,0.17989643881684675,0.6794164210856866,50,20,20
1,5319,0.019724739890644667,0.12096240020682078,0.17761744534086488,0.6816954145616692,50,20,20
1,5320,0.01972169030793129,0.12096240111662789,0.17762049362615973,0.6816954149492809,50,20,20
1,5321,0.019721690307931788,0.12096240111662768,0.1776204647513136,0.6816954438241267,50,20,20
1,5322,0.01972169030793283,0.12096240111662757,0.17762119158477904,0.6816947169906601,50,20,20
1,5323,0.01972169030793283,0.12096240111716858,0.17762739897826896,0.6816885095966292,50,20,20
1,5324,0.01972169030793283,0.12096240111701805,0.17694924952793223,0.6823666590471166,50,20,20
1,5325,0.019721690307932825,0.12096240111703631,0.17695561078414979,0.6823602977908808,50,20,20
1,5326,0.019721690307932832,0.12096240111703631,0.1769554724193263,0.6823604361557044,50,20,20
1,5327,0.019721690307932832,0.1209624011170366,0.1769603183291586,0.6823555902458718,50,20,20
1,5328,0.019721690307932832,0.12096240111703489,0.1769508786275643,0.6823650299474677,50,20,20
1,5329,0.01972169030793057,0.12096240111669618,0.17694759282585973,0.6823683157495133,50,20,20
1,5330,0.01972169030793057,0.12096240111667778,0.17694187436939385,0.6823740342059973,50,20,20
1,5331,0.019721690307930573,0.1209624011167063,0.1769491422939644,0.6823667662813984,50,20,20
1,5332,0.01972169030813742,0.12096240773820759,0.17739838912113956,0.681917512832515,50,20,20
1,5333,0.019721690308137238,0.12096240773792138,0.17740482847271305,0.6819110734812278,50,20,20
1,5334,0.01972169037690189,0.12105335318482284,0.17732014215842015,0.6819048142798547,50,20,20
1,5335,0.019721690376901888,0.12104156424217229,0.17733193110107018,0.6819048142798553,50,20,20
1,5336,0.01972266547175109,0.1210415679802516,0.17733106688832312,0.6819046996596739,50,20,20
1,5337,0.019724746182158952,0.12104156620219704,0.17730181117396526,0.6819318764416781,50,20,20
1,5338,0.019724746182158952,0.12104156620212844,0.17730150857704927,0.6819321790386625,50,20,20
1,5339,0.019724746182158952,0.12104156619775325,0.17729257698660356,0.6819411106334836,50,20,20
1,5340,0.01972474481833847,0.12104142564902602,0.17207767707820007,0.6871561524544348,50,20,20
1,5341,0.01972474481833847,0.12104142564902574,0.17207283172386278,0.6871609978087725,50,20,20
1,5342,0.019724744818338472,0.12106504895247201,0.172049208420394,0.687160997808795,50,20,20
1,5343,0.019724744818338472,0.12106504895248121,0.17204943754890803,0.6871607686802719,50,20,20
1,5344,0.019724744818338472,0.1210650489524813,0.17204207282029807,0.6871681334088816,50,20,20
1,5345,0.01972474481833839,0.12106504895838961,0.17236758316010029,0.6868426230631713,50,20,20
1,5346,0.019724744818338347,0.1210650472723537,0.1722896286214159,0.6869205792878919,50,20,20
1,5347,0.019724744818338347,0.1210650472723537,0.17228962794606834,0.6869205799632394,50,20,20
1,5348,0.019724744818338354,0.12106504727301166,0.17260188256685283,0.6866083253417969,50,20,20
1,5349,0.019724744818338354,0.12106504727301166,0.17260200390632607,0.6866082040023237,50,20,20
1,5350,0.019724744818338354,0.12106504727301141,0.17261072038710576,0.6865994875215443,50,20,20
1,5351,0.01972474481833837,0.12106504727301141,0.17261322119410835,0.6865969867145416,50,20,20
1,5352,0.01972755866749118,0.12106505814778379,0.17261039292188973,0.686596990262835,50,20,20
1,5353,0.019727558667382673,0.12023268266364047,0.17344276840614384,0.6865969902628326,50,20,20
1,5354,0.01972755866738267,0.1202326826636404,0.17344281159087074,0.6865969470781059,50,20,20
1,5355,0.019727558667372053,0.1202326826636404,0.17344164890768304,0.6865981097613044,50,20,20
1,5356,0.019727558668384243,0.12090697860567351,0.17276735296421333,0.686598109761729,50,20,20
1,5357,0.019727558667371935,0.12104274982253165,0.1726315812426135,0.6865981102674829,50,20,20
1,5358,0.019727558667371935,0.12104274982252818,0.17261835581029086,0.6866113356998089,50,20,20
1,5359,0.019727558667371935,0.1210427498225279,0.1726177484168302,0.6866119430932699,50,20,20
1,5360,0.019727558667371935,0.1210427498225279,0.1726177052824788,0.6866119862276213,50,20,20
1,5361,0.019727558667371935,0.12104274982266809,0.1726296232206094,0.6866000682893504,50,20,20
1,5362,0.01972755866737192,0.12104274982267281,0.19216890283771723,0.667060788672238,50,20,20
1,5363,0.01972755866737192,0.12104274982257618,0.19217940086354493,0.6670502906465069,50,20,20
1,5364,0.01972755866737192,0.12104274982258481,0.19219194220163033,0.6670377493084128,50,20,20
1,5365,0.01972755866737192,0.12104274982258932,0.1922062016488551,0.6670234898611835,50,20,20
1,5366,0.01972755866737088,0.12104274982258932,0.19221853194541189,0.6670111595646279,50,20,20
1,5367,0.019727558667367577,0.12104274982257753,0.19169455526760212,0.6675351362424528,50,20,20
1,5368,0.019727558667367574,0.12104274982506844,0.1916902924857815,0.6675393990217823,50,20,20
1,5369,0.019727558667367574,0.12104274982506841,0.19169029856891887,0.6675393929386452,50,20,20
1,5370,0.019727558667367574,0.12104274982506841,0.1916902989770775,0.6675393925304864,50,20,20
1,5371,0.01972755866801112,0.12104274983008217,0.19883297275438178,0.6603967187475251,50,20,20
1,5372,0.019727558668011125,0.12104274983008317,0.198835068573418,0.6603946229284879,50,20,20
1,5373,0.0197275586680116,0.12104274983371824,0.1988300506687721,0.6603996408294982,50,20,20
1,5374,0.01972745987809013,0.12104277703168571,0.20050462943638098,0.6587251336538428,50,20,20
1,5375,0.0197274598780894,0.12104277703555817,0.20093353768409009,0.658296225402262,50,20,20
1,5376,0.01972745980599267,0.12105209645184152,0.20092439890248678,0.6582960448396789,50,20,20
1,5377,0.01972745980599267,0.12105209645184072,0.20092895622694507,0.6582914875152214,50,20,20
1,5378,0.019727459805992623,0.12105209646325292,0.20050953415265174,0.6587109095781025,50,20,20
1,5379,0.019727459805992657,0.12105464110363805,0.20050698951292859,0.6587109095774407,50,20,20
1,5380,0.019727459805992657,0.12105464110363805,0.20050698276609707,0.6587109163242723,50,20,20
1,5381,0.019727459805992654,0.12105464109742645,0.1999501392076831,0.6592677598888979,50,20,20
1,5382,0.01972745980768222,0.12004263342945372,0.20096214689674263,0.6592677598661213,50,20,20
1,5383,0.019727459807682216,0.12004263342693428,0.2009591410060677,0.6592707657593156,50,20,20
1,5384,0.019727459811753667,0.12004240487715317,0.2009591434113407,0.6592709918997522,50,20,20
1,5385,0.019727459811753667,0.12004240487715354,0.20095904901702621,0.6592710862940663,50,20,20
1,5386,0.01972745981194609,0.12004240981262412,0.20176124104388446,0.658468889331545,50,20,20
1,5387,0.0197274598061884,0.12004281968011135,0.20176105501005492,0.6584686655036451,50,20,20
1,5388,0.019727459805995974,0.12004281474145387,0.20119523276963,0.6590344926829199,50,20,20
1,5389,0.019727459805995974,0.12004281474146143,0.20120333700159332,0.6590263884509491,50,20,20
1,5390,0.019727459805995974,0.1200428147415651,0.20119888736495284,0.6590308380874859,50,20,20
1,5391,0.019727459805995974,0.12004281474156439,0.20119309532872096,0.6590366301237185,50,20,20
1,5392,0.0197274598059955,0.12004281474098022,0.20095672670026524,0.6592729987527588,50,20,20
1,5393,0.019727459805995464,0.11999241242621377,0.2010071290149815,0.6592729987528091,50,20,20
1,5394,0.019727459805995464,0.11999241242621377,0.20100719080225446,0.6592729369655362,50,20,20
1,5395,0.019727459805995464,0.11999241242621377,0.2010048823470843,0.6592752454207065,50,20,20
1,5396,0.019727459805995468,0.1199924124260826,0.20098448966721588,0.6592956381007059,50,20,20
1,5397,0.019727459805996925,0.1199924124298714,0.20497300240772603,0.6553071253564056,50,20,20
1,5398,0.019727471981642777,0.11999200727305684,0.2049733976790381,0.6553071230662623,50,20,20
1,5399,0.019727471981642753,0.11999200725777741,0.20506197026151632,0.6552185504990635,50,20,20
1,5400,0.019727753095748254,0.11999308097246913,0.2050606154431577,0.6552185504886249,50,20,20
1,5401,0.019727753095748254,0.11999308097247549,0.2050658306682719,0.6552133352635043,50,20,20
1,5402,0.019727581853881123,0.119992009372008,0.2050398643879486,0.6552405443861622,50,20,20
1,5403,0.019727581853881123,0.11999200937200805,0.2050421461466909,0.6552382626274199,50,20,20
1,5404,0.019727581853881123,0.1199920093719986,0.20504574874990916,0.655234660024211,50,20,20
1,5405,0.019727581853881123,0.11999200937234267,0.20504309223639708,0.6552373165373789,50,20,20
1,5406,0.019727581853830126,0.11999197967732692,0.20572001066251105,0.6545604278063317,50,20,20
1,5407,0.019727581853830126,0.11999197967731828,0.2057029644721527,0.6545774739966987,50,20,20
1,5408,0.019727581853830126,0.119991979677643,0.20570158257966917,0.6545788558888576,50,20,20
1,5409,0.01972550114448298,0.11999206654794474,0.20538213057215018,0.6549003017354219,50,20,20
1,5410,0.019725501144483227,0.11999206654794733,0.2053715268110419,0.6549109054965272,50,20,20
1,5411,0.019725501144483227,0.11999206654787742,0.20536311977330166,0.6549193125343374,50,20,20
1,5412,0.019725501144481773,0.11999206654826242,0.19384066909375192,0.6664417632135035,50,20,20
1,5413,0.019725501144481773,0.1200344034165262,0.1937983322255412,0.6664417632134504,50,20,20
1,5414,0.019725501144481773,0.12003440341642253,0.19379822980441383,0.6664418656346814,50,20,20
1,5415,0.01972550114448179,0.12003440570284017,0.19395068028716403,0.6662894128655136,50,20,20
1,5416,3.3056656930708694e-05,0.1200440504519224,0.21136266791862768,0.6685602249725184,50,20,20
1,5417,3.211574410416844e-05,0.12004404682891433,0.2113635997525723,0.6685602376744076,50,20,20
1,5418,3.21157441041659e-05,0.12005323311199437,0.21135441346951453,0.6685602376743853,50,20,20
1,5419,3.211574607257192e-05,0.12005323311200061,0.2113580712694349,0.6685565798724902,50,20,20
1,5420,3.211574607257157e-05,0.12006060264931737,0.21135070173211004,0.6685565798724986,50,20,20
1,5421,3.211574607257339e-05,0.12006060264931737,0.21135066749066084,0.6685566141139477,50,20,20
1,5422,3.21157460726431e-05,0.1200606026497962,0.21142109973525477,0.6684861818688748,50,20,20
1,5423,3.2115745429102654e-05,0.1200606026453215,0.20461978703167147,0.6752874945775769,50,20,20
1,5424,3.211574542909482e-05,0.1200606026447823,0.20427829720634272,0.6756289844034449,50,20,20
1,5425,3.211574542732634e-05,0.12006060264474896,0.20427825313602432,0.6756290284737984,50,20,20
1,5426,3.211574542732654e-05,0.12006060264460895,0.20426642796739294,0.6756408536425699,50,20,20
1,5427,3.211574542732657e-05,0.12006060264460895,0.2042664668061691,0.6756408148037937,50,20,20
1,5428,3.2115745427326554e-05,0.12006060264460895,0.2042664297671562,0.6756408518428065,50,20,20
1,5429,3.211574542732657e-05,0.12006060264460867,0.2042708471813919,0.6756364344285711,50,20,20
1,5430,3.304201377730192e-05,0.12025991349978309,0.2040975939134256,0.6756094505730131,50,20,20
1,5431,3.304201377730192e-05,0.12025991349978345,0.20409770071719513,0.6756093437692435,50,20,20
1,5432,3.304201377730192e-05,0.12025991349978331,0.2040974126038789,0.67560963188256,50,20,20
1,5433,3.3042013776806633e-05,0.12025991349978331,0.20409742108769272,0.6756096233987465,50,20,20
1,5434,3.304201356996123e-05,0.12025990687828056,0.2036479947381509,0.6760590563699977,50,20,20
1,5435,3.304201356996098e-05,0.12025990687828188,0.2036565816862113,0.6760504694219361,50,20,20
1,5436,3.304201356995305e-05,0.1202643402961112,0.20365214877457277,0.6760504689157453,50,20,20
1,5437,3.3042013569953205e-05,0.12026434029610993,0.20364351861787738,0.676059099072442,50,20,20
1,5438,3.30420135699356e-05,0.12026433800967425,0.20339588959254684,0.6763067303842082,50,20,20
1,5439,3.200578142375381e-05,0.12014615318015849,0.20351533586300335,0.6763065051754136,50,20,20
1,5440,3.2005781423506064e-05,0.12014615318044068,0.20351328278657996,0.6763085582515549,50,20,20
1,5441,3.197159937190626e-05,0.12015207447256415,0.20350740838426154,0.6763085455438014,50,20,20
1,5442,3.19722887199607e-05,0.12014717730523121,0.20351255487987152,0.6763082955261757,50,20,20
1,5443,3.197229709959648e-05,0.12014717732282236,0.20377060688905174,0.6760502434910246,50,20,20
1,5444,3.197229709959648e-05,0.12018657430315863,0.20373120990874946,0.6760502434909906,50,20,20
1,5445,3.303724967131447e-05,0.12008092496963652,0.20383579723822742,0.6760502405424638,50,20,20
1,5446,3.303726483887496e-05,0.12008092505850279,0.2194771631220597,0.6604088745545973,50,20,20
1,5447,3.30372648391782e-05,0.12008092505873716,0.2194812506711042,0.660404787005318,50,20,20
1,5448,3.303726483930077e-05,0.120080925058293,0.21946462609425105,0.6604214115826151,50,20,20
1,5449,3.303726483930077e-05,0.12008092505829293,0.2194539363979294,0.660432101278937,50,20,20
1,5450,3.303726483930077e-05,0.1200809250580081,0.2194534329348248,0.6604326047423263,50,20,20
1,5451,3.305520103477407e-05,0.1200763560844998,0.21945797956031093,0.6604326091541531,50,20,20
1,5452,3.3055201046645994e-05,0.12007635614668277,0.2194899176035922,0.6604006710486772,50,20,20
1,5453,3.305520104657627e-05,0.12007635614613921,0.2194101442640518,0.6604804443887612,50,20,20
1,5454,3.305520127155109e-05,0.12007635616492006,0.21942474282475444,0.6604658458090523,50,20,20
1,5455,4.192989868160571e-05,0.13559811356782472,0.2038940936901951,0.6604658628432974,50,20,20
1,5456,4.1929898681605625e-05,0.1355981135678244,0.20389406479637387,0.6604658917371188,50,20,20
1,5457,4.1929898681714126e-05,0.13559811356804263,0.20405927111415706,0.6603006854191175,50,20,20
1,5458,4.1929898681714126e-05,0.13559811356770057,0.20406226938625835,0.6602976871473583,50,20,20
1,5459,4.1929898681714126e-05,0.13559811356769427,0.20405712002435394,0.660302836509269,50,20,20
1,5460,4.1929898681714126e-05,0.13559811356769422,0.20405691416294772,0.6603030423706753,50,20,20
1,5461,4.1929898681714126e-05,0.1356003210730946,0.20405470665754696,0.6603030423706757,50,20,20
1,5462,4.192989868171409e-05,0.1356003210730946,0.20405467099077834,0.6603030780374443,50,20,20
1,5463,4.192989868171161e-05,0.1356003210730946,0.2040523890781002,0.6603053599501223,50,20,20
1,5464,4.1929898689631804e-05,0.13560032600983735,0.20433273224561435,0.6600250118458575,50,20,20
1,5465,4.191206930922091e-05,0.13570841290891292,0.20422098204614303,0.6600286929756336,50,20,20
1,5466,4.191206930130157e-05,0.1357084079721704,0.2041831013773945,0.6600665785811327,50,20,20
1,5467,4.191206930130157e-05,0.1357084079718381,0.20416783645075984,0.6600818435080997,50,20,20
1,5468,4.191206930130161e-05,0.1357084079719037,0.204305916589942,0.659943763368852,50,20,20
1,5469,4.1912069301393984e-05,0.1354426323507707,0.2045716922110624,0.6599437633688645,50,20,20
1,5470,4.191206930139445e-05,0.1354426323507707,0.20457293669439555,0.6599425188855313,50,20,20
1,5471,4.084711671550661e-05,0.1354430877172803,0.20457320495333609,0.659942860212667,50,20,20
1,5472,4.0847116715514244e-05,0.13544308771728053,0.2046825435536685,0.6598335216123344,50,20,20
1,5473,4.0847116715513946e-05,0.13544308771729754,0.20468872585623796,0.6598273393097479,50,20,20
1,5474,4.084711649829615e-05,0.1355939476016825,0.20453813015931413,0.6598270751225042,50,20,20
1,5475,0.0006013535157027634,0.13559394780215922,0.20833433363748458,0.6554703650446518,50,20,20
1,5476,0.0006013528024976578,0.13559194981622474,0.20833632996535267,0.6554703674159232,50,20,20
1,5477,0.0006013528024976567,0.13559194981622455,0.2080941245197852,0.6557125728614909,50,20,20
1,5478,0.0006013528024979426,0.13559194981622802,0.2080941181647206,0.6557125792165518,50,20,20
1,5479,0.0006013528024981526,0.13559194981601005,0.2079348429208473,0.655871854460643,50,20,20
1,5480,0.0006013528024981531,0.13558762302983898,0.20793916970701898,0.6558718544606422,50,20,20
1,5481,0.0006013528024981531,0.1355882386093284,0.20793855412753007,0.655871854460642,50,20,20
1,5482,0.0006013528024981531,0.13559037816285613,0.20793641457372755,0.6558718544609168,50,20,20
1,5483,0.0005722090156260326,0.13558073705245371,0.2102401621534148,0.6536068917785038,50,20,20
1,5484,0.0005722090156261645,0.13558073704851403,0.21029908434109207,0.6535479695947664,50,20,20
1,5485,0.0005722090156261645,0.13558073704851484,0.21084524180769842,0.653001812128159,50,20,20
1,5486,0.0005722090156261645,0.1355801092182809,0.2108458696379304,0.653001812128161,50,20,20
1,5487,0.0005722090156261645,0.13558010921827998,0.21083852010202972,0.6530091616640625,50,20,20
1,5488,0.0005722090156261645,0.13558010921837768,0.21084571825162013,0.6530019635143745,50,20,20
1,5489,0.0005722090156261645,0.13558010921846628,0.21084708927265328,0.6530005924932527,50,20,20
1,5490,0.0005722905441604422,0.13558048228136352,0.2112974085179025,0.6525498186565725,50,20,20
1,5491,0.0005722905441604291,0.13558048228083888,0.21100579727017033,0.6528414299048293,50,20,20
1,5492,0.0005634037626590384,0.13997688957977444,0.20661829385816202,0.6528414127994034,50,20,20
1,5493,0.0005634037626590406,0.13997688958030965,0.20663644879008106,0.6528232578669492,50,20,20
1,5494,0.0005634037626590406,0.13997688958031576,0.20663663561796886,0.6528230710390552,50,20,20
1,5495,0.000563403762659033,0.13997688958033247,0.20653352049179521,0.6529261861652123,50,20,20
1,5496,0.0005634037626590331,0.13997688960476762,0.20653944881844016,0.6529202578141322,50,20,20
1,5497,0.0005634037626587196,0.1399768933659595,0.2069142046851029,0.6525454981862778,50,20,20
1,5498,0.0005634037626576587,0.13997651816064255,0.20691479962571155,0.6525452784509875,50,20,20
1,5499,0.0005634037626575657,0.14025238018256184,0.20663893760380514,0.6525452784509747,50,20,20
1,5500,0.0005634037626575657,0.14025238018256184,0.20663907249194335,0.6525451435628367,50,20,20
1,5501,0.0005634037626575657,0.14025238018255962,0.2066425335579459,0.6525416824968362,50,20,20
1,5502,0.0005634037542779315,0.14025238016496847,0.2065169348405343,0.6526672812402187,50,20,20
1,5503,0.0005634037542779315,0.14025238016497407,0.20675653367029528,0.652427682410452,50,20,20
1,5504,0.0005634037542660595,0.14025238010279106,0.20672006924916014,0.6524641468937823,50,20,20
1,5505,0.011066564672213492,0.1401429629845585,0.19632996407926126,0.6524605082639664,50,20,20
1,5506,0.011066564672213368,0.14014296298463016,0.19627776306455327,0.6525127092786027,50,20,20
1,5507,0.011066564672213364,0.14014296298409507,0.19625962970834263,0.6525308426353484,50,20,20
1,5508,0.011066564672213475,0.14007192973536,0.1963306573812535,0.6525308482111725,50,20,20
1,5509,0.011066564672213475,0.14007192973593935,0.19633129952539247,0.6525302060664542,50,20,20
1,5510,0.011066564672213475,0.14007192973594018,0.19633142782668447,0.6525300777651615,50,20,20
1,5511,0.011066564672213479,0.14007192973594015,0.1963354794385648,0.652526026153281,50,20,20
1,5512,0.011066564672213473,0.14007192973550808,0.19631888550588766,0.6525426200863902,50,20,20
1,5513,0.011066564672213473,0.14007193073923888,0.19661293650215744,0.6522485680863896,50,20,20
1,5514,0.011066564672214594,0.1400719307396977,0.19668424737014154,0.6521772572179456,50,20,20
1,5515,0.011066564672214589,0.14007193073969762,0.19668023752808497,0.6521812670600022,50,20,20
1,5516,0.011066564672214589,0.14007193073969773,0.19668024934475173,0.6521812552433353,50,20,20
1,5517,0.011066564672214589,0.14007193073968063,0.19667407352972152,0.6521874310583828,50,20,20
1,5518,0.011066564672214589,0.14007193071590077,0.19697994438736888,0.6518815602245154,50,20,20
1,5519,0.011066564672214589,0.14007448907665354,0.19697738602689985,0.6518815602242316,50,20,20
1,5520,0.011066564672214285,0.14007448907644818,0.19697942507248367,0.6518795211788535,50,20,20
1,5521,0.011066564672214285,0.1400744890764482,0.19697940567223202,0.651879540579105,50,20,20
1,5522,0.011066564672214287,0.14007448907626133,0.1969674252128195,0.6518915210387044,50,20,20
1,5523,0.011066564672214287,0.14007448907625888,0.19696717694604549,0.6518917693054808,50,20,20
1,5524,0.011066564672214287,0.14007448907625894,0.1969674000591625,0.6518915461923638,50,20,20
1,5525,0.011066564672214287,0.14007448907625408,0.19696714078451083,0.6518918054670202,50,20,20
1,5526,0.011066564672214287,0.1400744890762541,0.19697389946641852,0.6518850467851125,50,20,20
1,5527,0.011066564672112948,0.14007634284187537,0.19697204814169664,0.6518850443443149,50,20,20
1,5528,0.01106656467213156,0.14007634284187545,0.19697192894364438,0.6518851635423485,50,20,20
1,5529,0.01106656478922969,0.13744804041645506,0.19960022271401176,0.6518851720803034,50,20,20
1,5530,0.011066564788172764,0.137448997617023,0.19995403656002428,0.6515304010347797,50,20,20
1,5531,0.011066564788172355,0.13744899761701934,0.19995396477336722,0.6515304728214408,50,20,20
1,5532,0.011066564788172355,0.13744899761701934,0.19995390273564279,0.6515305348591653,50,20,20
1,5533,0.011066564788172362,0.13744899761744456,0.20027814595888874,0.6512062916354941,50,20,20
1,5534,0.011066564788172703,0.1374489938562525,0.19989750923411012,0.6515869321214645,50,20,20
1,5535,0.01106656296820823,0.1382301519100279,0.199121536417283,0.6515817487044803,50,20,20
1,5536,0.011066562968208231,0.1382301519094486,0.1991209853752479,0.6515822997470946,50,20,20
1,5537,0.01106656296820881,0.13823015190963045,0.19912362983038281,0.6515796552917772,50,20,20
1,5538,0.011066562968208809,0.13823015190962892,0.19912351803469494,0.6515797670874666,50,20,20
1,5539,0.011066562968208809,0.1382301519089742,0.19881165673002496,0.6518916283927914,50,20,20
1,5540,0.011066562968208809,0.13823076956849475,0.1988110390705064,0.6518916283927894,50,20,20
1,5541,0.011066562968208809,0.13823076956849495,0.19881102568235878,0.6518916417809367,50,20,20
1,5542,0.011066562968208809,0.13823072318192156,0.19881107206893017,0.6518916417809387,50,20,20
1,5543,0.011066562968208809,0.13823072318192153,0.19881097939172318,0.6518917344581457,50,20,20
1,5544,0.011066562968208807,0.13823072318192153,0.1986786095455663,0.6520241043043026,50,20,20
1,5545,0.011066562968208807,0.13822790423270692,0.19868142849477696,0.6520241043043066,50,20,20
1,5546,0.011066562968208807,0.13822790423270764,0.1986814909407715,0.6520240418583113,50,20,20
1,5547,0.011066562968208807,0.13822790423263773,0.19852916111845528,0.6521763716806974,50,20,20
1,5548,0.011066562968208807,0.13822790423263778,0.19852902779803774,0.6521765050011149,50,20,20
1,5549,0.011066562968208807,0.13822790322889023,0.19822876032274972,0.6524767734801504,50,20,20
1,5550,0.011066562968208227,0.13822790322870837,0.1982260187897583,0.6524795150133244,50,20,20
1,5551,0.011066562968208227,0.13822790322870826,0.19822921469182614,0.6524763191112567,50,20,20
1,5552,0.011066562968208227,0.11962634906239139,0.21683076885814134,0.6524763191112587,50,20,20
1,5553,0.011066562976788383,0.11823367427242851,0.21821598654655683,0.6524837762042259,50,20,20
1,5554,0.011066562976788383,0.11823367427242594,0.21766964288380644,0.6530301198669788,50,20,20
1,5555,0.011066562976788383,0.11823367427741097,0.2176789136164935,0.6530208491293068,50,20,20
1,5556,0.011066562859690255,0.12080091733486568,0.2151116792140233,0.6530208405914206,50,20,20
1,5557,0.01108470737084559,0.12079987478229315,0.2144290883351555,0.6536863295117052,50,20,20
1,5558,0.01108470737084559,0.12079987478229215,0.21442709953108552,0.6536883183157759,50,20,20
1,5559,0.01108470737084559,0.12079987478229215,0.21442710244588706,0.6536883154009743,50,20,20
1,5560,0.01108470737084559,0.12079987478229215,0.21442709844985022,0.6536883193970112,50,20,20
1,5561,0.011084707370970977,0.12079987478229252,0.2202776840113796,0.647837733835356,50,20,20
1,5562,0.011084707370970977,0.12079987478229355,0.22027659751503723,0.6478388203316974,50,20,20
1,5563,0.011084707370970979,0.12079307103524654,0.22028340126124657,0.647838820332535,50,20,20
1,5564,0.011084707370970866,0.12086852804524967,0.22020794982706465,0.6478388147567139,50,20,20
1,5565,0.011084707372851959,0.12086826279312318,0.22020821507724736,0.6478388147567766,50,20,20
1,5566,0.011084707373529621,0.1207198732061942,0.22035660465958262,0.6478388147606919,50,20,20
1,5567,0.011084707373529621,0.1207198732061942,0.220356522058816,0.6478388973614586,50,20,20
1,5568,0.011084707373529621,0.12071987320619516,0.22035339207174065,0.6478420273485331,50,20,20
1,5569,0.011084707373529621,0.12071987320619536,0.22035851615747265,0.6478369032628009,50,20,20
1,5570,0.01108470737156122,0.12071987320618907,0.22035478562700012,0.6478406337952479,50,20,20
1,5571,0.011084707371542608,0.12071987320619652,0.22035497613682056,0.6478404432854385,50,20,20
1,5572,0.011084707371542608,0.12071987320619665,0.22035498355194444,0.6478404358703146,50,20,20
1,5573,0.011084707371542608,0.1205324935294618,0.22054236321209442,0.6478404358868995,50,20,20
1,5574,0.011084707371542617,0.12053249352946173,0.2205423929878472,0.6478404061111468,50,20,20
1,5575,0.011084707371542617,0.12053249352946173,0.22054239218112348,0.6478404069178706,50,20,20
1,5576,0.011084707371542617,0.11748147014350202,0.22359341556708404,0.6478404069178697,50,20,20
1,5577,0.010524200968877495,0.11748153966484054,0.2241501863792016,0.6478440729870785,50,20,20
1,5578,0.010521521601684005,0.11748160771893862,0.22415280000778626,0.64784407067159,50,20,20
1,5579,0.010521521601684005,0.11748160771893847,0.2241527919660636,0.6478440787133128,50,20,20
1,5580,0.010521521601683029,0.11748160251611532,0.2178340803091412,0.6541627955730591,50,20,20
1,5581,0.01052152160362465,0.11748160251066157,0.21659065244356066,0.6554062234421518,50,20,20
1,5582,0.010534971927186085,0.11748153269997477,0.21658129557089822,0.6554021998019395,50,20,20
1,5583,0.010534971927185739,0.11748153269997492,0.21658322330268348,0.6554002720701544,50,20,20
1,5584,0.010534971927187133,0.1174815326999482,0.2165794943901625,0.6554040009827006,50,20,20
1,5585,0.010534971927061744,0.11748153269995347,0.21073294634725362,0.6612505490257297,50,20,20
1,5586,0.010534971927061744,0.11748153270678122,0.21131038061031393,0.6606731147558417,50,20,20
1,5587,0.010534971927061744,0.11748153270678233,0.2113104030072196,0.6606730923589349,50,20,20
1,5588,0.010534971927061744,0.1174816043618181,0.21131033135218683,0.6606730923589319,50,20,20
1,5589,0.01053497192706174,0.11748160436139292,0.21098611100625372,0.6609973127052902,50,20,20
1,5590,0.01053497192706174,0.11748160436140064,0.21098640945897773,0.6609970142525583,50,20,20
1,5591,0.010534971927061735,0.11748160436140066,0.21099304175936168,0.6609903819521743,50,20,20
1,5592,0.010534971927061735,0.11748160438235673,0.21100888383740088,0.6609745398531791,50,20,20
1,5593,0.010534890398527539,0.11762698634021214,0.21087096218226603,0.660967161078993,50,20,20
1,5594,0.011670443231686336,0.11763237155976458,0.2097269469885562,0.6609702382199925,50,20,20
1,5595,0.011670443231686336,0.11763237155976433,0.20972496725065937,0.6609722179578895,50,20,20
1,5596,0.01165229872103604,0.11763237059293406,0.2104035855975468,0.6603117450884827,50,20,20
1,5597,0.01165229872103604,0.11763237059293319,0.21040353426242436,0.6603117964236058,50,20,20
1,5598,0.011652298720851835,0.11685120935923908,0.21118512014463856,0.6603113717752699,50,20,20
1,5599,0.011652298720851833,0.11685120935930957,0.21118534300198352,0.6603111489178544,50,20,20
1,5600,0.011652298720850713,0.11685120935885086,0.21111497618419883,0.6603815157360987,50,20,20
1,5601,0.011652298720850711,0.11685120935885086,0.21110839951237112,0.6603880924079263,50,20,20
1,5602,0.011652298720850711,0.11685120935885517,0.21112253146437163,0.6603739604559216,50,20,20
1,5603,0.011652298720850711,0.1170385982132209,0.21093514262659072,0.6603739604393367,50,20,20
1,5604,0.011652298720850711,0.1170385982132209,0.21093510255032913,0.6603740005155985,50,20,20
1,5605,0.011652298719010969,0.11713209582124445,0.21084160494479068,0.6603740005149527,50,20,20
1,5606,2.12800616484408e-05,0.11713235362188958,0.22247443573200174,0.6603719305844591,50,20,20
1,5607,2.1280061648441766e-05,0.1171323536150696,0.22211062247486688,0.6607357438484139,50,20,20
1,5608,2.1280061648441993e-05,0.1171323536150696,0.22211059889750998,0.6607357674257709,50,20,20
1,5609,2.1280061648441993e-05,0.11713235361506971,0.2221255967736796,0.6607207695496011,50,20,20
1,5610,8.348639565723136e-05,0.11712710086575841,0.22206969102735527,0.6607197217112278,50,20,20
1,5611,8.348639565723136e-05,0.11712710086575628,0.2220739316827251,0.6607154810558601,50,20,20
1,5612,8.335201463843563e-05,0.11712737033288097,0.2220736215225022,0.6607156561299768,50,20,20
1,5613,8.335201463846002e-05,0.11712737033288098,0.22207896644300168,0.6607103112094775,50,20,20
1,5614,8.335201463846002e-05,0.11712737033288043,0.2220843260686404,0.6607049515838395,50,20,20
1,5615,8.335201463873994e-05,0.10341295124427198,0.2357987451565544,0.6607049515845338,50,20,20
1,5616,8.33520146097824e-05,0.11205972317556907,0.22715197322528993,0.66070495158453,50,20,20
1,5617,8.335201460979945e-05,0.11205972317058396,0.22714611005788954,0.6607108147569157,50,20,20
1,5618,8.335201460981097e-05,0.1120597231705861,0.2271486485484608,0.6607082762663423,50,20,20
1,5619,8.335201460982839e-05,0.11205972317057836,0.22693753034652497,0.6609193944682857,50,20,20
1,5620,8.335205632131421e-05,0.11205972321757036,0.20710258827239852,0.6807543364537086,50,20,20
1,5621,8.335201461380863e-05,0.1120597226999325,0.20693893083182271,0.6809179944536298,50,20,20
1,5622,8.33520146138075e-05,0.11205972269993351,0.2069389959749066,0.680917929310545,50,20,20
1,5623,8.33520146138075e-05,0.11205972269993375,0.2069345852795341,0.6809223400059173,50,20,20
1,5624,8.335200659841275e-05,0.11205972276607985,0.20816401967296946,0.6796929055543508,50,20,20
1,5625,8.335200659841276e-05,0.11205972276608053,0.20831412132956256,0.6795428038977572,50,20,20
1,5626,8.335206306025526e-05,0.11205977115501062,0.20818307300778868,0.679673803774139,50,20,20
1,5627,8.335212872581915e-05,0.11269631161673002,0.20755398957324236,0.6796663466813011,50,20,20
1,5628,8.335212872580073e-05,0.11269631161673002,0.20755148984891353,0.67966884640563,50,20,20
1,5629,8.335819507417102e-05,0.11269701037771823,0.20769035491059554,0.6795292765166114,50,20,20
1,5630,8.3358195074171e-05,0.11572716527069594,0.2046602000169262,0.6795292765173029,50,20,20
1,5631,8.335819507417106e-05,0.11572716527082241,0.2046642511901055,0.6795252253439972,50,20,20
1,5632,8.335819507414667e-05,0.11572716527082663,0.20466376657956561,0.6795257099545329,50,20,20
1,5633,8.335846941238904e-05,0.11572469477503239,0.20466623782425156,0.6795257089313032,50,20,20
1,5634,1.65347544002708e-05,0.1157242822588946,0.20473348022741392,0.6795257027592906,50,20,20
1,5635,1.6534754400270902e-05,0.11491782588554139,0.2055399365986585,0.6795257027613993,50,20,20
1,5636,1.653475440027105e-05,0.11491782588560451,0.20553410222233012,0.6795315371376647,50,20,20
1,5637,0.0010561079463909965,0.11427837364930989,0.2051299826419293,0.6795355357623692,50,20,20
1,5638,0.0010561079463909965,0.11427837364930957,0.20512484892536698,0.6795406694789318,50,20,20
1,5639,0.0010561079463909963,0.11427837364930593,0.20512498706168236,0.6795405313426202,50,20,20
1,5640,0.0010561079463909965,0.11427837364933081,0.20513199595821077,0.679533522446067,50,20,20
1,5641,0.0010561079463910416,0.1142783736597657,0.205138143071611,0.6795273753222318,50,20,20
1,5642,0.0010561079463910416,0.10387281041859467,0.21554370631285097,0.6795273753221626,50,20,20
1,5643,0.0010522122449806485,0.10389593753840401,0.21552447380160863,0.6795273764150055,50,20,20
1,5644,0.0010522122449806485,0.1038959375386165,0.21552450084473587,0.6795273493716657,50,20,20
1,5645,0.001052206122066597,0.10389519033690436,0.2104703907627345,0.6845822127782931,50,20,20
1,5646,0.001052206122066597,0.10389519033690436,0.21047013932219524,0.6845824642188325,50,20,20
1,5647,0.001052206122066597,0.10389519033689693,0.21047014201495778,0.6845824615260773,50,20,20
1,5648,0.0010522061322192993,0.11512941129950521,0.19923592103923363,0.6845824615290403,50,20,20
1,5649,0.0010522061322192993,0.1150950789169733,0.19927025342020957,0.6845824615305964,50,20,20
1,5650,1.2640847828603943e-05,0.11509508333304665,0.20031204065891678,0.6845802351602067,50,20,20
1,5651,1.2640847828603943e-05,0.11509508333304694,0.200317033056149,0.6845752427629743,50,20,20
1,5652,1.2640847828603936e-05,0.11509508333304627,0.20016028799080776,0.684731987828316,50,20,20
1,5653,1.2640847873485228e-05,0.1150950833329895,0.20025115247393313,0.6846411233452026,50,20,20
1,5654,1.264072125007855e-05,0.12209037688156689,0.19325603411077655,0.6846409482864051,50,20,20
1,5655,1.2640721250067033e-05,0.12209037688156385,0.19325336300172882,0.6846436193954558,50,20,20
1,5656,1.2640721250067033e-05,0.12209037688156385,0.19325335904952612,0.6846436233476587,50,20,20
1,5657,1.264072125007658e-05,0.12209037688162631,0.19326265827518616,0.6846343241219361,50,20,20
1,5658,1.264072137075952e-05,0.13569803964527732,0.1796549955115439,0.6846343241218071,50,20,20
1,5659,1.2640721374735597e-05,0.13569804190518203,0.1903774706259301,0.6739118467475116,50,20,20
1,5660,3.086400478413536e-06,0.13570409477689938,0.19038096749553926,0.6739118513270813,50,20,20
1,5661,3.0864004744377238e-06,0.13570409251737578,0.1802674906316232,0.684025330450525,50,20,20
1,5662,3.0864004744377225e-06,0.1357040925173715,0.1802633523361821,0.6840294687459706,50,20,20
1,5663,3.086400353474877e-06,0.13580885519964345,0.18015858965459686,0.6840294687454055,50,20,20
1,5664,3.086876543575777e-06,0.13566310160147504,0.18030434260295963,0.6840294689190205,50,20,20
1,5665,3.601296913396133e-05,0.135663101601953,0.18027141662095844,0.6840294688079535,50,20,20
1,5666,3.601296913396133e-05,0.13566310160195305,0.1802714242531972,0.6840294611757147,50,20,20
1,5667,3.6014137436081454e-05,0.13566309933198997,0.18027319758272942,0.684027688947843,50,20,20
1,5668,3.601413743608147e-05,0.13566309934421544,0.18029065455527213,0.6840102319630746,50,20,20
1,5669,3.601413743608145e-05,0.13558700967126394,0.18036674422977952,0.6840102319615187,50,20,20
1,5670,3.601413743608194e-05,0.1358496921805076,0.1801040617215239,0.684010231960531,50,20,20
1,5671,3.6014137436082735e-05,0.1358428354693435,0.18011091843265445,0.6840102319605645,50,20,20
1,5672,3.6014137436082735e-05,0.13584283546934356,0.18012342973977435,0.6839977206534446,50,20,20
1,5673,3.6014127270767585e-05,0.13586370842419254,0.18010255679840895,0.6839977206501264,50,20,20
1,5674,3.6014127270768615e-05,0.13587042608739744,0.18009583913604138,0.6839977206492891,50,20,20
1,5675,3.6014127270768615e-05,0.13587042608739744,0.18009583515017888,0.6839977246351515,50,20,20
1,5676,3.6215831805000256e-05,0.13587042737514926,0.18009559538120723,0.6839977614118371,50,20,20
1,5677,3.621583180500102e-05,0.13431781978992963,0.18164820296711923,0.6839977614111444,50,20,20
1,5678,3.6215831805001205e-05,0.1343178197899296,0.18164808075807656,0.6839978836201871,50,20,20
1,5679,3.62158318050012e-05,0.13431781978993057,0.18164823977801745,0.6839977246002452,50,20,20
1,5680,3.62158318050157e-05,0.13431781978993698,0.18164487457637846,0.6840010898018778,50,20,20
1,5681,3.62158318050157e-05,0.13431781978993598,0.181645026732412,0.6840009376458452,50,20,20
1,5682,3.6215831805037614e-05,0.13473591416183822,0.18122693234949008,0.6840009376568651,50,20,20
1,5683,3.6215831805036814e-05,0.13474323088792484,0.181219615623437,0.6840009376568316,50,20,20
1,5684,3.621583180503654e-05,0.1347432308875436,0.18059552705274318,0.6846250262279066,50,20,20
1,5685,3.621583180503658e-05,0.13474323088754353,0.18059940196392532,0.6846211513167245,50,20,20
1,5686,3.621583180503658e-05,0.13474323088733103,0.18059928948682963,0.6846212637940328,50,20,20
1,5687,3.6215831805038556e-05,0.13627422398935984,0.17906829638480062,0.6846212637940333,50,20,20
1,5688,3.621583180503855e-05,0.13627422398935887,0.17906816169367595,0.684621398485159,50,20,20
1,5689,3.6215831805038556e-05,0.13627422398935887,0.1790683062421482,0.6846212539366868,50,20,20
1,5690,3.6215831805038556e-05,0.1362750711830699,0.17906745904841645,0.6846212539367075,50,20,20
1,5691,3.621555677903829e-05,0.1362750709780137,0.15906872672242836,0.7046199867427779,50,20,20
1,5692,3.621555677903347e-05,0.136275070979147,0.15906490250345723,0.7046238109606158,50,20,20
1,5693,3.621555677990376e-05,0.11700993287096685,0.178330040610904,0.7046238109613483,50,20,20
1,5694,3.621555853151389e-05,0.11700993287096693,0.18958892771068536,0.6933649238598146,50,20,20
1,5695,3.621555853151391e-05,0.11700993287096692,0.18958915615780442,0.6933646954126956,50,20,20
1,5696,3.6215558531456326e-05,0.11700993287096742,0.18959453226317183,0.6933593193073277,50,20,20
1,5697,3.621555853145633e-05,0.11700993287096642,0.18959443943299037,0.6933594121375103,50,20,20
1,5698,3.621555853145633e-05,0.11700993287096642,0.18959444166156963,0.6933594099089311,50,20,20
1,5699,3.6215558531413974e-05,0.11700993286050672,0.1895813547251446,0.6933724968558158,50,20,20
1,5700,3.621555853141407e-05,0.11700993288623683,0.18990611371350632,0.693047737841724,50,20,20
1,5701,3.6734349286095385e-05,0.11646702692610802,0.19044849911821832,0.6930477396063861,50,20,20
1,5702,3.673434928609537e-05,0.116467026926108,0.19044845874658875,0.6930477799780157,50,20,20
1,5703,3.673434928609534e-05,0.11646702692610943,0.19044764101169787,0.6930485977129051,50,20,20
1,5704,3.673434928608773e-05,0.11646702692610938,0.19044760307057504,0.6930486356540277,50,20,20
1,5705,3.6734350346449305e-05,0.10696906337402705,0.19994527436694975,0.6930489279086752,50,20,20
1,5706,3.673435034646992e-05,0.10696906336180133,0.19992781879935478,0.693066383488496,50,20,20
1,5707,3.6734350346475454e-05,0.10696898162870327,0.19992783666625516,0.6930664473546935,50,20,20
1,5708,3.6734350346475454e-05,0.1069689816286961,0.19992218037008397,0.6930721036508719,50,20,20
1,5709,3.67343514807328e-05,0.10696898315455984,0.20497609473710043,0.6880181877568577,50,20,20
1,5710,3.673636909529003e-05,0.10700808529411113,0.20493717612156967,0.6880180022152226,50,20,20
1,5711,3.673636909671436e-05,0.10700808529411593,0.2049809949625069,0.6879741833742792,50,20,20
1,5712,3.673636909671421e-05,0.10700808529405637,0.20498933058295993,0.6879658477538857,50,20,20
1,5713,3.673636909677e-05,0.10472765190994039,0.2072697639670726,0.6879658477538888,50,20,20
1,5714,3.673636953092422e-05,0.10469455801883733,0.2073029598141958,0.6879657457974345,50,20,20
1,5715,3.673636952958341e-05,0.10425611074270824,0.2077414070982514,0.6879657457895095,50,20,20
1,5716,3.673636952958428e-05,0.10425611074270826,0.2077288562960951,0.6879782965916658,50,20,20
1,5717,3.673636952952586e-05,0.10657844283823961,0.2054065242005547,0.6879782965916749,50,20,20
1,5718,3.67363695295336e-05,0.10657844283823398,0.2051640811230561,0.6882207396691794,50,20,20
1,5719,3.673636952953361e-05,0.10657844283823399,0.20516413532736014,0.6882206854648752,50,20,20
1,5720,3.673636952951976e-05,0.10657844283823406,0.21919562031634665,0.6741892004758886,50,20,20
1,5721,3.6736058423341945e-05,0.10654929480616743,0.21922477239544683,0.6741891967399616,50,20,20
1,5722,3.673605842334195e-05,0.10654929488003521,0.23021608723041442,0.6631978818311262,50,20,20
1,5723,7.484384788091877e-07,0.10654945689119699,0.22979166790742753,0.6636581267628956,50,20,20
1,5724,7.484384788722247e-07,0.10654945689119694,0.2299329724249252,0.6635168222453981,50,20,20
1,5725,9.080955835525747e-06,0.10656206636119571,0.2299112967870154,0.6635175558959523,50,20,20
1,5726,9.08095583552576e-06,0.10656206636119617,0.22991113689209544,0.6635177157908717,50,20,20
1,5727,9.08102857710529e-06,0.10000859378325327,0.23646461095325327,0.6635177142349152,50,20,20
1,5728,9.081028577104402e-06,0.10000859378325395,0.2364726455179011,0.6635096796702666,50,20,20
1,5729,9.081028577082317e-06,0.10013330152270998,0.23634793779056706,0.6635096796581448,50,20,20
1,5730,9.08102857778813e-06,0.10013330152858328,0.2365413294963135,0.6633162879465244,50,20,20
1,5731,9.081028577788314e-06,0.10013330152858237,0.23654121979266,0.6633163976501788,50,20,20
1,5732,9.08102857783406e-06,0.10013330152859332,0.23654448720793742,0.6633131302348904,50,20,20
1,5733,9.08102857783398e-06,0.10013330152846686,0.23654032098405,0.6633172964589042,50,20,20
1,5734,9.081028577826208e-06,0.10013330152846679,0.23653924447415686,0.6633183729687974,50,20,20
1,5735,9.081028577826212e-06,0.10013330152847616,0.2365345000573848,0.6633231173855602,50,20,20
1,5736,9.081028577826268e-06,0.10013330152849596,0.23652851020385474,0.6633291072390702,50,20,20
1,5737,8.57578509138625e-06,0.1013515604038372,0.23531073107331668,0.6633291327377535,50,20,20
1,5738,8.575783238015901e-06,0.10135155833189917,0.2353107370040431,0.6633291288808184,50,20,20
1,5739,8.575781487262582e-06,0.10135155833253134,0.2240575577231963,0.6745823081627836,50,20,20
1,5740,8.575780047180723e-06,0.10135154150142148,0.22383041848397942,0.6748094642345503,50,20,20
1,5741,8.575780047181504e-06,0.10135154150142707,0.22383082731687826,0.6748090554016463,50,20,20
1,5742,8.5757800471815e-06,0.10135154150142714,0.22383103966331297,0.6748088430552112,50,20,20
1,5743,8.575780047181926e-06,0.1013515415014067,0.22383042780538911,0.6748094549131555,50,20,20
1,5744,8.57578004718193e-06,0.10135208284429151,0.2238298864625249,0.674809454913135,50,20,20
1,5745,8.575780045813578e-06,0.10135208284429169,0.22389499279923047,0.6747443485764307,50,20,20
1,5746,8.575780045789123e-06,0.10135208284428994,0.22382991323877335,0.6748094281368897,50,20,20
1,5747,8.575780045789599e-06,0.10135208281855984,0.22350491510192086,0.6751344262994722,50,20,20
1,5748,8.575780044365257e-06,0.10135208281855494,0.2245516339849652,0.6740877074164341,50,20,20
1,5749,8.554626058186727e-06,0.1013545012347755,0.22454703979713242,0.6740899043420328,50,20,20
1,5750,8.554626058186724e-06,0.10135408903375129,0.22454745199813325,0.6740899043420561,50,20,20
1,5751,8.554626058200481e-06,0.10135408903673673,0.2245551445878721,0.6740822117493317,50,20,20
1,5752,8.559069936983333e-06,0.10135408903694637,0.21052864319225337,0.6881087087008622,50,20,20
1,5753,8.559069936925761e-06,0.10135408906354641,0.21040453321033423,0.6882328186561812,50,20,20
1,5754,8.559069936925761e-06,0.10135408906354636,0.21040432145600307,0.6882330304105124,50,20,20
1,5755,8.559069936925572e-06,0.10135408906369339,0.2104163682296808,0.6882209836366877,50,20,20
1,5756,8.559069945485278e-06,0.10135408906369406,0.21041662327913918,0.68822072858722,50,20,20
1,5757,8.559069946194108e-06,0.10135408936470768,0.22211118238104724,0.6765261691842979,50,20,20
1,5758,8.559069946194108e-06,0.101354089364707,0.22210327635486105,0.6765340752104848,50,20,20
1,5759,8.559069937634415e-06,0.10135408936471285,0.22210323911540436,0.6765341124499442,50,20,20
1,5760,8.559069933654176e-06,0.10135408936524187,0.22212000040641824,0.6765173511584051,50,20,20
1,5761,8.55906993397939e-06,0.10135408933864218,0.22230525136443993,0.6763321002269828,50,20,20
1,5762,8.559069933978912e-06,0.10135408937066727,0.2223237750583171,0.6763135765010806,50,20,20
1,5763,8.55906993397892e-06,0.1013255970962465,0.22235226733276112,0.6763135765010573,50,20,20
1,5764,8.559069934453728e-06,0.10132559709624654,0.22235499847568552,0.6763108453581325,50,20,20
1,5765,8.559069934798423e-06,0.10132559709612136,0.2224476605981186,0.6762181832358242,50,20,20
1,5766,8.559069934801672e-06,0.10132559709612135,0.22251054025385358,0.6761553035800892,50,20,20
1,5767,8.559069934800801e-06,0.10132559709612127,0.22251081221450136,0.6761550316194416,50,20,20
1,5768,8.559069934800795e-06,0.10132559702225605,0.2115195698798114,0.6871462740279971,50,20,20
1,5769,8.55906993480038e-06,0.1013255970222553,0.21151714549185702,0.6871486984159523,50,20,20
1,5770,8.55906993491555e-06,0.10104337960746465,0.21179936290664153,0.6871486984159583,50,20,20
1,5771,8.557052320352973e-06,0.10100784342379888,0.21183490119178028,0.6871486983321005,50,20,20
1,5772,8.557052320364434e-06,0.10100784342380137,0.2120016683778176,0.6869819311460607,50,20,20
1,5773,8.557052320364632e-06,0.10100784342414894,0.21229906616038757,0.6866845333631432,50,20,20
1,5774,0.0009317007523613562,0.101007846612026,0.21150599515897753,0.6865544574766349,50,20,20
1,5775,0.0009317007523613592,0.1010069206751524,0.21150692109585686,0.6865544574766291,50,20,20
1,5776,0.0009317007523626782,0.10099955610091513,0.2115142856701115,0.6865544574766106,50,20,20
1,5777,0.0009317007523626782,0.1009995561009146,0.2115143048543545,0.6865544382923682,50,20,20
1,5778,0.0009317007523626787,0.10099955610091399,0.21151420786487773,0.6865545352818455,50,20,20
1,5779,0.000931700752362348,0.1009995561009218,0.2113120570562084,0.6867566860905074,50,20,20
1,5780,0.000931700752362348,0.10099955610091219,0.21131191735125132,0.6867568257954744,50,20,20
1,5781,0.000931700752362348,0.10099955610091077,0.21130885502491306,0.6867598881218142,50,20,20
1,5782,0.0009317007523708251,0.10109060508084815,0.21121780603350884,0.6867598881332724,50,20,20
1,5783,0.0009317007523708251,0.10109060508084804,0.21121772401891878,0.6867599701478626,50,20,20
1,5784,0.0009317007523708251,0.10109060506011679,0.21121564233814186,0.6867620518493708,50,20,20
1,5785,0.0009317007523708251,0.10109060502810184,0.21119740927355424,0.6867802849459735,50,20,20
1,5786,0.0009317006796514062,0.10108689252338199,0.2112011219604231,0.6867802848365436,50,20,20
1,5787,0.0009317006796518682,0.1010868925231606,0.21134616533439915,0.6866352414627883,50,20,20
1,5788,0.000985204523003932,0.09978710925965092,0.21259247185303207,0.686635214364313,50,20,20
1,5789,0.0009852045230039322,0.09978710925966748,0.21259745430543017,0.6866302319118983,50,20,20
1,5790,0.0009922753142757592,0.09978549844763186,0.21259084092346536,0.6866313853146266,50,20,20
1,5791,0.0009922753142652008,0.09969744424326496,0.21267889514054933,0.6866313853019202,50,20,20
1,5792,0.0009922753154051561,0.09971281457234131,0.21266352468089966,0.6866313854313537,50,20,20
1,5793,0.0009922754853969157,0.0999469121701651,0.21242942465005019,0.6866313876943879,50,20,20
1,5794,0.000992275485396942,0.09994691217016514,0.21242989516773458,0.6866309171767032,50,20,20
1,5795,0.000992275485396942,0.09994691217016377,0.21242994133400311,0.6866308710104362,50,20,20
1,5796,0.0009922754853960852,0.0999469121695315,0.21242431206478568,0.6866365002802867,50,20,20
1,5797,0.0009922754853960852,0.0999469121695315,0.21242455038816996,0.6866362619569024,50,20,20
1,5798,0.000992275485396087,0.09994691217690013,0.2124281778599178,0.6866326344777859,50,20,20
1,5799,0.0009922754853953812,0.09994691217102682,0.2122347899623298,0.686826022381248,50,20,20
1,5800,0.0009922754853953812,0.09994691217101041,0.21224759772853946,0.6868132146150547,50,20,20
1,5801,0.000992275485395381,0.09994691217101673,0.2122477672023778,0.68681304514121,50,20,20
1,5802,0.0009922754853957099,0.09994691217115301,0.2123147774465214,0.6867460348969299,50,20,20
1,5803,0.0009922753156710697,0.1029079382978611,0.2093537497996053,0.6867460365868625,50,20,20
1,5804,0.0009922753156710697,0.10290793829786171,0.2093613683333121,0.6867384180531553,50,20,20
1,5805,0.0009922753156703587,0.10290793799940251,0.1976717204574917,0.6984280662274361,50,20,20
1,5806,0.000992275315670365,0.10290793799203396,0.19766793654953818,0.698431850142758,50,20,20
1,5807,0.0009387711876411063,0.10290853956133522,0.19766417944531262,0.6984885098057115,50,20,20
1,5808,0.0009387711876406444,0.10290853956133178,0.19750536325710943,0.6986473259939189,50,20,20
1,5809,0.0009387711876406444,0.10290853956133045,0.1975053478031494,0.6986473414478802,50,20,20
1,5810,0.0009387711876405985,0.10290853956131951,0.19750575654644323,0.6986469327045974,50,20,20
1,5811,0.0009333421195466292,0.10290658427256774,0.19751429328187636,0.6986457803260099,50,20,20
1,5812,0.0009333421195466292,0.10290658427256774,0.1975143825540612,0.698645691053825,50,20,20
1,5813,0.0009333421195466292,0.10290658427312627,0.19752068360185526,0.6986393900054725,50,20,20
1,5814,0.0009333423172965245,0.1029080021780973,0.19752489234211243,0.6986337631624941,50,20,20
1,5815,0.0009333423172965277,0.10290800217811419,0.19787535222971353,0.6982833032748762,50,20,20
1,5816,0.0009333423172965277,0.10290800217811424,0.19806262311391248,0.6980960323906773,50,20,20
1,5817,0.000933342317296183,0.10290800217817113,0.19851600962760987,0.6976426458769233,50,20,20
1,5818,0.000933342317296183,0.10290800217817225,0.19852407548386833,0.6976345800206637,50,20,20
1,5819,0.0022628183579081213,0.10291367791118035,0.19718891241627515,0.6976345913146369,50,20,20
1,5820,0.0022628183579081213,0.10291367791110162,0.1966308456024184,0.6981926581285723,50,20,20
1,5821,0.0022626286994526516,0.10291702173196715,0.19662992487323447,0.698190424695346,50,20,20
1,5822,0.0022626286994526516,0.10291702173196454,0.196629832305716,0.6981905172628671,50,20,20
1,5823,0.0022626286994526516,0.10291702173196868,0.19663086231449806,0.6981894872540808,50,20,20
1,5824,0.0022626286994530628,0.10291702173196768,0.19662280095573448,0.6981975486128451,50,20,20
1,5825,0.0022626286994530515,0.10291702173196693,0.1964653862879749,0.6983549632806055,50,20,20
1,5826,0.0022626286994529344,0.10320034532811402,0.1961820626917407,0.6983549632806927,50,20,20
1,5827,0.002262628699452935,0.10320034532754535,0.19617703013710508,0.6983599958358971,50,20,20
1,5828,0.002262628699452935,0.10320034532754122,0.19618001301937016,0.6983570129536362,50,20,20
1,5829,0.002262628699452935,0.10320034532754122,0.1961799917355874,0.6983570342374189,50,20,20
1,5830,0.0009315109358710333,0.10336176624458546,0.19734970089934914,0.698357021920195,50,20,20
1,5831,0.0009315109358710333,0.10336176624458553,0.19625475440148588,0.6994519684180581,50,20,20
1,5832,0.0009315109358710331,0.10336176624459209,0.19625343225987113,0.6994532905596664,50,20,20
1,5833,0.0009315109358710331,0.10336176624458435,0.19623682497254663,0.6994698978469986,50,20,20
1,5834,0.0009315109358710323,0.10336176624457455,0.1962315580492183,0.6994751647703369,50,20,20
1,5835,0.0009315109358710323,0.10336176624457441,0.19621393146365015,0.699492791355905,50,20,20
1,5836,0.0009315109358713532,0.10222156123736172,0.19735413647093225,0.6994927913558352,50,20,20
1,5837,0.0009315109358709422,0.1022215612373696,0.1973543560372338,0.6994925717895262,50,20,20
1,5838,0.0009315109358709422,0.10222156123736242,0.19736137232657555,0.6994855555001916,50,20,20
1,5839,0.0009315109358709422,0.10222156123736159,0.19735984333893028,0.6994870844878378,50,20,20
1,5840,0.0009315109358709424,0.10222156123736159,0.19735588119907413,0.6994910466276939,50,20,20
1,5841,0.0009315126159851813,0.10222034154828734,0.19735828615883208,0.6994898596768958,50,20,20
1,5842,0.000931512615984707,0.10222034154829146,0.19809576575737417,0.6987523800783503,50,20,20
1,5843,0.0009315126159847065,0.10222034154919823,0.2075454689607161,0.6893026768741012,50,20,20
1,5844,0.0009315126159847065,0.10222034154919647,0.2075359982599498,0.6893121475748691,50,20,20
1,5845,0.00093151261598471,0.10222034154919653,0.2075428701637417,0.6893052756710774,50,20,20
1,5846,0.0009315126159398299,0.1022203415511856,0.20758049859188024,0.6892676472409945,50,20,20
1,5847,0.0009315126159398299,0.10222034155118052,0.20758045197132755,0.6892676938615522,50,20,20
1,5848,0.0009315126159398753,0.10222034155118598,0.20758036760976847,0.6892677782231058,50,20,20
1,5849,0.00093151261593988,0.10222034155118605,0.20758042106160485,0.6892677247712693,50,20,20
1,5850,0.0009315345088625891,0.10220496732629183,0.20759577340867064,0.6892677247561748,50,20,20
1,5851,0.000931534508862589,0.10220496732629183,0.20759570659961507,0.6892677915652304,50,20,20
1,5852,0.0009316220041987386,0.10220076448765242,0.20615156458474257,0.6907160489234062,50,20,20
1,5853,0.0009316220041988274,0.1022007644876529,0.2061537408567236,0.6907138726514245,50,20,20
1,5854,0.0009316220041988262,0.10220076448565052,0.20602503031646852,0.6908425831936821,50,20,20
1,5855,0.0009316220039317052,0.11846745309174073,0.1897583456636088,0.6908425792407188,50,20,20
1,5856,0.020635657706634364,0.1184658836490503,0.17150413702145495,0.6893943216228605,50,20,20
1,5857,0.020635635812572942,0.11846591022957703,0.17150413239330206,0.6893943215645479,50,20,20
1,5858,0.020635635812585956,0.11846591022957713,0.17150417163792064,0.6893942823199164,50,20,20
1,5859,0.02063563581258595,0.11846591022957707,0.17150440127119293,0.6893940526866439,50,20,20
1,5860,0.0206494784424936,0.11846580080534139,0.17149066817602063,0.6893940525761441,50,20,20
1,5861,0.020649478442493593,0.11846580080534133,0.1714907491742633,0.6893939715779014,50,20,20
1,5862,0.02067287278622569,0.11847354140675255,0.17168695544397047,0.6891666303630505,50,20,20
1,5863,0.02067287278622569,0.11847354140676092,0.1715056206729654,0.6893479651340474,50,20,20
1,5864,0.02067287278622569,0.11847354140680809,0.171911513099183,0.6889420727077826,50,20,20
1,5865,0.020672872786225684,0.11840633336533664,0.1719787211230891,0.688942072725348,50,20,20
1,5866,0.02067287278602954,0.11823931713101028,0.17213733816635454,0.6889504719166052,50,20,20
1,5867,0.02067287278602954,0.11823931713101027,0.17213735488695533,0.6889504551960046,50,20,20
1,5868,0.020672872786029535,0.11823977485973364,0.17213689715823915,0.6889504551959975,50,20,20
1,5869,0.020672872786029445,0.11823977485973396,0.17213484843187954,0.6889525039223569,50,20,20
1,5870,0.020672872786029445,0.11823977485972587,0.17213477178230427,0.6889525805719403,50,20,20
1,5871,0.020665408222772567,0.11822723513332058,0.17216024075336608,0.6889471158905404,50,20,20
1,5872,0.020665403668417282,0.11850054881354899,0.17137171364418663,0.689462333873847,50,20,20
1,5873,0.020665403668417282,0.11850054881354916,0.17137158900622368,0.6894624585118099,50,20,20
1,5874,0.02066540366895508,0.11861805377533628,0.17125408404876435,0.6894624585069441,50,20,20
1,5875,0.020665403668981144,0.11861805377630687,0.17126194216221713,0.6894546003924945,50,20,20
1,5876,0.020665403668980824,0.10509739379930368,0.18478260213860748,0.6894546003931077,50,20,20
1,5877,0.020665403668980828,0.10009566732274759,0.18978432825711938,0.6894546007511518,50,20,20
1,5878,0.020665399225102042,0.10009566758769065,0.18979840850051066,0.6894405246866966,50,20,20
1,5879,0.020665414668807537,0.11570203427866149,0.17419043693724884,0.6894421141152819,50,20,20
1,5880,0.020665414668881596,0.11570203427866188,0.1742750180055941,0.6893575330468622,50,20,20
1,5881,0.020665414668881582,0.11570203427567646,0.17426739515599132,0.6893651558994505,50,20,20
1,5882,0.020665414668881256,0.11570203427560814,0.17420367721822164,0.6894288738372887,50,20,20
1,5883,0.020665414668881256,0.11570203427560814,0.1741981956094481,0.6894343554460621,50,20,20
1,5884,0.020665414766012257,0.11570203431289032,0.1681827266859896,0.6954498242351076,50,20,20
1,5885,0.020665414766012438,0.11570203431304464,0.16783499296617646,0.6957975579547663,50,20,20
1,5886,0.020665414766012438,0.11570203431304464,0.1678350838935214,0.6957974670274213,50,20,20
1,5887,0.03270104500748387,0.11570231341337399,0.1556187948754579,0.695977846703684,50,20,20
1,5888,0.03270104500748387,0.11576644284177595,0.15555466546451424,0.6959778466862256,50,20,20
1,5889,0.03270104500748387,0.11576644283922176,0.15554977351829963,0.6959827386349946,50,20,20
1,5890,0.03270104500748387,0.11576644283922176,0.1555497721369537,0.6959827400163404,50,20,20
1,5891,0.032701045007485295,0.11576644283962981,0.15555340522108968,0.695979106931795,50,20,20
1,5892,0.032701045007485295,0.11576644283956183,0.1555501127245935,0.6959823994283592,50,20,20
1,5893,0.03270104500748554,0.11576644283956179,0.1555493283445393,0.6959831838084132,50,20,20
1,5894,0.03270104500748527,0.115766442839563,0.155549442537066,0.6959830696158856,50,20,20
1,5895,0.03270104500748527,0.11576644283956307,0.15554938261201315,0.6959831295409384,50,20,20
1,5896,0.020780522098511535,0.11597218585514675,0.16568688563680475,0.6975604064095364,50,20,20
1,5897,0.020780522098511528,0.11597218585395096,0.1656814167728699,0.6975658752746666,50,20,20
1,5898,0.020780522098511528,0.11650720118224311,0.16514640144459686,0.6975658752746474,50,20,20
1,5899,0.020780522098511528,0.11650720118224311,0.16514626045456463,0.6975660162646798,50,20,20
1,5900,0.020780522098511497,0.11650720118223673,0.16514633464698933,0.6975659420722617,50,20,20
1,5901,0.020780522098511667,0.11650720118256666,0.16515077863703848,0.6975614980818824,50,20,20
1,5902,0.020780522098511663,0.1165072011826275,0.16514404086797727,0.6975682358508827,50,20,20
1,5903,0.020780522098511663,0.11650720118262749,0.16514736830150734,0.6975649084173525,50,20,20
1,5904,0.02078052217307242,0.11650720122177657,0.16548051863379445,0.6972317579713557,50,20,20
1,5905,0.02078052217307242,0.11650720122177685,0.1654818267610928,0.697230449844057,50,20,20
1,5906,0.02078052217304636,0.11650720122095605,0.1654764207326182,0.6972358558733787,50,20,20
1,5907,0.020780522098485604,0.11650720118180719,0.16515027853392886,0.6975619981857776,50,20,20
1,5908,0.02078052209847259,0.11650720118220882,0.16516666735653815,0.6975456093627799,50,20,20
1,5909,0.02078052209847259,0.11650720118220226,0.16516642390782266,0.6975458528115017,50,20,20
1,5910,0.020780506178585508,0.12085002508118287,0.16082520553067453,0.6975442632095564,50,20,20
1,5911,0.020757112194327743,0.12084089142810274,0.1608577176895146,0.6975442786880539,50,20,20
1,5912,0.020757112194327743,0.12084089142810274,0.1608578091028102,0.6975441872747584,50,20,20
1,5913,0.020757112194327743,0.12084089142770103,0.16084134238588577,0.6975606539920846,50,20,20
1,5914,0.020757112194253687,0.12084089142770486,0.16075944338057752,0.6976425529974629,50,20,20
1,5915,0.02075711219425368,0.12084089142770074,0.16075669525697997,0.6976453011210646,50,20,20
1,5916,0.020757112194253864,0.12082767345227216,0.16076991323240808,0.6976453011210648,50,20,20
1,5917,0.02075711219425387,0.12082767345227531,0.16098679707162586,0.6974284172818441,50,20,20
1,5918,0.02075711219425387,0.1208276734524168,0.1609986110387111,0.6974166033146174,50,20,20
1,5919,0.02075711219425387,0.12085664337349769,0.1609696411176306,0.6974166033146172,50,20,20
1,5920,0.02075711219425387,0.1208566433734977,0.16098449531309547,0.6974017491191522,50,20,20
1,5921,0.0198339523482603,0.12091384601636063,0.15409667235844232,0.7051555292769356,50,20,20
1,5922,0.01983395220201159,0.12085647817430345,0.14224389324339418,0.7170656763802898,50,20,20
1,5923,0.01983395220201175,0.120856478174298,0.14224382194499885,0.7170657476786906,50,20,20
1,5924,0.019833952202026783,0.12565798451440657,0.13744229158287052,0.7170657717006956,50,20,20
1,5925,0.019833952202026783,0.1256612810136673,0.13743899508371718,0.7170657717005884,50,20,20
1,5926,0.0198330886193035,0.12566123757464331,0.13744038653284715,0.7170652872732055,50,20,20
1,5927,0.019833088522173817,0.12566123753735445,0.13775323984218082,0.7167524340982905,50,20,20
1,5928,0.019849623587219006,0.12554370783046984,0.13785423440563632,0.7167524341766744,50,20,20
1,5929,0.01984962358722386,0.12554370783006552,0.1378544093750396,0.7167522592076706,50,20,20
1,5930,0.01984962358722386,0.12544927121158336,0.13794884599352175,0.7167522592076706,50,20,20
1,5931,0.01984962358722386,0.125449271211047,0.13793099558098854,0.7167701096207402,50,20,20
1,5932,0.019849623587242893,0.12544927094602737,0.1380487711102551,0.7166523343564742,50,20,20
1,5933,0.01984962358724294,0.1254492709460201,0.13804310103934334,0.7166580044273932,50,20,20
1,5934,0.02004068727948958,0.125449271200651,0.13785203636299642,0.7166580051568627,50,20,20
1,5935,0.02004067861778728,0.1253313058193506,0.13836436698396898,0.7162636485788932,50,20,20
1,5936,0.02004067861778728,0.1253313058193506,0.13836444443029544,0.7162635711325669,50,20,20
1,5937,0.020040678617787612,0.12427709796606642,0.13941865223806651,0.7162635711780797,50,20,20
1,5938,0.020040678617787612,0.12427709796606586,0.13941874560872133,0.7162634778074255,50,20,20
1,5939,0.020246856128435083,0.12427689009456881,0.13921279587356408,0.7162634579034324,50,20,20
1,5940,0.020246856112398043,0.124120940378919,0.13952107491170126,0.716111128596982,50,20,20
1,5941,0.020246856112398043,0.12412094037891899,0.13962175903073032,0.7160104444779529,50,20,20
1,5942,0.02024685611239802,0.1241209403780154,0.13513454055203566,0.720497662957551,50,20,20
1,5943,0.02024685611249116,0.12383295938581428,0.13542254592419228,0.7204976385775024,50,20,20
1,5944,0.02024685611249116,0.12383295938591152,0.13595181818162114,0.7199683663199764,50,20,20
1,5945,0.020246856112382982,0.12432225535107227,0.1354625222165689,0.7199683663199761,50,20,20
1,5946,0.020246856112382982,0.12432225535107283,0.13546268877832368,0.7199681997582207,50,20,20
1,5947,0.020246856112382982,0.12432225535104209,0.13505923959275312,0.720371648943822,50,20,20
1,5948,0.020246856112382982,0.12432225535104706,0.1350593961057342,0.7203714924308361,50,20,20
1,5949,0.020246856112382985,0.12432225535104834,0.13500620720238943,0.7204246813341796,50,20,20
1,5950,0.020246856112382985,0.12432225535095068,0.1344699496287571,0.7209609389079096,50,20,20
1,5951,0.020246856112382985,0.1243222553505716,0.1344690321834039,0.7209618563536417,50,20,20
1,5952,0.020246864736851698,0.12055735225214398,0.13823340364473713,0.7209623793662675,50,20,20
1,5953,0.020246864736851708,0.12055735225491251,0.13823477136110665,0.7209610116471293,50,20,20
1,5954,0.02023032971698031,0.12055734632789385,0.1382513124105024,0.7209610115446239,50,20,20
1,5955,0.020230329717052648,0.12055734632789505,0.1382536120315951,0.7209587119234577,50,20,20
1,5956,0.020230329717052648,0.12055734632755388,0.13797164558802988,0.7212406783673642,50,20,20
1,5957,0.020230329717052648,0.12055734632776,0.13798410306966266,0.7212282208855251,50,20,20
1,5958,0.02023032971705271,0.12055734644777762,0.1383564974799044,0.7208558263552659,50,20,20
1,5959,0.02023032971705271,0.12055734647895061,0.13837466813847407,0.7208376556655233,50,20,20
1,5960,0.020230322384475877,0.12004073542651827,0.138816147115464,0.720912795073543,50,20,20
1,5961,0.020230322384475877,0.12004073542645743,0.13881604884234536,0.7209128933467224,50,20,20
1,5962,0.020230322384475863,0.12004073542661084,0.13886610905166205,0.7208628331372523,50,20,20
1,5963,0.020230322384475863,0.12004073542661159,0.13887742917584064,0.7208515130130729,50,20,20
1,5964,0.020230322384475863,0.1200407354266116,0.13887739786963466,0.7208515443192787,50,20,20
1,5965,0.020230322384475863,0.1200407354266117,0.13969890302726498,0.7200300391616483,50,20,20
1,5966,0.020230322384475845,0.12004073542384193,0.13968777465668653,0.7200411675349966,50,20,20
1,5967,0.02023032238447873,0.12004073542443784,0.1501376548919817,0.7095912872991028,50,20,20
1,5968,0.02023032238447873,0.12004073542441587,0.15012535888817605,0.7096035833029304,50,20,20
1,5969,0.028177027928487797,0.12004074907412166,0.1327942544045648,0.7189879685928261,50,20,20
1,5970,0.02817702792848648,0.12004786452400883,0.1327871389546794,0.7189879685928255,50,20,20
1,5971,0.02817702792847862,0.1084210410203966,0.1444139624149253,0.7189879686362004,50,20,20
1,5972,0.02817702792847862,0.1084210410204906,0.14442450335341203,0.7189774276976197,50,20,20
1,5973,0.02817702792847862,0.10842104102030013,0.14442410381568163,0.7189778272355406,50,20,20
1,5974,0.02817702792847862,0.10842104098912655,0.1444057623735703,0.7189961687088255,50,20,20
1,5975,0.028177027928478635,0.10842104098912304,0.14418879379898905,0.7192131372834103,50,20,20
1,5976,0.028177027928478603,0.1084210409893015,0.15333348270501443,0.7100684483772065,50,20,20
1,5977,0.028177065835304035,0.10842240389713127,0.15340773495542043,0.7099927953121451,50,20,20
1,5978,0.02817706583530385,0.10833333803465699,0.1534968008173309,0.7099927953127092,50,20,20
1,5979,0.0281770658353041,0.10833333803483126,0.15350592015290296,0.7099836759769625,50,20,20
1,5980,0.0281770658353041,0.1083333380348312,0.1535058448066309,0.7099837513232348,50,20,20
1,5981,0.02817706580481219,0.10833336176245519,0.13415992429174067,0.7293296481409919,50,20,20
1,5982,0.02817706580481219,0.10833336176245875,0.1341599290058383,0.7293296434268907,50,20,20
1,5983,0.02817706580481219,0.10833336176245238,0.13414466366507183,0.7293449087676636,50,20,20
1,5984,0.02817706580481219,0.10833336176245285,0.1341505804126312,0.7293389920201037,50,20,20
1,5985,0.02817706580481219,0.10833336176245885,0.13415077375419637,0.7293387986785324,50,20,20
1,5986,0.02817706580481262,0.1083334551840436,0.12595433806659212,0.7375351409445515,50,20,20
1,5987,0.02817706580481262,0.10833345518404357,0.1258535674424739,0.7376359115686697,50,20,20
1,5988,0.02817706580481262,0.1083334551840436,0.12585365590583983,0.7376358231053035,50,20,20
1,5989,0.02817706580481262,0.10833345518432705,0.1258675663384813,0.7376219126723786,50,20,20
1,5990,0.028177065804812655,0.10833345518495438,0.12617536193469225,0.7373141170755402,50,20,20
1,5991,0.028177065804812655,0.1083334551854062,0.12618118346799256,0.7373082955417881,50,20,20
1,5992,0.028177065804812655,0.1083334551854062,0.12618129460176758,0.737308184408013,50,20,20
1,5993,0.028177065804812655,0.10833345518538964,0.12617631121874628,0.7373131677910508,50,20,20
1,5994,0.020631212509579527,0.10833346244281218,0.12637616216302036,0.7446591628845874,50,20,20
1,5995,0.020631212509579527,0.10833346244281251,0.1263762156793888,0.7446591093682187,50,20,20
1,5996,0.020631212509579985,0.10833346248793074,0.12640363188067474,0.7446316931218142,50,20,20
1,5997,0.020631212509579805,0.10833346248775955,0.12640100105315621,0.744634323949504,50,20,20
1,5998,0.020425214524132616,0.10833440560929197,0.12658367778606686,0.744656702080508,50,20,20
1,5999,0.020425214524132616,0.10833440560929176,0.12658366675376606,0.744656713112809,50,20,20
1,6000,0.020425214524140086,0.1079321965367804,0.12698587575811063,0.7446567131809683,50,20,20
1,6001,0.020425214524140086,0.10793219653649196,0.12697190156327096,0.7446706873760963,50,20,20
1,6002,0.020425214524140086,0.10793219653649196,0.12697190042684545,0.7446706885125219,50,20,20
1,6003,0.020425214524140086,0.10793219653652547,0.12697948211453833,0.7446631068247956,50,20,20
1,6004,0.020425214524140086,0.10793219653652547,0.1269793788502699,0.744663210089064,50,20,20
1,6005,0.02042521452413984,0.10793219653635117,0.12697710622226022,0.7446654827172483,50,20,20
1,6006,0.020425214524134462,0.10793217265053291,0.12634822530489678,0.7452943875204354,50,20,20
1,6007,0.02042521452413158,0.10793217613877427,0.11625106062957054,0.755391548707523,50,20,20
1,6008,0.020425214524131718,0.10793217613844436,0.11624740903354937,0.755395200303874,50,20,20
1,6009,0.020425214524131718,0.10793217613835045,0.11623687620183594,0.7554057331356812,50,20,20
1,6010,0.020425214524131718,0.10793217613835045,0.11623683360116484,0.7554057757363521,50,20,20
1,6011,0.020425214526272516,0.1079321761385234,0.1162395142049644,0.755403095130239,50,20,20
1,6012,0.020425214526272516,0.10793217613852338,0.11623961506095966,0.7554029942742437,50,20,20
1,6013,0.020425214526272516,0.10803460031958742,0.1161371908804599,0.7554029942736794,50,20,20
1,6014,0.020425214526272516,0.10803460031959279,0.1161375340298008,0.755402651124333,50,20,20
1,6015,0.020425214526272516,0.10803460031957632,0.11613136415261498,0.7554088210015354,50,20,20
1,6016,0.02042521452626625,0.10803460031957263,0.11612744739998809,0.7554127377541723,50,20,20
1,6017,0.02042521452626625,0.10803460031957225,0.11612509493145774,0.7554150902227029,50,20,20
1,6018,0.02042521452626625,0.10803460031957224,0.11612489655897346,0.7554152885951873,50,20,20
1,6019,0.02042521452626625,0.10803460031956698,0.1161246294097593,0.7554155557444067,50,20,20
1,6020,0.020425214526264918,0.10803460031893898,0.11581674777142206,0.7557234373833732,50,20,20
1,6021,0.020425214526264918,0.10803460031947697,0.11501315319861365,0.7565270319556439,50,20,20
1,6022,0.020425214526264918,0.1080346003195365,0.11552425809922337,0.7560159270549746,50,20,20
1,6023,0.020425214526264918,0.10803460031969973,0.11553567467812087,0.7560045104759138,50,20,20
1,6024,0.020425214526569962,0.10816839178917181,0.11541012669566157,0.7559962669885968,50,20,20
1,6025,0.020425214526569535,0.1081682983672541,0.1144227656653612,0.7569837214408153,50,20,20
1,6026,0.020425214526573567,0.10818422581564419,0.1332006226952381,0.738189936962545,50,20,20
1,6027,0.020298303211782984,0.1080642432613953,0.13520213405614778,0.7364353194706739,50,20,20
1,6028,0.020298303211782984,0.10806361540169888,0.1352027619158441,0.7364353194706739,50,20,20
1,6029,0.02029830321178301,0.10782624433856196,0.1354401329789809,0.7364353194706739,50,20,20
1,6030,0.020298303211782952,0.10782624421854525,0.1350724160728161,0.7368030364968554,50,20,20
1,6031,0.020298303211989794,0.10782624421952336,0.14066089419070057,0.7312145583777859,50,20,20
1,6032,0.020298303299632024,0.10252901390060228,0.14595812448912635,0.731214558310639,50,20,20
1,6033,0.020298303299632024,0.1025224136578696,0.1459647247318592,0.7312145583106389,50,20,20
1,6034,0.020298303524964142,0.10271683170220301,0.13433792596816807,0.7426469388046645,50,20,20
1,6035,0.02029830353287556,0.10271694804281709,0.14495244525188508,0.7320323031724221,50,20,20
1,6036,0.020298303532624396,0.10258307840449019,0.14508646081816065,0.7320321572447241,50,20,20
1,6037,0.020298303532624396,0.10258307840404982,0.14536556475005916,0.7317530533132661,50,20,20
1,6038,0.002428635900006677,0.10258404519159214,0.16323426634540683,0.731753052562993,50,20,20
1,6039,0.0024286359000066145,0.10258404520044674,0.1632839117541766,0.7317034071453685,50,20,20
1,6040,0.0024286359000066145,0.10258404520044653,0.16327857967033454,0.7317087392292108,50,20,20
1,6041,0.0024286359000066145,0.10258404520070157,0.16327906766123007,0.7317082512380604,50,20,20
1,6042,0.0024286359000064103,0.10258404520070157,0.16327901045419424,0.7317083084450964,50,20,20
1,6043,0.002428635900006379,0.1027145715097602,0.16314848414513275,0.7317083084450993,50,20,20
1,6044,0.00242863590000638,0.1027145715097639,0.16315240084223706,0.7317043917479912,50,20,20
1,6045,0.002428635899934042,0.10271457150976658,0.16315021617083475,0.731706576419463,50,20,20
1,6046,0.0004031195241200566,0.10271360453037826,0.16517669404558036,0.7317065818999198,50,20,20
1,6047,0.00040311963645896107,0.0945327905220748,0.1733574518866965,0.7317066379547684,50,20,20
1,6048,0.0012134652134375412,0.09453365869261898,0.17254418861549023,0.7317086874784516,50,20,20
1,6049,0.001213465214832231,0.09512876443080287,0.17194908426216485,0.7317086860921984,50,20,20
1,6050,0.0012134651271899042,0.10091341796380318,0.16616443081658694,0.7317086860924183,50,20,20
1,6051,0.0012134651271899042,0.10091341796378642,0.16587935841249016,0.7319937584965319,50,20,20
1,6052,0.0012134651271899373,0.09988307012405626,0.16690970625113036,0.731993758497622,50,20,20
1,6053,0.001220885216012334,0.09974151562612063,0.16704389675630338,0.7319937024015623,50,20,20
1,6054,0.0012208852160123349,0.09974151562616215,0.16704645292794926,0.7319911462298749,50,20,20
1,6055,0.0012208852160123323,0.09974151213732267,0.16668675700984037,0.7323508456368232,50,20,20
1,6056,0.0012208852160123277,0.09974151215985928,0.16670047606603294,0.7323371265580941,50,20,20
1,6057,0.0012208852160123277,0.0997415121598556,0.16669664426201178,0.7323409583621189,50,20,20
1,6058,0.0012208476217309464,0.0997385632349725,0.16669964018290925,0.7323409489603857,50,20,20
1,6059,0.0012208476217309466,0.09973856323477312,0.17339847841741635,0.7256421107260782,50,20,20
1,6060,0.0012208476217119102,0.09973856323464,0.17326183966034914,0.7257787494832973,50,20,20
1,6061,0.0012209519661143997,0.10042518981750796,0.17257511698591574,0.7257787412304603,50,20,20
1,6062,0.0012209519661143997,0.10042518981750799,0.1725753159998469,0.7257785422165293,50,20,20
1,6063,0.0012209519661143997,0.10042518981751662,0.1725756173079237,0.7257782409084439,50,20,20
1,6064,0.001218911440184636,0.10033915402219704,0.17266673423106849,0.7257752003065483,50,20,20
1,6065,0.001218911440184636,0.10033915402219701,0.17266236758805603,0.7257795669495606,50,20,20
1,6066,0.001224468978237963,0.10033951492003014,0.17265644060896296,0.7257795754927671,50,20,20
1,6067,0.0012243646324331678,0.09905784213927284,0.1739382178742522,0.7257795753540398,50,20,20
1,6068,0.0012243646324331678,0.09905784213927278,0.17393800587183175,0.7257797873564604,50,20,20
1,6069,0.0012243646324331678,0.09905784213911517,0.1739265414107397,0.7257912518177102,50,20,20
1,6070,0.0012243646324331678,0.09905784213911159,0.17392645852773136,0.7257913347007222,50,20,20
1,6071,0.0012243646324331678,0.09905784213911159,0.1739265640137497,0.725791229214704,50,20,20
1,6072,0.0012189779170415458,0.09907959925956682,0.1739102019143573,0.7257912209090328,50,20,20
1,6073,0.0012189779170415458,0.09907959927621512,0.17420095668812977,0.7255004661186117,50,20,20
1,6074,0.0012115632587099598,0.0990838945571962,0.17348050099009218,0.7262240411939999,50,20,20
1,6075,0.0012115632587111535,0.09908389455719865,0.17348379187099205,0.7262207503130961,50,20,20
1,6076,0.00040137412149755455,0.09908421218603049,0.17429573873968024,0.7262186749527896,50,20,20
1,6077,0.00040137412149755786,0.09908421218603049,0.1742956511488033,0.7262187625436667,50,20,20
1,6078,0.00040146247766633975,0.09907991690338287,0.17497673861446006,0.7255418820044891,50,20,20
1,6079,0.0004014624776663398,0.09907991690284483,0.17554573487059202,0.7249728857488951,50,20,20
1,6080,0.0004014624989027488,0.09907980057286007,0.1849161924631419,0.7156025444650939,50,20,20
1,6081,0.00040146249891820157,0.09907980055111043,0.18556223941049685,0.7149564975394732,50,20,20
1,6082,0.0004014624989108576,0.09903906457319435,0.18560297538965273,0.7149564975382409,50,20,20
1,6083,0.0004014624989108575,0.09902476856903225,0.18561727139380263,0.7149564975382531,50,20,20
1,6084,0.0004014624989108577,0.09902476856903343,0.18561728713379982,0.714956481798255,50,20,20
1,6085,0.0004014624989108577,0.09902476856903357,0.18561720751256053,0.7149565614194943,50,20,20
1,6086,0.0004014624989108627,0.0990247685691296,0.18562790671535886,0.7149458622166001,50,20,20
1,6087,0.0004014624989112779,0.09902476857615619,0.18569280442137134,0.7148809645035606,50,20,20
1,6088,0.00040146249891189834,0.09902476857818883,0.19162416879066402,0.7089496001322345,50,20,20
1,6089,0.00040146249891198117,0.09902476857856972,0.19162754686351338,0.7089462220590041,50,20,20
1,6090,0.0004973410903011242,0.099024770265574,0.19153166648842704,0.708946222155697,50,20,20
1,6091,0.0004973410900943843,0.09902477026712254,0.18594883266853335,0.7145290559742492,50,20,20
1,6092,0.006763945253268607,0.09902597860699985,0.17968096194082958,0.7145291141989007,50,20,20
1,6093,0.006763945253253177,0.09902597860607538,0.17902318310085746,0.7151868930398126,50,20,20
1,6094,0.00676400533958697,0.09902818586270604,0.1789945563599229,0.7152132524377828,50,20,20
1,6095,0.00676400533958697,0.09902818584605855,0.1788388218760609,0.7153689869382924,50,20,20
1,6096,0.0004015209816085022,0.09902706992668922,0.18520236697635398,0.7153690421153478,50,20,20
1,6097,0.0004015209816084991,0.09902706992669819,0.18520747148719302,0.7153639376044997,50,20,20
1,6098,0.0004015209816078787,0.09902706992466548,0.17927610529702975,0.7212953037966957,50,20,20
1,6099,0.0004015209816078787,0.09902706992452398,0.17926415452183395,0.7213072545720333,50,20,20
1,6100,0.0004015209816078863,0.09902706992452336,0.1792668685147394,0.7213045405791284,50,20,20
1,6101,6.686874778748389e-07,0.09902704654530207,0.18353477403936347,0.7174375107278561,50,20,20
1,6102,6.686874778748423e-07,0.08389455208338405,0.19866726850128127,0.7174375107278564,50,20,20
1,6103,0.013135193460298393,0.08389362073786001,0.18546720312567996,0.7175039826761613,50,20,20
1,6104,0.013135193460298409,0.07903061808066805,0.19033020574261722,0.7175039827164161,50,20,20
1,6105,0.013136828307129114,0.07900868650212046,0.1903491686049245,0.7175053165858257,50,20,20
1,6106,0.013136828307129114,0.07900868650215916,0.19711071630173133,0.7107437688889802,50,20,20
1,6107,0.013136828307138778,0.07900868645704097,0.1970833611970296,0.7107711240387906,50,20,20
1,6108,0.013136888044276816,0.07900647957710734,0.19712093885194581,0.7107356935266695,50,20,20
1,6109,0.013136727417758995,0.07900556655354687,0.19712201264290966,0.7107356933857832,50,20,20
1,6110,0.013136727417758995,0.07900556655361984,0.19766764130541023,0.7101900647232097,50,20,20
1,6111,0.01313672741775858,0.07900556654659327,0.1976026102054134,0.7102550958302335,50,20,20
1,6112,0.01313672741775858,0.07900556654653616,0.19772496293694655,0.7101327430987573,50,20,20
1,6113,0.01313672741775858,0.07900556654666474,0.19831721372543895,0.7095404923101364,50,20,20
1,6114,0.013136727192422431,0.0787952210539412,0.19115924091778067,0.7169088108358547,50,20,20
1,6115,0.013136727192422431,0.07879522105389976,0.19115669408380956,0.7169113576698671,50,20,20
1,6116,0.013136607568119194,0.07879629053214399,0.19115574419180134,0.7169113577079342,50,20,20
1,6117,0.013136607568119194,0.07879629053214399,0.1911557450126762,0.7169113568870595,50,20,20
1,6118,0.013136607568119194,0.07879629053214315,0.19102072297389863,0.7170463789258378,50,20,20
1,6119,0.013136607568061185,0.07879626851462534,0.1910207449914777,0.7170463789258347,50,20,20
1,6120,0.01313660756806108,0.07879626851210023,0.1981280195499815,0.7099391043698559,50,20,20
1,6121,0.013136607565920283,0.0787962685119273,0.19812548634617447,0.7099416375759766,50,20,20
1,6122,0.013136607565920283,0.07879626851192853,0.19813610516308056,0.7099310187590693,50,20,20
1,6123,0.01313660833565135,0.07916387379819154,0.19776849902574117,0.7099310188404147,50,20,20
1,6124,0.013219267139814776,0.07916357416616038,0.19768613984328454,0.709931018850739,50,20,20
1,6125,0.013219267139814776,0.07916357416616158,0.19768594710618576,0.7099312115878366,50,20,20
1,6126,0.01321926713943626,0.07916357412979376,0.19054944513000704,0.7170677136007617,50,20,20
1,6127,0.01321926713943626,0.07916357412979377,0.18996265885251534,0.7176544998782535,50,20,20
1,6128,0.013219267139426115,0.07916357412979373,0.18996258696728419,0.7176545717634949,50,20,20
1,6129,0.013219267142974313,0.07916357412975758,0.1832049947331036,0.7244121639941633,50,20,20
1,6130,0.013219267142974313,0.07916357412975797,0.18320511319545207,0.7244120455318145,50,20,20
1,6131,0.013219267142974313,0.07916357412975791,0.18320489648425353,0.7244122622430131,50,20,20
1,6132,0.013219267142974368,0.0791635741296294,0.18261246582326382,0.7250046929041314,50,20,20
1,6133,0.013219267146258944,0.07916357413010117,0.18261643817919107,0.725000720544448,50,20,20
1,6134,0.013219267146258944,0.07916357413010461,0.18261686952932485,0.7250002891943107,50,20,20
1,6135,0.013219267146258944,0.07916357413010461,0.18261681179062084,0.7250003469330146,50,20,20
1,6136,0.013219267146259556,0.0791635741794984,0.18262371857357299,0.7249934401006682,50,20,20
1,6137,0.013221116975404724,0.08057153348854904,0.18116721266887595,0.7250401368671693,50,20,20
1,6138,0.013221116975404724,0.08057153348854892,0.18116729880477994,0.7250400507312655,50,20,20
1,6139,0.013221116975404726,0.08057153348851541,0.18115968320832807,0.7250476663277508,50,20,20
1,6140,0.01322111697540499,0.08057153348875695,0.18138705951958553,0.7248202900162517,50,20,20
1,6141,0.013221116975404994,0.08057153348875624,0.18138984197415856,0.7248175075616793,50,20,20
1,6142,0.013221116975404994,0.08057153348875348,0.1807562705634568,0.7254510789723838,50,20,20
1,6143,0.01322111697540499,0.08057153348865585,0.18075856218906125,0.725448787346877,50,20,20
1,6144,0.013221116972120415,0.08057153348818397,0.1807545813408711,0.7254527681988236,50,20,20
1,6145,0.013221116972120332,0.08057153348835183,0.18085403735943803,0.7253533121800888,50,20,20
1,6146,0.013221116972120332,0.08057153348835756,0.180854262821871,0.7253530867176501,50,20,20
1,6147,0.013221116972160137,0.0806077841566069,0.1808180121515788,0.7253530867196532,50,20,20
1,6148,0.013221116972160137,0.08060778415661543,0.1808217251712297,0.7253493736999936,50,20,20
1,6149,0.013230243476988061,0.08024016001122414,0.18117803955068457,0.7253515569611024,50,20,20
1,6150,0.013230243476988065,0.0802401600112492,0.18118384551310068,0.7253457509986612,50,20,20
1,6151,0.013230243476988065,0.08024016001117618,0.1806382165228287,0.7258913799890061,50,20,20
1,6152,0.013230149655177579,0.08024016001494194,0.1806660544645836,0.7258636358652956,50,20,20
1,6153,0.01323014965439046,0.0802427442533462,0.1806634280091899,0.7258636780830723,50,20,20
1,6154,0.01323014965439046,0.08024274425335148,0.18066368222690574,0.7258634238653512,50,20,20
1,6155,0.01323014965439046,0.0802427442533517,0.18075132672148506,0.7257757793707715,50,20,20
1,6156,0.013230149654390457,0.08024274425378439,0.18076780390246117,0.7257593021893628,50,20,20
1,6157,0.013230149654390457,0.08024274425377881,0.18076793908405553,0.725759167007774,50,20,20
1,6158,0.013230149654390457,0.08024274425377874,0.18113828218072053,0.7253888239111091,50,20,20
1,6159,0.013230149654390537,0.08024274425372861,0.17775815707702752,0.7287689490148521,50,20,20
1,6160,0.013230149654394154,0.08024275091687695,0.1781341843527076,0.72839291507602,50,20,20
1,6161,0.001118838607158521,0.0802429484844167,0.19033413143758574,0.7283040814708382,50,20,20
1,6162,0.0011188386070894616,0.08028575376774795,0.19029142748354766,0.728303980141614,50,20,20
1,6163,0.0011188386070952077,0.08028575376776059,0.19028186043438755,0.7283135471907558,50,20,20
1,6164,0.0011188386768589435,0.08024043583012824,0.19032681452811745,0.7283139109648944,50,20,20
1,6165,0.0011188386768589435,0.08024043583013346,0.19031983178983303,0.7283208937031738,50,20,20
1,6166,0.0011188386768589437,0.07556694205864577,0.1949933255613308,0.7283208937031638,50,20,20
1,6167,0.0011188386768589428,0.07556694205864567,0.1949933402003667,0.7283208790641281,50,20,20
1,6168,0.00111883867685894,0.0755669420586216,0.19499661332861082,0.7283176059359083,50,20,20
1,6169,0.0011188386768583275,0.07556694200923542,0.19499000177825918,0.7283242175356467,50,20,20
1,6170,0.0011188386768583275,0.07556694200923542,0.1949899103344919,0.7283243089794139,50,20,20
1,6171,0.001118838676858327,0.07556694211218973,0.20144599027239543,0.7218682289385562,50,20,20
1,6172,0.0011188386768185116,0.05653827304096638,0.2204746593456609,0.7218682289365542,50,20,20
1,6173,0.0011188386768185316,0.05653827304096355,0.2204745059751393,0.7218683823070786,50,20,20
1,6174,0.0011188386768185116,0.056538273040961096,0.22047440469575,0.7218684835864703,50,20,20
1,6175,0.0011188386768184334,0.05653827304095647,0.21715525119703416,0.7251876370851907,50,20,20
1,6176,0.0011188386807928804,0.05653527434538126,0.21715824569313466,0.7251876412806912,50,20,20
1,6177,0.0011188386807928588,0.05653527451478579,0.229982391258872,0.7123634955455493,50,20,20
1,6178,0.0011188386807928594,0.061195556192390185,0.22532210957988996,0.7123634955469269,50,20,20
1,6179,0.0011188386807966773,0.06119555619239026,0.22495176910452344,0.7127338360222895,50,20,20
1,6180,0.0011188386807966764,0.06119555619239394,0.2252214521869232,0.7124641529398862,50,20,20
1,6181,0.0011188386807966764,0.06119555619239425,0.22522154228786376,0.7124640628389453,50,20,20
1,6182,0.0011188386807966778,0.06119555619239428,0.22521012287794104,0.712475482248868,50,20,20
1,6183,0.0011188386772564775,0.061195569186489315,0.23890708955366802,0.6987785025825866,50,20,20
1,6184,0.0011188386772564775,0.06119556918648898,0.23890698060302068,0.6987786115332344,50,20,20
1,6185,0.0011188386772564775,0.061195569186481814,0.23863948634639778,0.6990461057898643,50,20,20
1,6186,0.00111883867725407,0.061195569186472766,0.23864285704518548,0.6990427350910877,50,20,20
1,6187,0.0011188386772540697,0.06119556918647175,0.23863377748878908,0.6990518146474852,50,20,20
1,6188,0.0011188407706140277,0.061195572202661974,0.24575762282048264,0.6919279642062415,50,20,20
1,6189,0.0032661374088076515,0.06119547395728378,0.24361176261243636,0.6919266260214709,50,20,20
1,6190,0.0032661373704271296,0.061195558348646595,0.24361209642046092,0.691926207860464,50,20,20
1,6191,0.0032661373704271296,0.061195558348214156,0.2435956686467711,0.6919426356345862,50,20,20
1,6192,0.0032661373704271296,0.06119555834821204,0.24358498946342272,0.6919533148179368,50,20,20
1,6193,0.012622241308171118,0.0612312252123562,0.23419260787400695,0.691953925605464,50,20,20
1,6194,0.012622241308171123,0.061231225212356646,0.23419273025790752,0.691953803221563,50,20,20
1,6195,0.012622241308171132,0.061231225212355495,0.22707987786910805,0.6990666556103637,50,20,20
1,6196,0.012622241308171127,0.06123122521235115,0.2270768349341193,0.699069698545357,50,20,20
1,6197,0.012622241308171127,0.06123122521235159,0.22708387056979468,0.6990626629096813,50,20,20
1,6198,0.012622241308171259,0.061231241879324945,0.2463597515115358,0.6797867653009664,50,20,20
1,6199,0.012622241308171259,0.06123124187952814,0.2463704841389686,0.6797760326733304,50,20,20
1,6200,0.012622241308174947,0.061231241776578474,0.2399120609885385,0.6862344559267066,50,20,20
1,6201,0.012622241308169368,0.06123124177656591,0.23991046760672588,0.6862360493085374,50,20,20
1,6202,0.012622241308169368,0.061231241776565255,0.23991052164149415,0.6862359952737697,50,20,20
1,6203,0.012622241308169526,0.06123124177636206,0.23989724129106815,0.6862492756243987,50,20,20
1,6204,0.012622241308169356,0.06123124177636881,0.23991310056653511,0.6862334163489252,50,20,20
1,6205,0.012622241308169356,0.061231241776369544,0.23983292254951855,0.6863135943659412,50,20,20
1,6206,0.012622241308171274,0.06223361468521652,0.23883054957677619,0.686313594429835,50,20,20
1,6207,0.011003269290210265,0.06224139874880422,0.2404414985227364,0.686313833438248,50,20,20
1,6208,0.010920610347854687,0.06604562599271087,0.23671990013312275,0.6863138635263104,50,20,20
1,6209,0.010920697710191982,0.0660442852984883,0.2367211577006974,0.686313859290621,50,20,20
1,6210,0.010920697710191982,0.06604428529848884,0.23672120137101918,0.6863138156202987,50,20,20
1,6211,0.010920697710191713,0.06604428529824723,0.23649099180097682,0.686544025190583,50,20,20
1,6212,0.01092069771019988,0.06604428529828618,0.2470740642941826,0.6759609526973304,50,20,20
1,6213,0.029571037827583028,0.06603792308196639,0.2284302334259829,0.6759608056644666,50,20,20
1,6214,0.029570950511443622,0.06603958115803922,0.22842866257482208,0.6759608057556937,50,20,20
1,6215,0.029570950511443622,0.06603958115802998,0.2284226052181396,0.6759668631123853,50,20,20
1,6216,0.029570950511443952,0.06603958115803393,0.22858948151872077,0.6757999868117999,50,20,20
1,6217,0.029570950511443952,0.0660395811580332,0.2285893987862789,0.6758000695442425,50,20,20
1,6218,0.02957095051144398,0.06603958115843743,0.22867922895910447,0.6757102393710127,50,20,20
1,6219,0.02957095051144398,0.06603958115843744,0.22867922953083117,0.6757102387992862,50,20,20
1,6220,0.02957095051144374,0.0660395811495828,0.2286287417918838,0.6757607265470882,50,20,20
1,6221,0.02957095051144374,0.06603958114963422,0.2287765920244044,0.6756128763145162,50,20,20
1,6222,0.02957095051144555,0.06606748431469117,0.22874868886048824,0.6756128763133737,50,20,20
1,6223,0.02957095051144173,0.06606748431471007,0.2287504050966419,0.6756111600772049,50,20,20
1,6224,0.029571883341026287,0.06606747137700802,0.23456064548735278,0.6697999997946118,50,20,20
1,6225,0.02957188499642176,0.06606722698973598,0.23456053319900952,0.6698003548148316,50,20,20
1,6226,0.02957188499642145,0.06606722699006375,0.23439911636941757,0.669961771644096,50,20,20
1,6227,0.022372300470259,0.0660334704315881,0.2414977823797467,0.6700964467184052,50,20,20
1,6228,0.022372300470258975,0.06603347043118374,0.2414042708428476,0.6701899582557087,50,20,20
1,6229,0.022372300470258982,0.06613273678344063,0.24130500449059358,0.6701899582557058,50,20,20
1,6230,0.022372300470258982,0.06613273678343946,0.24129555792711804,0.6701994048191825,50,20,20
1,6231,0.022372300470258982,0.06613273678345782,0.241292242758929,0.6702027199873533,50,20,20
1,6232,0.022372300470269228,0.06613273678292539,0.24119121356275222,0.6703037491840523,50,20,20
1,6233,0.022372300470269228,0.0661327367829254,0.24119943091177787,0.6702955318350265,50,20,20
1,6234,0.02237230047026907,0.06613273679367176,0.24145405779326637,0.670040904942792,50,20,20
1,6235,0.02237230047026907,0.0661327367936719,0.24145409688770392,0.6700408658483543,50,20,20
1,6236,0.022372300604380814,0.0786499118797439,0.228936951766268,0.6700408357496067,50,20,20
1,6237,0.022372300604377195,0.07864990521658982,0.22856064603867793,0.6704171481403545,50,20,20
1,6238,0.02237230507619599,0.07864981112620897,0.22856073754801037,0.6704171462495835,50,20,20
1,6239,0.02237230507619599,0.07864981112620767,0.22856076250313023,0.6704171212944651,50,20,20
1,6240,0.022371372246603446,0.0786498110702568,0.22904253677718242,0.669936279905956,50,20,20
1,6241,0.022371372246602253,0.07864981107025434,0.22903911853324513,0.6699396981498968,50,20,20
1,6242,0.022378747190136085,0.07864979440683756,0.22975542921382078,0.6692160291892041,50,20,20
1,6243,0.022378747190132393,0.0786497944068299,0.22975390920009287,0.6692175492029433,50,20,20
1,6244,0.022378817908222194,0.07864982143034754,0.22381852916393316,0.6751528314974958,50,20,20
1,6245,0.022378817908222194,0.07864982143034743,0.22381849676345353,0.6751528638979757,50,20,20
1,6246,0.022378817908222194,0.07864982143035694,0.22381891872971413,0.6751524419317054,50,20,20
1,6247,0.02237881790822219,0.07864982143035974,0.22381901028989185,0.6751523503715249,50,20,20
1,6248,0.02237881790822219,0.07864982143035315,0.22382558617006268,0.6751457744913604,50,20,20
1,6249,0.022378817918313837,0.07864982143035826,0.22382829146845865,0.6751430691828676,50,20,20
1,6250,0.022378817918313837,0.07864982143030678,0.22368023451121855,0.6752911261401592,50,20,20
1,6251,0.022378817918313837,0.07864982143293064,0.22368288586983984,0.6752884747789141,50,20,20
1,6252,0.022378817918313837,0.07864982143293074,0.22368313465197256,0.6752882259967815,50,20,20
1,6253,0.022378817918313837,0.0786498214329284,0.22367143894178415,0.6752999217069723,50,20,20
1,6254,0.022378817918313837,0.07864982143293679,0.22367532138500718,0.6752960392637408,50,20,20
1,6255,0.022378817918313837,0.07864982143293671,0.22367519973426803,0.6752961609144801,50,20,20
1,6256,0.022378817918313847,0.0786498214329538,0.2237739624953768,0.6751973981533542,50,20,20
1,6257,0.022378817918313847,0.07864982143295378,0.22377395975349054,0.6751974008952405,50,20,20
1,6258,0.022378817918313847,0.07864982143295379,0.22377392032164978,0.6751974403270812,50,20,20
1,6259,0.022378817919646223,0.07864982144625415,0.22384221044176106,0.6751291501923372,50,20,20
1,6260,0.022378819323278412,0.07864982143659933,0.2284250694065305,0.6705462898335903,50,20,20
1,6261,0.022378819323278412,0.07864982143659846,0.2284206271284426,0.6705507321116793,50,20,20
1,6262,0.019198908677112943,0.07869257478354749,0.23169160960284377,0.6704169069364945,50,20,20
1,6263,0.019198908677112943,0.07869257478354853,0.23169176856290885,0.6704167479764283,50,20,20
1,6264,0.019198908677112943,0.07869257478355547,0.2316917250771618,0.6704167914621685,50,20,20
1,6265,0.019198908677111128,0.07869874977330674,0.23168555008764966,0.670416791461931,50,20,20
1,6266,0.019198908677111128,0.07869874977330674,0.23168554995425442,0.6704167915953263,50,20,20
1,6267,0.019198908677111128,0.07869874977333319,0.23169307869761635,0.6704092628519379,50,20,20
1,6268,0.019198908677111128,0.0786987497733331,0.23168993157865475,0.6704124099708996,50,20,20
1,6269,0.019198908677111128,0.07869874977070926,0.23168728343747427,0.6704150581147039,50,20,20
1,6270,0.01919890867711121,0.07869874977070902,0.23877143416459534,0.6633309073875832,50,20,20
1,6271,0.01919890867711121,0.07869874977071173,0.2387716500383312,0.6633306915138446,50,20,20
1,6272,0.019198906583751257,0.07869874737418849,0.2283747138642136,0.6737276321778453,50,20,20
1,6273,0.01919890658375125,0.0786987473741881,0.22837479283749265,0.6737275532045665,50,20,20
1,6274,0.01919890518013838,0.07869874737418947,0.22354256796088617,0.6785597794847845,50,20,20
1,6275,0.01919890518013838,0.07869874737420128,0.22353570243585097,0.6785666450098078,50,20,20
1,6276,0.019198945988823005,0.09773099782504847,0.21494757833324724,0.6681224778528799,50,20,20
1,6277,0.019198945988824167,0.09773099782504845,0.21494756511963561,0.6681224910664905,50,20,20
1,6278,0.019198945988824156,0.09773099782471675,0.21494213590278022,0.6681279202836776,50,20,20
1,6279,0.019198945988824156,0.09773099782537979,0.21494776175488428,0.6681222944309105,50,20,20
1,6280,0.019198945988840466,0.09773099782537993,0.2149508284488049,0.6681192277369735,50,20,20
1,6281,0.019198945988840466,0.09773099782537066,0.21495050601579233,0.6681195501699954,50,20,20
1,6282,0.019198945988840466,0.09773099782536741,0.2149502924826926,0.6681197637030983,50,20,20
1,6283,0.019198875270742793,0.09773097094722491,0.2171896235417747,0.6658805302402564,50,20,20
1,6284,0.019198875270742793,0.09773553156570967,0.21718506292328407,0.6658805302402623,50,20,20
1,6285,0.01919887527074279,0.0964685332886978,0.21845204695803683,0.6658805444825212,50,20,20
1,6286,0.01919887527072648,0.09646853328869766,0.218448979871387,0.6658836115691875,50,20,20
1,6287,0.01919887360379752,0.09646935273148056,0.21844851711299643,0.6658832565517241,50,20,20
1,6288,0.01919887360379752,0.09646935273148781,0.2184486984491006,0.6658830752156127,50,20,20
1,6289,0.01919887360379752,0.09646935273146884,0.2184468918614181,0.6658848818033141,50,20,20
1,6290,0.01919887360379752,0.09646935273147209,0.2184471045283006,0.6658846691364283,50,20,20
1,6291,0.019199394164738343,0.09646935281457734,0.21844658322172705,0.6658846697989559,50,20,20
1,6292,0.019199394164728097,0.09646935281455234,0.21844447397518502,0.6658867790455332,50,20,20
1,6293,0.019199394164728097,0.09646935281455234,0.21844447215927484,0.6658867808614433,50,20,20
1,6294,0.019199394167647262,0.08461569220950979,0.23029813278094408,0.6658867808418971,50,20,20
1,6295,0.019191085279625292,0.08461567092816498,0.23030864627032838,0.6658845975218809,50,20,20
1,6296,0.019492049062724944,0.08461567276511796,0.2300076259038391,0.6658846522683173,50,20,20
1,6297,0.019492049062723782,0.08461567276526745,0.23001876333279686,0.6658735148392112,50,20,20
1,6298,0.01949204906272382,0.08461567276527321,0.23001886024131782,0.6658734179306847,50,20,20
1,6299,0.01949204906272382,0.08461567276527321,0.23001885766587118,0.6658734205061309,50,20,20
1,6300,0.01949204947038276,0.08461726123353247,0.23001726633490838,0.6658734229611758,50,20,20
1,6301,0.01949204947054275,0.08461726123353454,0.2300197712421983,0.6658709180537238,50,20,20
1,6302,0.01949204947054275,0.08461726123353464,0.23001977714623212,0.6658709121496897,50,20,20
1,6303,0.019492049393358205,0.0846173156689713,0.23002954372195566,0.6658610912157141,50,20,20
1,6304,0.019492049393358205,0.0846173156689745,0.23002976364025088,0.6658608712974157,50,20,20
1,6305,0.019492049393338883,0.08461731566788158,0.23002442793405734,0.6658662070047215,50,20,20
1,6306,0.019492049829429144,0.08367437841583392,0.23096736461542125,0.6658662071393148,50,20,20
1,6307,0.019492049829429144,0.08367437841584888,0.23097142407850133,0.6658621476762197,50,20,20
1,6308,0.019492049829429144,0.08367437841583664,0.23124799935844875,0.6655855723962845,50,20,20
1,6309,0.01949204964838245,0.08724670691382969,0.2276756710419349,0.6655855723958514,50,20,20
1,6310,0.01949204964838245,0.0885165979112514,0.2264057942867782,0.6655855581535864,50,20,20
1,6311,0.01949204964838245,0.08851659791059906,0.22640052360206442,0.6655908288389526,50,20,20
1,6312,0.019492049648385894,0.08851660480656717,0.22655430854057926,0.6654370370044663,50,20,20
1,6313,0.019492049648385894,0.08851379569725473,0.22655711764958333,0.6654370370047746,50,20,20
1,6314,0.019492049648385894,0.08851379572799399,0.22657544116483597,0.6654187134587828,50,20,20
1,6315,0.019492427744641817,0.08849675805332236,0.2265059087255571,0.6655049054764772,50,20,20
1,6316,0.019492427744660836,0.08849675805332241,0.22650935600734212,0.6655014581946733,50,20,20
1,6317,0.01949242774465739,0.08849675115735428,0.22634735564000166,0.6656634654579853,50,20,20
1,6318,0.019492427741736623,0.08896112933360743,0.22588297751171915,0.6656634654129354,50,20,20
1,6319,0.019492427741736623,0.08896112933360899,0.22588309813137802,0.665663344793275,50,20,20
1,6320,0.01949242774173663,0.08896112933360899,0.22588289164276718,0.6656635512818859,50,20,20
1,6321,0.019492427742170443,0.08052131956737518,0.23432270135835342,0.6656635513321,50,20,20
1,6322,0.019492427742170443,0.08052131957929148,0.2345852301647698,0.6654010225137672,50,20,20
1,6323,0.019492427742170443,0.0805213195792808,0.23458487775471235,0.6654013749238353,50,20,20
1,6324,0.019492427742170443,0.0805213195792826,0.2345971901893159,0.6653890624892297,50,20,20
1,6325,0.019492427742010453,0.08052131957941992,0.2346063875349661,0.6653798651436023,50,20,20
1,6326,0.019492427721995737,0.10009422457397851,0.21503348256252072,0.6653798651415039,50,20,20
1,6327,0.019492386913311108,0.0998348730731686,0.2152930562778009,0.6653796837357181,50,20,20
1,6328,0.019492386911978733,0.09983487305986824,0.21522476751415642,0.6654479725139955,50,20,20
1,6329,0.019492386454147453,0.09983326401058426,0.21522637956758917,0.6654479699676782,50,20,20
1,6330,0.019492386454147453,0.09983326401059836,0.215231002020689,0.6654433475145644,50,20,20
1,6331,0.01949238645414929,0.09983326401775232,0.20395520818282756,0.6767191413452699,50,20,20
1,6332,0.01949238645414929,0.09983326398701299,0.2039369302648243,0.6767374192940124,50,20,20
1,6333,0.01949238645414929,0.09983326398687038,0.20392501642736074,0.6767493331316186,50,20,20
1,6334,0.019492386454149434,0.09983326398687377,0.2039287292038249,0.6767456203551511,50,20,20
1,6335,0.019492386454130414,0.09983326398687373,0.20392528413859878,0.6767490654203963,50,20,20
1,6336,0.019492386454130418,0.09983326398687374,0.2039253383030802,0.6767490112559148,50,20,20
1,6337,0.019492386454130605,0.0998332639868769,0.20391552512179204,0.6767588244371997,50,20,20
1,6338,0.019492386454130563,0.09983326398687113,0.20391538918680144,0.676758960372196,50,20,20
1,6339,0.019492386454130563,0.09983326398687113,0.20391542786232786,0.6767589216966695,50,20,20
1,6340,0.01949238645413051,0.09983326398687149,0.20391785860576225,0.676756490953235,50,20,20
1,6341,0.019492386454130504,0.09983326398687152,0.20391798843962683,0.6767563611193704,50,20,20
1,6342,0.01919066591312694,0.0998333339155836,0.2042190330359509,0.676756967135338,50,20,20
1,6343,0.01919066547703667,0.0998195743696091,0.20423279315258003,0.6767569670007734,50,20,20
1,6344,0.01919066547703667,0.0998195743696091,0.20423290475547176,0.6767568553978817,50,20,20
1,6345,0.01919066550798374,0.08179568129513397,0.22225679779675217,0.6767568554001293,50,20,20
1,6346,0.019190665507983748,0.08179568129515304,0.22225690254618005,0.6767567506506825,50,20,20
1,6347,0.019190665507983748,0.08179568129513527,0.22225683722372175,0.6767568159731587,50,20,20
1,6348,0.019190665507983744,0.08179568129513924,0.22226858245267664,0.6767450707441999,50,20,20
1,6349,0.019190665507983744,0.08179568129513921,0.22226857819436144,0.6767450750025151,50,20,20
1,6350,0.019190665507984095,0.08179481369322933,0.22226944579534474,0.6767450750034414,50,20,20
1,6351,0.019190665477056435,0.08104760719862206,0.22301665232312817,0.6767450750011931,50,20,20
1,6352,0.023279835830364304,0.08104760726752881,0.2189274826002537,0.6767450743018528,50,20,20
1,6353,0.02327983583036496,0.08104760726754114,0.2189289999268536,0.6767435569752399,50,20,20
1,6354,0.02327983583036478,0.08104760726753513,0.2189263404215207,0.676746216480579,50,20,20
1,6355,0.023279835830597256,0.08104760727969718,0.2217491909089761,0.6739233659807291,50,20,20
1,6356,0.02327983583059163,0.08108447846894466,0.22171231971974859,0.6739233659807147,50,20,20
1,6357,0.02327983583059163,0.08108447846893627,0.22171184702854876,0.673923838671923,50,20,20
1,6358,0.023279835830591667,0.08114823828840415,0.22164808720907,0.6739238386719337,50,20,20
1,6359,0.023281551508458103,0.08386453157186459,0.21561511043698092,0.6772388064826955,50,20,20
1,6360,0.023281551508458103,0.08386453157186473,0.21561521676354187,0.6772387001561345,50,20,20
1,6361,0.023281551508458103,0.08386453157186473,0.21561531949355597,0.6772385974261205,50,20,20
1,6362,0.023281551508458072,0.08365220827378544,0.21582764276256866,0.6772385974551871,50,20,20
1,6363,0.023281171036504116,0.08362437391570027,0.2159435260703729,0.6771509289774221,50,20,20
1,6364,0.023281171036504168,0.08362437391572955,0.21608790464685423,0.6770065504009115,50,20,20
1,6365,0.02328117103650416,0.08362437391571255,0.2159922336564741,0.6771022213913086,50,20,20
1,6366,0.023281171036504022,0.08362437391570951,0.216358118651632,0.676736336396154,50,20,20
1,6367,0.02775336883227835,0.08362430240099135,0.21188665240443025,0.6767356763622995,50,20,20
1,6368,0.02775336883227835,0.08362430240099136,0.21189479356789642,0.6767275351988333,50,20,20
1,6369,0.027753526065939768,0.08480786354637247,0.2107110751887841,0.6767275351989029,50,20,20
1,6370,0.02775352606593998,0.08480786354639502,0.21034344495882756,0.6770951654288367,50,20,20
1,6371,0.027753552603262354,0.0846661685394972,0.21048511330307243,0.6770951655541677,50,20,20
1,6372,0.027753552603262354,0.08466665530389911,0.21048462653861827,0.67709516555422,50,20,20
1,6373,0.027753552603262913,0.08466665530392051,0.21048482677079253,0.6770949653220238,50,20,20
1,6374,0.027753552603262698,0.08466665530389764,0.21048285785651077,0.6770969342363287,50,20,20
1,6375,0.027753552603262698,0.0846666553038976,0.21048841246568414,0.6770913796271553,50,20,20
1,6376,0.02775355260303022,0.0846666552920122,0.20857471846952946,0.6790050736354278,50,20,20
1,6377,0.02775355260303022,0.08466665529158605,0.20765447287599237,0.679925319229391,50,20,20
1,6378,0.02775355260303022,0.08466665529184418,0.20765467200180857,0.6799251201033168,50,20,20
1,6379,0.041840404205679346,0.08466800439007369,0.19356339887081853,0.6799281925334282,50,20,20
1,6380,0.0418404042056808,0.08466800439007588,0.19356008746340103,0.679931503940842,50,20,20
1,6381,0.0418404042056808,0.08488555805273673,0.19334253382981723,0.6799315039117648,50,20,20
1,6382,0.04184040420568781,0.08488555805273679,0.19341821045545785,0.6798558272861172,50,20,20
1,6383,0.04184040420568781,0.08488555805273679,0.1934182071977558,0.6798558305438192,50,20,20
1,6384,0.04184040420568635,0.0848855580527351,0.19341821782392155,0.6798558199176565,50,20,20
1,6385,0.04184040420568569,0.08488555805272802,0.19343347571554936,0.6798405620260365,50,20,20
1,6386,0.04184040420568569,0.08488555805272008,0.19341656902936807,0.6798574687122257,50,20,20
1,6387,0.041840404205694036,0.08488555805270602,0.1934157128505244,0.6798583248910751,50,20,20
1,6388,0.04184040420569274,0.08488555804864552,0.18505310067514316,0.688220937070518,50,20,20
1,6389,0.04184040420569274,0.08488555804864131,0.18503896212704088,0.6882350756186244,50,20,20
1,6390,0.04184040420573001,0.08488555804862206,0.18519025165026018,0.6880837860953872,50,20,20
1,6391,0.04184040420573001,0.08488555804862283,0.18491362535868278,0.688360412386964,50,20,20
1,6392,0.04184040420573001,0.08488555804862283,0.18491374813072955,0.6883602896149172,50,20,20
1,6393,0.04184040420573141,0.08488555804866416,0.1849161935754852,0.6883578441701188,50,20,20
1,6394,0.04184040420573001,0.08488555804862286,0.18491369711664046,0.6883603406290062,50,20,20
1,6395,0.04184040420572996,0.08488555804859363,0.1847694928752557,0.6885045448704203,50,20,20
1,6396,0.04184040420572996,0.08488555804859665,0.1847696080538282,0.6885044296918446,50,20,20
1,6397,0.04184040420583138,0.08490891112883397,0.18474625497395092,0.6885044296913836,50,20,20
1,6398,0.04184040420583144,0.08490891112926245,0.18475112188785162,0.6884995627770543,50,20,20
1,6399,0.04184040420583144,0.08490891112926245,0.18475112033959804,0.688499564325308,50,20,20
1,6400,0.042059174562773985,0.08219689899415104,0.19056845726331262,0.6851754691797614,50,20,20
1,6401,0.042059174562773985,0.08219689899415097,0.19056542189895964,0.6851785045441143,50,20,20
1,6402,0.042059174562773985,0.08219689899415111,0.19056567858482296,0.6851782478582509,50,20,20
1,6403,0.042059174562773444,0.08219689899061342,0.1902112434252206,0.6855326830213913,50,20,20
1,6404,0.042059174562773444,0.08219689899455834,0.19021975621729234,0.6855241702253747,50,20,20
1,6405,0.042059174562773444,0.0821968989945584,0.1902199289063578,0.6855239975363091,50,20,20
1,6406,0.042059174562773444,0.08219689899463047,0.1907649415457862,0.6849789848968088,50,20,20
1,6407,0.042059174562773444,0.08219689899463045,0.1907593067076365,0.6849846197349585,50,20,20
1,6408,0.042059174562773444,0.08219689899459703,0.19075305842593082,0.6849908680166976,50,20,20
1,6409,0.04205917456277288,0.08219689899458402,0.19075301244778475,0.6849909139948573,50,20,20
1,6410,0.04205917456277288,0.08219689899458947,0.19075306053926244,0.6849908659033743,50,20,20
1,6411,0.04205917456277326,0.08219689899458894,0.19075662268483357,0.6849873037578033,50,20,20
1,6412,0.0420518002904162,0.08219689899595517,0.18999360552342764,0.6857576951901998,50,20,20
1,6413,0.0420518002904162,0.08219689899595513,0.18999354785832806,0.6857577528552996,50,20,20
1,6414,0.0420518002904162,0.08219501342185362,0.18999543343248185,0.6857577528552473,50,20,20
1,6415,0.042051800290424525,0.08219501342934488,0.1829258592846176,0.6928273269956121,50,20,20
1,6416,0.042051800290424525,0.08219501342934488,0.18292586422454513,0.6928273220556845,50,20,20
1,6417,0.03816048712347858,0.08219682644833272,0.1868153633600008,0.6928273230681873,50,20,20
1,6418,0.03816048712347157,0.0821968264487089,0.18761071430322532,0.6920319721245939,50,20,20
1,6419,0.03368827970024293,0.08219689651271345,0.19208285218155008,0.6920319716054929,50,20,20
1,6420,0.03368827970024293,0.0821968965007956,0.19182422626943207,0.6922905975295289,50,20,20
1,6421,0.033467793665630116,0.08219258529012416,0.19204899889830995,0.6922906221459354,50,20,20
1,6422,0.03346779366561134,0.08219080335736867,0.19205078083102436,0.6922906221459959,50,20,20
1,6423,0.03346779366557407,0.08219080335763579,0.1919608132001586,0.6923805897766319,50,20,20
1,6424,0.03346779366557407,0.08219080335764163,0.1922517928911309,0.6920896100856537,50,20,20
1,6425,0.03346779366557407,0.08219080335764405,0.19226259953043745,0.6920788034463446,50,20,20
1,6426,0.03346779366557401,0.08219080335722115,0.19226101761045988,0.6920803853667451,50,20,20
1,6427,0.03346779307571513,0.0821908033565594,0.18000929686270237,0.704332106705023,50,20,20
1,6428,0.03346779307571513,0.08219080335261672,0.18020783791718442,0.7041335656544835,50,20,20
1,6429,0.0334685663644242,0.08219080229306364,0.18020691871943093,0.7041337126230812,50,20,20
1,6430,0.03346856636442456,0.09996079570608062,0.1624369248260357,0.7041337131034594,50,20,20
1,6431,0.03346856636442456,0.09996079570581501,0.16243650526893585,0.7041341326608251,50,20,20
1,6432,0.03346856636442456,0.09996079570582408,0.16242860284441496,0.7041420350853369,50,20,20
1,6433,0.033468566364424565,0.09996079570583147,0.16242875080386202,0.7041418871258824,50,20,20
1,6434,0.033468566364424565,0.09996287019055736,0.16242667631913602,0.7041418871258825,50,20,20
1,6435,0.033468566364424565,0.09996287019055745,0.1624427856832589,0.7041257777617596,50,20,20
1,6436,0.033468566364424565,0.09996287019055007,0.16244275028201077,0.704125813163015,50,20,20
1,6437,0.033468566364424565,0.09996287019054095,0.16244266848250732,0.7041258949625276,50,20,20
1,6438,0.033468566364424565,0.0999628701905409,0.16244249380796721,0.7041260696370677,50,20,20
1,6439,0.033468566364427084,0.09996287020841317,0.16263100361599986,0.7039375598111604,50,20,20
1,6440,0.0334685663644271,0.09996287020846235,0.16263957063738388,0.7039289927897272,50,20,20
1,6441,0.033468566364427084,0.09996287020842981,0.17390535793723955,0.6926632054899042,50,20,20
1,6442,0.033468566364427084,0.09996287020842982,0.1739051715867358,0.6926633918404079,50,20,20
1,6443,0.03346856636442719,0.09996287020843014,0.17402604173142308,0.6925425216957203,50,20,20
1,6444,0.03346856636442719,0.09996287020842434,0.17373778075006696,0.6928307826770822,50,20,20
1,6445,0.03346856641417105,0.09996287146099585,0.1867554922280619,0.6798130698967714,50,20,20
1,6446,0.03346856641417106,0.09996287146092302,0.18621055477281354,0.6803580073520925,50,20,20
1,6447,0.03346856641417106,0.09996287146092298,0.18621055447983864,0.6803580076450673,50,20,20
1,6448,0.033468566414172105,0.0998727351412432,0.18630069079883704,0.6803580076457477,50,20,20
1,6449,0.033468566414172105,0.09987273514124079,0.1862898338648787,0.6803688645797085,50,20,20
1,6450,0.02397076527946447,0.10021233169629751,0.1954508231428235,0.680366079881415,50,20,20
1,6451,0.023970765279461955,0.1002123316794642,0.19526741609282056,0.6805494869482538,50,20,20
1,6452,0.023970765279461955,0.1002123316792007,0.19521927291937136,0.6805976301219665,50,20,20
1,6453,0.023970765279461955,0.1002123316791972,0.19520981661626716,0.6806070864250742,50,20,20
1,6454,0.03780586199245895,0.09987168629293945,0.1817156530827914,0.6806067986318102,50,20,20
1,6455,0.03780586199245896,0.0998716862935224,0.18172093155101054,0.6806015201630082,50,20,20
1,6456,0.03780586199245897,0.099871686293522,0.18191024629656816,0.6804122054174507,50,20,20
1,6457,0.037805861992458896,0.09987168629620166,0.18179938266848442,0.6805230690428549,50,20,20
1,6458,0.0378058619924589,0.09987168629665771,0.18180542753321144,0.6805170241776719,50,20,20
1,6459,0.037806146553071955,0.09987240657450737,0.18180442289381699,0.6805170239786038,50,20,20
1,6460,0.03780614655307127,0.09995475492681319,0.18172207454216338,0.6805170239779522,50,20,20
1,6461,0.03780614655307881,0.09995475501395239,0.181254949725378,0.6809841487075907,50,20,20
1,6462,0.037806146553243734,0.08813966231347596,0.19307004242571896,0.6809841487075616,50,20,20
1,6463,0.03780614655324373,0.08813966231347999,0.19307008757164645,0.68098410356163,50,20,20
1,6464,0.03780614655324375,0.08813966231346523,0.1818033593321666,0.6922508318011245,50,20,20
1,6465,0.03780614655324375,0.0881396623134653,0.18181588774907198,0.6922383033842191,50,20,20
1,6466,0.03780614670900744,0.08813966216811263,0.1938122702709298,0.6802419208519502,50,20,20
1,6467,0.03780614669891579,0.08813966216810792,0.19380968217551517,0.6802445089574615,50,20,20
1,6468,0.03780614669891579,0.08813966216542796,0.19386798517865483,0.6801862059570019,50,20,20
1,6469,0.03780614669891579,0.08813966216542786,0.19386782190408114,0.6801863692315756,50,20,20
1,6470,0.03780614669891579,0.0881396621654278,0.19385532051177326,0.6801988706238835,50,20,20
1,6471,0.03780614669891579,0.08813966216542778,0.19385253848356507,0.6802016526520918,50,20,20
1,6472,0.037806146543206805,0.08814032352152523,0.18849220750189016,0.6855613224333781,50,20,20
1,6473,0.037806146543206805,0.08814032352152519,0.1884920209062843,0.6855615090289839,50,20,20
1,6474,0.037806146543254954,0.08670552497925853,0.18992681944924178,0.685561509028245,50,20,20
1,6475,0.03780614654325493,0.08670552497925663,0.18992135284032735,0.6855669756371614,50,20,20
1,6476,0.037806146543419406,0.08670552499550258,0.1901066667619827,0.6853816616990958,50,20,20
1,6477,0.037806146543419406,0.0867055249955027,0.19010671625785405,0.6853816122032239,50,20,20
1,6478,0.03780614654341938,0.08670552499550249,0.19003814594634186,0.6854501825147363,50,20,20
1,6479,0.037806146543418996,0.08670552499880857,0.19018916766108743,0.685299160796685,50,20,20
1,6480,0.037806146543418996,0.0867055249994594,0.19019073687719615,0.6852975915799253,50,20,20
1,6481,0.037806146543418996,0.0867055249994594,0.19018931069892187,0.6852990177581997,50,20,20
1,6482,0.037806146543418996,0.08670552499843412,0.19018432329792748,0.6853040051602194,50,20,20
1,6483,0.03780581269679868,0.08840587777420775,0.18848430095422336,0.6853040085747701,50,20,20
1,6484,0.019389158239461836,0.08840628951842983,0.20358416701007187,0.6886203852320368,50,20,20
1,6485,0.019389158240149872,0.09009826822037784,0.2018921883071087,0.6886203852323638,50,20,20
1,6486,0.019389158240149872,0.09009826822209412,0.20189639707442666,0.6886161764633294,50,20,20
1,6487,0.019387474447495202,0.08872759319967718,0.20331544739043356,0.6885694849623935,50,20,20
1,6488,0.01938747444749525,0.08872759319967333,0.20331955858619188,0.688565373766639,50,20,20
1,6489,0.01938747444749525,0.0887275931996596,0.20331927242692058,0.6885656599259241,50,20,20
1,6490,0.022598036213686862,0.0870563120047969,0.20177853077244357,0.688567121009072,50,20,20
1,6491,0.0034175691064497783,0.08705482975748056,0.22096051310053327,0.6885670880355355,50,20,20
1,6492,0.0034175691064414243,0.08705482975748075,0.2209572130975063,0.6885703880385705,50,20,20
1,6493,0.003417569106441881,0.08705482975696462,0.22096002549131089,0.6885675756452815,50,20,20
1,6494,0.003417799920880716,0.0793303325043922,0.22868428997386933,0.688567577600857,50,20,20
1,6495,0.0034177999208807193,0.07933033250439281,0.2286860139188573,0.6885658536558685,50,20,20
1,6496,0.0032194178357053804,0.07933170276441272,0.228883026387062,0.6885658530128196,50,20,20
1,6497,0.003219417835766014,0.07933170276455692,0.22888930312319367,0.6885595762764829,50,20,20
1,6498,0.003219417835766014,0.07933170276455959,0.22888949734095415,0.68855938205872,50,20,20
1,6499,0.003219417835766014,0.0793317027645602,0.2288972463182546,0.688551633081419,50,20,20
1,6500,0.003220113868887014,0.07932867303151216,0.22889958033630453,0.688551632763296,50,20,20
1,6501,0.003220113868887014,0.07932867303151206,0.2288833583629422,0.6885678547366585,50,20,20
1,6502,0.0032201138688870085,0.0793286730312054,0.22911442356046635,0.688336789539441,50,20,20
1,6503,0.003220113868887009,0.07932867303393003,0.24230575464885187,0.6751454584483302,50,20,20
1,6504,0.0032201138688870068,0.07932867303393093,0.24230580512337874,0.6751454079738025,50,20,20
1,6505,0.0032201138688870068,0.07932867303393268,0.2423153718626608,0.6751358412345188,50,20,20
1,6506,0.0032201138688870068,0.07932867303393272,0.24231834682861605,0.6751328662685634,50,20,20
1,6507,0.0032201138688870068,0.07932867303393273,0.24231834433381383,0.6751328687633658,50,20,20
1,6508,0.0032201138688870068,0.07932867303393049,0.24211120607246236,0.6753400070247194,50,20,20
1,6509,0.003220113868886551,0.07932867303382204,0.24210992499266418,0.6753412881046266,50,20,20
1,6510,0.0032201138688865505,0.07932867303381658,0.2421097909257121,0.6753414221715839,50,20,20
1,6511,0.003219883271017193,0.07887646107008907,0.242562235442859,0.6753414202160337,50,20,20
1,6512,0.003219883270963738,0.07887817908795963,0.2297756711406212,0.688126266500455,50,20,20
1,6513,0.003219877092575213,0.07887815329527346,0.22977576351856335,0.6881262060935873,50,20,20
1,6514,0.0032198770925761875,0.07887815330089355,0.23596921418791486,0.681932755418615,50,20,20
1,6515,0.0032198770925761415,0.07887815330731056,0.2359794884931764,0.6819224811069365,50,20,20
1,6516,0.0032198770925761415,0.07887815330731039,0.23597946387599172,0.6819225057241212,50,20,20
1,6517,0.0032198770925985316,0.078878153310249,0.24252917785968023,0.6753727917374712,50,20,20
1,6518,0.003219877092598532,0.07885064877634738,0.2425566823935792,0.6753727917374741,50,20,20
1,6519,0.0032198770926008223,0.07885064877623148,0.24232728897310435,0.6756021851580626,50,20,20
1,6520,0.003219877092645877,0.07885064877636488,0.24232907096268883,0.6756004031682995,50,20,20
1,6521,0.0032198770926476824,0.07885064877636476,0.24232521607138627,0.6756042580596006,50,20,20
1,6522,0.0032198770926466728,0.08108061958368169,0.2400952457445095,0.6756042575791613,50,20,20
1,6523,0.003219877092646672,0.08108061958365714,0.24008828806445276,0.6756112152592426,50,20,20
1,6524,0.0032198770926466715,0.08108061958365718,0.24008819023975986,0.6756113130839354,50,20,20
1,6525,0.003219877092647158,0.0810806195836606,0.24008830327918607,0.6756112000445055,50,20,20
1,6526,0.003219877092647158,0.08108061959479615,0.2495680864917552,0.6661314168208007,50,20,20
1,6527,0.003219877655755163,0.08108061843678264,0.24957255833180297,0.6661269455756583,50,20,20
1,6528,0.0032198776557551645,0.08108061843682425,0.24957539464798476,0.6661241092594349,50,20,20
1,6529,0.0032198776557327753,0.08108061843388847,0.26274562818761776,0.6529538757227601,50,20,20
1,6530,0.003219720422280723,0.07992624213784646,0.2639001617148843,0.6529538757249876,50,20,20
1,6531,0.0032197204220803712,0.08586958726987363,0.2579568433454114,0.6529538489626339,50,20,20
1,6532,0.003219719728662217,0.0859540875596641,0.2578726137489541,0.652953578962719,50,20,20
1,6533,0.003219720860891814,0.08593069045998136,0.257896006300514,0.6529535823786116,50,20,20
1,6534,0.003219720860891814,0.08593069045998139,0.25789610013098185,0.6529534885481438,50,20,20
1,6535,0.003219720860891814,0.08593069045998097,0.25788861439330896,0.6529609742858168,50,20,20
1,6536,0.0032195545968773643,0.08589274481795804,0.25792673170459796,0.6529609688805651,50,20,20
1,6537,0.0032195622383643183,0.08587613119176356,0.2579433376843187,0.652960968885552,50,20,20
1,6538,0.0032195622383643183,0.08587613119176353,0.2579431937286555,0.6529611128412153,50,20,20
1,6539,0.0032195622384328655,0.08587613172714588,0.2579709855261603,0.6529333205082594,50,20,20
1,6540,0.00321956223837241,0.08587613172700168,0.25777661588743134,0.6531276901471932,50,20,20
1,6541,0.00321956223837241,0.08587613172700205,0.2663637346194945,0.6445405714151297,50,20,20
1,6542,0.0032195622383274416,0.08587613180380055,0.26637282763451686,0.6445314783233538,50,20,20
1,6543,0.003219562476134945,0.08739560173872202,0.26546774302040144,0.6439170927647402,50,20,20
1,6544,0.003219562476134945,0.08739560173872912,0.2668842609398352,0.6425005748452993,50,20,20
1,6545,0.003219562476134948,0.08739560173872857,0.26688417248012686,0.6425006633050083,50,20,20
1,6546,0.0032286065253304937,0.08739560174633608,0.2668752765035475,0.6425005152247847,50,20,20
1,6547,0.0032279243178572193,0.0874209226840427,0.2668488734384177,0.6425022795596811,50,20,20
1,6548,0.003227916676160889,0.08741007682036374,0.2668597269510982,0.6425022795523762,50,20,20
1,6549,0.0032279166761524764,0.08741007681287298,0.26684515116965524,0.6425168553413185,50,20,20
1,6550,0.003227916676152475,0.08743686658184725,0.26681836140068294,0.6425168553413165,50,20,20
1,6551,0.003227916676152475,0.08743686658184723,0.2668162452518681,0.6425189714901314,50,20,20
1,6552,0.003227916676152475,0.08743686658184746,0.2668163434447094,0.6425188732972902,50,20,20
1,6553,0.003227916676152475,0.08743686658184723,0.26681624238769713,0.6425189743543026,50,20,20
1,6554,0.003227916676152478,0.08743686658185032,0.26682058673716363,0.6425146300048331,50,20,20
1,6555,0.0032279166788881752,0.08743686659071685,0.2569516865869093,0.6523835301434852,50,20,20
1,6556,0.003227916678886525,0.08743686659220173,0.25695758646056954,0.6523776302683417,50,20,20
1,6557,0.003227916678958981,0.08790760010495507,0.26700651750288545,0.6418579657132,50,20,20
1,6558,0.0032279166789589775,0.08790760009853787,0.2669944824868691,0.6418700007356335,50,20,20
1,6559,0.0032279166782227873,0.08798121125021317,0.2669208713362596,0.641870000735304,50,20,20
1,6560,0.0032279164404548427,0.08646174132901523,0.26804285663952504,0.6422674855910041,50,20,20
1,6561,0.003227916440454864,0.08589682619460012,0.2686077717739001,0.6422674855910442,50,20,20
1,6562,0.003227916437719169,0.08589682618572443,0.26848180152301593,0.6423934558535399,50,20,20
1,6563,0.0032279164377190138,0.08589682618423954,0.2684834785589343,0.6423917788191065,50,20,20
1,6564,0.0032279164377185267,0.08589682618434892,0.2684934577686763,0.6423817996092557,50,20,20
1,6565,0.003227916437718526,0.08589682618430632,0.2684904829046492,0.6423847744733251,50,20,20
1,6566,0.003227916437718526,0.08589682618430634,0.26848312109152755,0.6423921362864468,50,20,20
1,6567,0.003227941485433416,0.08583689448966166,0.2685430276769487,0.642392136347955,50,20,20
1,6568,0.003227941485433416,0.08583690819703867,0.2685430139695721,0.6423921363479548,50,20,20
1,6569,0.003227941485433226,0.08583690819709192,0.26855054682368884,0.6423846034937849,50,20,20
1,6570,0.003227941485433229,0.0859309074659679,0.26845654755480586,0.6423846034937918,50,20,20
1,6571,0.0032279414854317107,0.08592852809194497,0.2677043011839085,0.6431392292387136,50,20,20
1,6572,0.003227941485510733,0.08022072519935869,0.27341210403866784,0.6431392292764609,50,20,20
1,6573,0.003227941485510733,0.08022072519935851,0.27341273856094495,0.643138594754184,50,20,20
1,6574,0.003227941485510733,0.08022072519936022,0.2740075820622436,0.6425437512528837,50,20,20
1,6575,0.003231340840111173,0.08021738511407558,0.27400752266560746,0.642543751380204,50,20,20
1,6576,0.003231340840111174,0.08021738511405768,0.27400823542436564,0.6425430386214639,50,20,20
1,6577,0.0032313408401111786,0.0802173851123374,0.27400090667692917,0.6425503673706205,50,20,20
1,6578,0.003231340840152969,0.07244470366202274,0.28177358810887077,0.642550367388952,50,20,20
1,6579,0.003231340840152969,0.07244470366202452,0.28177375848353386,0.6425501970142871,50,20,20
1,6580,0.0032313268812157723,0.07241923032500944,0.28180101016549164,0.6425484326282817,50,20,20
1,6581,0.0032313268812157723,0.07241923033955178,0.28181928927626515,0.6425301535029659,50,20,20
1,6582,0.0032313268812157723,0.07241923033955126,0.28181918436535297,0.6425302584138787,50,20,20
1,6583,0.003231326881288786,0.07241923033956098,0.2864250854605512,0.637924357318598,50,20,20
1,6584,0.003231326881288784,0.07241923033955358,0.28642493749191994,0.6379245052872365,50,20,20
1,6585,0.003231326881288784,0.07241923033955545,0.28643581717059424,0.6379136256085605,50,20,20
1,6586,0.0032313266646170537,0.0724511113061161,0.2864039309573072,0.6379136310719589,50,20,20
1,6587,0.0032313266646170537,0.07245111130611571,0.2864042157425929,0.6379133462866736,50,20,20
1,6588,0.0032313266654557193,0.07245111279195761,0.2827489430390387,0.6415686175035472,50,20,20
1,6589,0.003231326665456385,0.07245111279195889,0.28274884985196086,0.6415687106906232,50,20,20
1,6590,0.0032313266654563828,0.07245111317705764,0.2974249545010644,0.6268926056564208,50,20,20
1,6591,0.0032313266654563698,0.07245111317718955,0.2974288045613569,0.6268887555959963,50,20,20
1,6592,0.0032313266654563698,0.07245111317722099,0.2974289521455243,0.6268886080117976,50,20,20
1,6593,0.003231326665456367,0.07245111317722097,0.2974289698265925,0.6268885903307294,50,20,20
1,6594,0.003231326665456367,0.07245111317722026,0.29741825641160563,0.6268993037457171,50,20,20
1,6595,0.003231326665456367,0.07245111317723152,0.29742258129198107,0.6268949788653303,50,20,20
1,6596,0.003231326665448825,0.07245111308971605,0.2970188702876793,0.627298689957155,50,20,20
1,6597,0.003231326665448825,0.0724511130898739,0.2970233617467738,0.6272941984979026,50,20,20
1,6598,0.003231326665448825,0.07245111308984246,0.29702318180910947,0.6272943784355984,50,20,20
1,6599,0.003231326665448825,0.07245111308984233,0.29702292115568374,0.6272946390890243,50,20,20
1,6600,0.0032313266654488255,0.07245111308984238,0.29702000411626167,0.6272975561284464,50,20,20
1,6601,0.003231326665450332,0.0724511130902318,0.2972862439435865,0.6270313163007305,50,20,20
1,6602,0.003231326665450332,0.07245111309060209,0.29729127068756833,0.6270262895563785,50,20,20
1,6603,0.0032313266653101265,0.07773271606110713,0.29200966539645345,0.6270262918771285,50,20,20
1,6604,0.0032313266653101265,0.07773271606083777,0.2919980718079698,0.6270378854658816,50,20,20
1,6605,0.0032313266655643108,0.07771842019516619,0.2920123676130623,0.6270378855262065,50,20,20
1,6606,0.0032313266655237764,0.0777196315907539,0.29239630143667056,0.6266527403070511,50,20,20
1,6607,0.0032313266655237803,0.07771963166520131,0.29240882638698074,0.6266402152822934,50,20,20
1,6608,0.003231326665523759,0.0782834050549202,0.29184505299730285,0.6266402152822526,50,20,20
1,6609,0.0032313266655237594,0.0782834050549202,0.29185032317631754,0.6266349451032379,50,20,20
1,6610,0.0032313266655237555,0.07828340498058851,0.29184798439929427,0.6266372839545928,50,20,20
1,6611,0.003231326665533042,0.07828340498055686,0.2973448896427939,0.6211403787111156,50,20,20
1,6612,0.003231326665278858,0.07829761543309352,0.29733067925083634,0.6211403786507906,50,20,20
1,6613,0.003231326665278858,0.07829761543297777,0.29732049102115665,0.621150566880586,50,20,20
1,6614,0.0032279273887906713,0.07829744815980848,0.2962158647200091,0.622258759731391,50,20,20
1,6615,0.0032279273887906713,0.07825630141085352,0.29625701146896344,0.6222587597313916,50,20,20
1,6616,0.0032279273887790938,0.0782563014161739,0.2989412979536987,0.6195744732413475,50,20,20
1,6617,0.003227927388710962,0.07825638932432255,0.29918378220087744,0.6193319010860878,50,20,20
1,6618,0.0032279273887109664,0.07825638932431137,0.2991795190528356,0.619336164234141,50,20,20
1,6619,0.0032279273887109677,0.07824400104191385,0.2991919073351983,0.6193361642341757,50,20,20
1,6620,0.003227927388710961,0.07824400104191227,0.2991918281079916,0.619336243461384,50,20,20
1,6621,0.00033322052130577455,0.07821413941166433,0.30211684684784584,0.6193357932191834,50,20,20
1,6622,0.0003332205213057745,0.07821413941166433,0.30211684939975003,0.6193357906672794,50,20,20
1,6623,0.0003421336255717158,0.07821463092535753,0.3021074275689956,0.6193358078800749,50,20,20
1,6624,0.00034213362557171606,0.07821463092535753,0.30210742627653386,0.6193358091725368,50,20,20
1,6625,0.00034213362557171606,0.0782146309253576,0.30210702531743416,0.6193362101316365,50,20,20
1,6626,0.0003421336255717161,0.0782146309253575,0.3021070676335673,0.6193361678155036,50,20,20
1,6627,0.0003421336255717161,0.07821463092498722,0.30210139659375346,0.6193418388556876,50,20,20
1,6628,0.0003421336254072316,0.0782146309081535,0.30191529129513645,0.6195279441713031,50,20,20
1,6629,0.0003421336254072316,0.0782146309081535,0.30191529139813733,0.6195279440683022,50,20,20
1,6630,0.0003421336254072324,0.07821463090814995,0.30191285912992055,0.6195303763365225,50,20,20
1,6631,0.0003421336254072324,0.0782146309080967,0.30190586541413433,0.6195373700523621,50,20,20
1,6632,0.00034213506720404374,0.07821463089394373,0.301893409856048,0.6195498241828046,50,20,20
1,6633,0.00034213506720404374,0.0782146308939426,0.3018932429775258,0.6195499910613279,50,20,20
1,6634,0.000342135067204048,0.07821463089394498,0.30189178753501317,0.6195514465038381,50,20,20
1,6635,0.0003334027853492416,0.07821553610588623,0.30189963181658147,0.6195514292921833,50,20,20
1,6636,0.0003334027853492416,0.07821553610592837,0.3019078083750554,0.6195432527336674,50,20,20
1,6637,0.0003334027853492371,0.07821553610592831,0.30190782422145274,0.61954323688727,50,20,20
1,6638,0.0003334027860877958,0.07821553610608549,0.3013164972010726,0.6201345639067544,50,20,20
1,6639,0.0003334027860877953,0.07821553610608549,0.30131390966729416,0.6201371514405326,50,20,20
1,6640,0.00033340270812163425,0.07821558220436958,0.30241323091721933,0.6190377841702895,50,20,20
1,6641,0.00033340270812163425,0.07821558220432744,0.3024051358617743,0.6190458792257766,50,20,20
1,6642,0.0003334027081216341,0.07821558220432744,0.3023996758358169,0.6190513392517338,50,20,20
1,6643,0.00033340270812121813,0.07822046455965935,0.30238795303168553,0.619058179700534,50,20,20
1,6644,0.00033340270812121786,0.07822046455966308,0.3030928052516711,0.6183533274805445,50,20,20
1,6645,0.00033340270812121786,0.07822046455966307,0.3030926618742662,0.6183534708579494,50,20,20
1,6646,0.00033340270812121786,0.07822046455965934,0.3023877491265432,0.6190583836056763,50,20,20
1,6647,0.00033340282893377606,0.07822040681087009,0.30239604792488933,0.6190501424353068,50,20,20
1,6648,0.00033340409489385713,0.07294483396303607,0.3076714564339128,0.6190503055081573,50,20,20
1,6649,0.00033340409489385713,0.0729448339630334,0.3076717210147575,0.6190500409273152,50,20,20
1,6650,0.0003334040948938813,0.07294741167550281,0.3076691433025948,0.6190500409270082,50,20,20
1,6651,0.0003334040948938813,0.07294741167550278,0.30766907485326894,0.6190501093763341,50,20,20
1,6652,0.00033340409489387974,0.07294741167550278,0.30766686681802646,0.6190523174115766,50,20,20
1,6653,0.00033340409489387974,0.07294741167550278,0.3076663331092451,0.619052851120358,50,20,20
1,6654,0.00033340409489527066,0.07294741167550278,0.30791894792697244,0.6188002363026294,50,20,20
1,6655,0.007878558599487185,0.07294601352990916,0.30037476651656886,0.6188006613540342,50,20,20
1,6656,0.007878533564024485,0.07295049135084886,0.3003703117114199,0.6188006633737058,50,20,20
1,6657,0.007878533564024492,0.07295049135084906,0.3003704040328692,0.6188005710522563,50,20,20
1,6658,0.007878533564023826,0.07295049135103412,0.30062332639305855,0.6185476486918826,50,20,20
1,6659,0.007878533564023826,0.07295049135124348,0.32011680505399115,0.5990541700307405,50,20,20
1,6660,0.007878850801559078,0.07247975793663562,0.32055929295946584,0.5990820983023382,50,20,20
1,6661,0.007878850800823615,0.07247975793818165,0.3205619438984734,0.5990794473625202,50,20,20
1,6662,0.007878850800820519,0.07247975793647676,0.32055577329176144,0.5990856179709401,50,20,20
1,6663,0.007878850800821728,0.07247975793661325,0.3205592354883575,0.5990821557742063,50,20,20
1,6664,0.007878850800821728,0.07249205431897449,0.32054693910601967,0.599082155774183,50,20,20
1,6665,0.0078788508008232,0.07249205432182201,0.320548970937056,0.5990801239402977,50,20,20
1,6666,0.0078788508008232,0.07249205432182212,0.3205489754071985,0.599080119470155,50,20,20
1,6667,0.007878850799911517,0.07249205283596749,0.3202517489944852,0.5993773473696351,50,20,20
1,6668,0.007878850799911517,0.0724920528645343,0.320256275016208,0.5993728213193453,50,20,20
1,6669,0.007878850799911727,0.07249205286480545,0.3202593874298599,0.5993697089054222,50,20,20
1,6670,0.007878850799911727,0.07249205286480545,0.32025938690080435,0.5993697094344778,50,20,20
1,6671,0.007878850799911727,0.07249205286461735,0.3200063893333434,0.599622707002127,50,20,20
1,6672,0.007878850799995193,0.0724920528646176,0.3200752857516572,0.5995538105837296,50,20,20
1,6673,0.007878850799995394,0.0724920528647339,0.3200856063082172,0.5995434900270533,50,20,20
1,6674,0.007878850799995394,0.07249205286473394,0.3200858225336624,0.599543273801608,50,20,20
1,6675,0.007878850799995394,0.07249205286473394,0.320085823661199,0.5995432726740714,50,20,20
1,6676,0.007878850799995394,0.07249205283627742,0.3200894483642401,0.5995396479994868,50,20,20
1,6677,0.007878850799932415,0.07246169921909403,0.3201198061698727,0.5995396438111005,50,20,20
1,6678,0.007878849536505996,0.07969787627423347,0.31288379577313585,0.5995394784161239,50,20,20
1,6679,0.007878849536505795,0.07969787627443684,0.3128740027807085,0.599549271408348,50,20,20
1,6680,0.007878849580759075,0.08028821777665908,0.3113139304046762,0.600519002237905,50,20,20
1,6681,0.007878849580759118,0.08028821777665654,0.3113156202534314,0.6005173123891523,50,20,20
1,6682,0.007878849580759939,0.08028821777717322,0.3113196758428678,0.6005132567991985,50,20,20
1,6683,0.007878849971933027,0.08028700639905974,0.3113329135606434,0.600501230068363,50,20,20
1,6684,0.007878855611272896,0.06975576492919668,0.321864143977107,0.6005012354824225,50,20,20
1,6685,0.007878855611272896,0.06975576492589058,0.3217095294045714,0.6006558500582638,50,20,20
1,6686,0.007878855611271687,0.06975576492583423,0.32220225669727215,0.6001631227656207,50,20,20
1,6687,0.007878855611271478,0.06975576492556308,0.32219914815790146,0.6001662313052628,50,20,20
1,6688,0.007878855611271478,0.06975576492556342,0.3221997833316881,0.6001655961314758,50,20,20
1,6689,0.007878855611271478,0.06975576492556212,0.3221990039328746,0.6001663755302906,50,20,20
1,6690,0.007878855611271478,0.06975576492555911,0.3215411076197494,0.6008242718434189,50,20,20
1,6691,0.007878855611271478,0.06975186206659027,0.3215450104787296,0.6008242718434075,50,20,20
1,6692,0.007878855611271478,0.06975186206663174,0.32838679011212635,0.5939824922099687,50,20,20
1,6693,0.007878854169474668,0.06975186206624241,0.32838088284230743,0.5939884009219739,50,20,20
1,6694,0.007878854169475633,0.06975186206624497,0.3283833521304974,0.5939859316337806,50,20,20
1,6695,0.007878854169475608,0.067804796175043,0.3303304180217003,0.5939859316337794,50,20,20
1,6696,0.007878854169475608,0.067804796175043,0.3303302790179,0.5939860706375797,50,20,20
1,6697,0.007878854169475608,0.06780479617504291,0.33033036166595353,0.5939859879895263,50,20,20
1,6698,0.007878854169392144,0.06780479617504268,0.33026139556337974,0.5940549540921837,50,20,20
1,6699,0.007878854169392144,0.06780479617504274,0.3302654848250568,0.5940508648305066,50,20,20
1,6700,0.007878854169390636,0.06780479617465332,0.3299992457286066,0.5943171039273476,50,20,20
1,6701,0.026910939373239594,0.06780479486940572,0.3109671618289911,0.5943171039283618,50,20,20
1,6702,0.026910939360238945,0.06777574871365799,0.31099598284175883,0.5943173290843425,50,20,20
1,6703,0.026910939360237977,0.06777574871384356,0.311006499898109,0.5943068120278078,50,20,20
1,6704,0.026910939360236502,0.067775748720654,0.31101244134068323,0.5943008705784245,50,20,20
1,6705,0.026910939360236502,0.06777574872065387,0.31101271734398783,0.59430059457512,50,20,20
1,6706,0.026910939360236502,0.06777574872065519,0.31101275132043726,0.5943005605986693,50,20,20
1,6707,0.026910939360236502,0.06777574872065519,0.3110128286879493,0.5943004832311573,50,20,20
1,6708,0.026910939360236502,0.06777574938384957,0.31102983468540546,0.5942834765705071,50,20,20
1,6709,0.02691093936552925,0.06777574960700951,0.30877985597835167,0.596533455049108,50,20,20
1,6710,0.02691093936552925,0.06777574960711447,0.30193840281924816,0.6033749082081066,50,20,20
1,6711,0.02691093936552849,0.06777574960659805,0.30193440626768175,0.6033789047601901,50,20,20
1,6712,0.026910939365624404,0.06955546109110049,0.3001546947812771,0.6033789047619965,50,20,20
1,6713,0.026910939365624404,0.06955546108129734,0.3001427447370826,0.6033908548159942,50,20,20
1,6714,0.026910939345659423,0.06896513202614178,0.3069460296674709,0.5971778989607256,50,20,20
1,6715,0.026910939345659423,0.06896513202595363,0.306933181080817,0.5971907475475677,50,20,20
1,6716,0.026910939345744594,0.0689651320260792,0.30693391636354067,0.5971900122646333,50,20,20
1,6717,0.02691093934574459,0.06896513202607917,0.30693911678696073,0.5971848118412133,50,20,20
1,6718,0.02691093934574459,0.06896513202607932,0.30693914930213306,0.5971847793260409,50,20,20
1,6719,0.026910939345820468,0.06896513194956548,0.3069302699932078,0.5971936587114038,50,20,20
1,6720,0.026910939345820468,0.06896513194956544,0.30693028200697126,0.5971936466976405,50,20,20
1,6721,0.026901122312615332,0.06896513194124947,0.30694009936596894,0.597193646380164,50,20,20
1,6722,0.026901122312615332,0.06896513194124956,0.306954060700816,0.5971796850453168,50,20,20
1,6723,0.02690112231261535,0.06896513194125813,0.3072399946905419,0.5968937510555823,50,20,20
1,6724,0.02690112231261535,0.06896513194125962,0.30724017332448395,0.5968935724216388,50,20,20
1,6725,0.026585283243218377,0.06896513140455504,0.3075461335696449,0.5969034517825793,50,20,20
1,6726,0.026585283243218363,0.06896513142136923,0.3080850271168823,0.5963645582185277,50,20,20
1,6727,0.026585283243224705,0.08721607456290839,0.28984104033853053,0.5963576018553343,50,20,20
1,6728,0.026585283243224705,0.08721607456294306,0.2898485674941282,0.596350074699702,50,20,20
1,6729,0.026593856498720255,0.08721607451583614,0.28983999770212043,0.5963500712833215,50,20,20
1,6730,0.02659385649872026,0.08721607385429583,0.2898280374899208,0.5963620321570614,50,20,20
1,6731,0.02659385649872027,0.08721607385424973,0.2898213205427498,0.5963687491042784,50,20,20
1,6732,0.026593856498720272,0.08721607385426429,0.2898259526040405,0.5963641170429732,50,20,20
1,6733,0.026593856493446855,0.08721607362591344,0.28389043045348467,0.6022996394271533,50,20,20
1,6734,0.026593856691052145,0.08721607334892044,0.28389015704504084,0.6022999129149849,50,20,20
1,6735,0.007574633981589449,0.08721613866117545,0.3029092098643216,0.6023000174929123,50,20,20
1,6736,0.007574633981592737,0.08721613866162542,0.3029105996581843,0.6022986276985965,50,20,20
1,6737,0.007574633981592737,0.08721889200151926,0.30290784631532314,0.6022986277015638,50,20,20
1,6738,0.007574633981592737,0.08721889200152207,0.3029077788556604,0.6022986951612238,50,20,20
1,6739,0.007574633981592737,0.0872188920012025,0.3029075451768845,0.6022989288403193,50,20,20
1,6740,0.007574633981592737,0.08721889200113248,0.302411678664956,0.6027947953523178,50,20,20
1,6741,0.007574628352593101,0.08555747234757964,0.3040731093370812,0.6027947899627448,50,20,20
1,6742,0.007567216226029116,0.08555676240001349,0.3073326310019872,0.5995433903719686,50,20,20
1,6743,0.007567216226029116,0.08555676240001349,0.30733262435286185,0.5995433970210939,50,20,20
1,6744,0.007567216226029117,0.08555676240004137,0.30747465295548837,0.5994013684184393,50,20,20
1,6745,0.01029188859819951,0.08567268735913512,0.3046989857968494,0.5993364382458151,50,20,20
1,6746,0.01029188859819951,0.08567268735912949,0.30469891320468173,0.5993365108379882,50,20,20
1,6747,0.010291914238582792,0.07845574374725452,0.3119158311739048,0.599336510840256,50,20,20
1,6748,0.010291914256122253,0.07845484706723177,0.31191672911108975,0.5993365095655541,50,20,20
1,6749,0.010291914256122253,0.07845484706723177,0.3119167290636473,0.5993365096129966,50,20,20
1,6750,0.009301604515616992,0.07833896402588915,0.3130202609352419,0.5993391705232498,50,20,20
1,6751,0.009301604318008442,0.0783389639653005,0.31301331106190605,0.599346120654783,50,20,20
1,6752,0.009301604318008442,0.07833896396530018,0.3130128313881109,0.5993466003285784,50,20,20
1,6753,0.009301604318008442,0.07833896396530021,0.31301294162111126,0.5993464900955783,50,20,20
1,6754,0.009301609359025948,0.07833910110844101,0.3127192807035979,0.599640008828933,50,20,20
1,6755,0.009301609362473267,0.07833910109425395,0.312063406915404,0.6002958826278667,50,20,20
1,6756,0.009301609362473262,0.07833910111908074,0.31208107220448644,0.6002782173139576,50,20,20
1,6757,0.009301293025213472,0.07847727320999363,0.3119628262324035,0.6002586075323872,50,20,20
1,6758,0.009301293025213472,0.07847727320999359,0.3119626300838303,0.6002588036809606,50,20,20
1,6759,0.009301293025213469,0.07847727320992938,0.31196118609497936,0.6002602476698758,50,20,20
1,6760,0.009301293025213469,0.07847727318510848,0.31194418088883785,0.6002772529008383,50,20,20
1,6761,0.009301293025212078,0.07847727318510926,0.3116916918810233,0.6005297419086534,50,20,20
1,6762,0.00930129301499885,0.07844414650762067,0.3117248160032343,0.6005297444741442,50,20,20
1,6763,0.00930129301499885,0.0784441465076215,0.3117248582779301,0.6005297021994476,50,20,20
1,6764,0.009301293014998947,0.0784441465163273,0.3117362292658853,0.6005183312027864,50,20,20
1,6765,0.009301293015000335,0.08516272846625166,0.30474153000733656,0.6007944485114095,50,20,20
1,6766,0.00930129301492437,0.08516272846583972,0.3049401398251658,0.6005958386940682,50,20,20
1,6767,0.001989064893531676,0.08516273026453082,0.31225279086729396,0.6005954139746431,50,20,20
1,6768,0.0019890648934357646,0.08361021330294846,0.3138053034926342,0.6005954183109812,50,20,20
1,6769,0.0019764024885987486,0.08361015233457116,0.31331509105798955,0.60109835411884,50,20,20
1,6770,0.0019764024885987486,0.08361015233456667,0.31331483730081,0.601098607876024,50,20,20
1,6771,0.0019764024885987486,0.08361015233442032,0.3133144806017205,0.60109896457526,50,20,20
1,6772,0.0019764098498149243,0.08361013951455856,0.31338621888725404,0.6010272317483714,50,20,20
1,6773,0.0021662085269459007,0.08361001731790642,0.31338581757915684,0.6008379565759897,50,20,20
1,6774,0.0021662085269459007,0.08361001731790763,0.31338189967760954,0.6008418744775359,50,20,20
1,6775,0.0021662085269458574,0.0836100173179115,0.31337702816311036,0.6008467459920314,50,20,20
1,6776,0.0021662085234985394,0.08361001731527602,0.313211683520629,0.6010120906405955,50,20,20
1,6777,0.002166208523502211,0.08361001731531266,0.3132206395043768,0.6010031346568073,50,20,20
1,6778,0.002357041393923517,0.0836100173254612,0.31302980665063274,0.6010031346299817,50,20,20
1,6779,0.0023570410029504453,0.08361109705761292,0.3130166742800269,0.6010151876594082,50,20,20
1,6780,0.0023570410029504453,0.08361109705761381,0.31301665273237006,0.6010152092070641,50,20,20
1,6781,0.002171081062586677,0.08361108269131348,0.31330745194313886,0.6009103843029596,50,20,20
1,6782,0.011208540249903491,0.08361127927509031,0.304269654755823,0.6009105257191808,50,20,20
1,6783,0.0112085402499035,0.08361127927506994,0.30427000408851756,0.6009101763865066,50,20,20
1,6784,0.0112085402536127,0.08333691915069613,0.30454436420979086,0.6009101763858979,50,20,20
1,6785,0.011208342242292191,0.08333744899337336,0.2923548292678451,0.6130993794964877,50,20,20
1,6786,0.009474070280299814,0.08333967012697643,0.2940879701431275,0.6130982894495947,50,20,20
1,6787,0.009474070289607239,0.08333967012757712,0.294091401248614,0.6130948583342002,50,20,20
1,6788,0.009474070289607239,0.08333967012757734,0.29409143658662806,0.6130948229961859,50,20,20
1,6789,0.00947407028960746,0.08333967012757734,0.29409461316777835,0.6130916464150353,50,20,20
1,6790,0.009474070289590665,0.0833396701274542,0.2979752365384783,0.609211023044475,50,20,20
1,6791,0.009474070289590665,0.08338276921264243,0.2979321374532906,0.6092110230444745,50,20,20
1,6792,0.009474070289590665,0.0833827692126426,0.29793225173113735,0.6092109087666276,50,20,20
1,6793,0.009474070289590665,0.08338276921261482,0.29779566798124973,0.609347492516543,50,20,20
1,6794,0.009474070289590665,0.083382769212614,0.2977955411870179,0.6093476193107756,50,20,20
1,6795,0.009474070289590665,0.08338276921261376,0.2977954895264512,0.6093476709713426,50,20,20
1,6796,0.009474069389243065,0.08336523557979153,0.2978123510107585,0.6093483440202049,50,20,20
1,6797,0.009474069385533863,0.08364088876191678,0.2975366978347006,0.6093483440178467,50,20,20
1,6798,0.009474120798940775,0.08361524037819418,0.29756229342376556,0.6093483453990979,50,20,20
1,6799,0.009474120798940902,0.08361524037851736,0.29780815081209955,0.6091024880104403,50,20,20
1,6800,0.009473928772388408,0.08361297559343114,0.2978122167761246,0.609100878858054,50,20,20
1,6801,0.009473928772388408,0.08361297559343023,0.2978121628593355,0.6091009327748442,50,20,20
1,6802,0.009473928772389239,0.08361297559360298,0.2978845200462721,0.6090285755877339,50,20,20
1,6803,0.00042864891129466175,0.08361277943770214,0.3065382712552609,0.6094203003957405,50,20,20
1,6804,0.0004286489112913766,0.08361277943725214,0.3065369196632797,0.6094216519881751,50,20,20
1,6805,0.0004286505377949995,0.0770177192555247,0.3134155463974122,0.609138083809266,50,20,20
1,6806,0.0004286505377950017,0.07701771926845011,0.31347170469098884,0.6090819255027641,50,20,20
1,6807,0.0004286505377949997,0.07701771926689539,0.3134762909397662,0.6090773392555409,50,20,20
1,6808,0.0004344753929402524,0.07701857092668007,0.31347599702297857,0.6090709566573986,50,20,20
1,6809,0.0004344753929402524,0.07701857092668005,0.31347620864276365,0.6090707450376135,50,20,20
1,6810,0.00043447539293658076,0.07701857092664334,0.3134672773703527,0.6090796763100649,50,20,20
1,6811,0.00043447539293657843,0.07701857092688764,0.3137287889989699,0.6088181646812035,50,20,20
1,6812,0.0004344753929365765,0.07701857092688162,0.31352651506687534,0.609020438613304,50,20,20
1,6813,0.0004344753929365761,0.07701857092688223,0.31353535822832934,0.6090115954518494,50,20,20
1,6814,0.0005101531963396557,0.07701878676667201,0.313459429507934,0.6090116305290518,50,20,20
1,6815,0.0005101531963396559,0.07701878676667201,0.3134593968400552,0.6090116631969306,50,20,20
1,6816,0.0005101531963396702,0.07860152897028025,0.31187665897440625,0.6090116588589712,50,20,20
1,6817,0.0005101531963395739,0.07860152896157367,0.31186528760113613,0.6090230302409482,50,20,20
1,6818,0.0005101531963395739,0.07860152896157248,0.3118654148016671,0.6090229030404185,50,20,20
1,6819,0.0005101531963395737,0.0786015289626243,0.31215460400238226,0.6087337138386515,50,20,20
1,6820,0.0005101531963395665,0.0786015289496989,0.3121059972354167,0.6087823206185424,50,20,20
1,6821,0.0005101531963395665,0.07860025517306483,0.31210727101205094,0.6087823206185423,50,20,20
1,6822,0.0005101531963395663,0.0786002551720211,0.31183162808561293,0.6090579635460242,50,20,20
1,6823,0.0005101531963395664,0.07860025517201272,0.3118177998216559,0.6090717918099896,50,20,20
1,6824,0.0012809253738893334,0.07860025474409692,0.31143889427545807,0.6086799256065533,50,20,20
1,6825,0.0012809253738173695,0.07861605417705307,0.311423097260545,0.6086799231885821,50,20,20
1,6826,0.0012809253738173703,0.07861605417705296,0.3114243236336592,0.608678696815468,50,20,20
1,6827,0.0012809253737383547,0.07841923879707592,0.31162113905166117,0.6086786967775221,50,20,20
1,6828,0.0012809672923464216,0.0784189603128287,0.31162105270137364,0.6086790196934492,50,20,20
1,6829,0.001280967292346418,0.07841896031282468,0.3116206945055387,0.608679377889288,50,20,20
1,6830,0.0012809672926948118,0.07840194922994446,0.31162907778205523,0.6086880056953033,50,20,20
1,6831,0.0012809672926946858,0.07840194923154153,0.3113840882473717,0.6089329952283898,50,20,20
1,6832,0.0012809672926951956,0.07840194923217615,0.3113895613595253,0.6089275221156012,50,20,20
1,6833,0.0012809672926951956,0.07840194923207676,0.31137992978938334,0.6089371536858426,50,20,20
1,6834,0.0012809672926951956,0.07482368869878651,0.314958190322608,0.6089371536859073,50,20,20
1,6835,0.0012809672926951893,0.0748236886987865,0.3149527069264954,0.60894263708202,50,20,20
1,6836,0.0012809656674296237,0.07615328031905888,0.31362311582323943,0.6089426381902691,50,20,20
1,6837,0.001280965667429411,0.07615328031906955,0.31362534061929837,0.6089404133941997,50,20,20
1,6838,0.0012809656581221085,0.07615328031847474,0.31362348284380415,0.6089422711795962,50,20,20
1,6839,0.0012809656581221072,0.07615328031655702,0.31361709576917024,0.6089486582561479,50,20,20
1,6840,0.0012809656581221087,0.07615328031662073,0.3137413278130026,0.6088244262122517,50,20,20
1,6841,0.0005094628610920749,0.07615459617744463,0.3145115146885491,0.6088244262729112,50,20,20
1,6842,0.000509385812245601,0.0761545806152602,0.3145098721784086,0.6088261613940829,50,20,20
1,6843,0.0005093858118973492,0.076135040207189,0.31453804034126925,0.6088175336396416,50,20,20
1,6844,0.0005093858119033591,0.07613504020845624,0.31453825282145753,0.6088173211581802,50,20,20
1,6845,0.0005093858119033598,0.07613504811751928,0.3147072288326482,0.6086483372379266,50,20,20
1,6846,0.0005093858119059197,0.07613504813558893,0.3108395474030982,0.6125160186494041,50,20,20
1,6847,0.0005055601770407976,0.07613504755568279,0.3108230796210011,0.6125363126462731,50,20,20
1,6848,0.0005055601770407976,0.07613504755568132,0.31081408576482766,0.612545306502448,50,20,20
1,6849,0.0005055601770411363,0.07618318976915264,0.31076594355153975,0.6125453065022642,50,20,20
1,6850,0.0005055601770429945,0.05734804100451339,0.329601092209558,0.6125453066088847,50,20,20
1,6851,0.0005056475894024409,0.05734971150652402,0.32960104585763433,0.6125435950464386,50,20,20
1,6852,0.0005056245562088224,0.057348791796860296,0.32960198868189783,0.6125435949650323,50,20,20
1,6853,0.0005056245562088226,0.05734879179686034,0.3296143769683457,0.6125312066785844,50,20,20
1,6854,0.0005056245562088227,0.05734879179686863,0.32963153572482284,0.6125140479220987,50,20,20
1,6855,0.0005056245562088225,0.05734879179686845,0.32962623487875314,0.6125193487681687,50,20,20
1,6856,0.0005056245562088225,0.05734879179686827,0.3296261236026637,0.6125194600442583,50,20,20
1,6857,0.0005056245562088224,0.05734879179686789,0.32962600634371564,0.6125195773032067,50,20,20
1,6858,0.0005056245562088224,0.05734879179686521,0.32962579548965165,0.6125197881572734,50,20,20
1,6859,0.0005056245562088224,0.05734879179686522,0.32962569421103377,0.6125198894358913,50,20,20
1,6860,0.0005056245562447678,0.05734879179686818,0.32962838988711946,0.6125171937597667,50,20,20
1,6861,0.0005056245562447678,0.05734879179686865,0.32962501933678345,0.6125205643101023,50,20,20
1,6862,0.0005056245562447923,0.0573487917968759,0.32961272162931926,0.6125328620175591,50,20,20
1,6863,0.0005204766810579164,0.057349347251939485,0.3295959178208044,0.6125342582461973,50,20,20
1,6864,0.0005204766810579164,0.05734934725190602,0.3295883055182931,0.612541870548742,50,20,20
1,6865,0.0005204766810579162,0.05734934725190952,0.32958818746799023,0.6125419885990413,50,20,20
1,6866,0.000520476681057794,0.05734934725223916,0.32960219255697354,0.6125279835097285,50,20,20
1,6867,0.0005204347469493826,0.05734899704842888,0.3296029076111528,0.6125276605934673,50,20,20
1,6868,0.00028732793214801186,0.0573489947620925,0.3298360109089616,0.612527666396796,50,20,20
1,6869,0.0002872407144325329,0.05738032479732425,0.32947185932516126,0.61286057516308,50,20,20
1,6870,0.0006737649509897469,0.057476572830357016,0.3289889261926309,0.6128607360260213,50,20,20
1,6871,0.0006737649509897469,0.057476572830357196,0.3289889986683124,0.6128606635503399,50,20,20
1,6872,0.0006737649513754469,0.05747657284206132,0.32909784093357497,0.6127518212729873,50,20,20
1,6873,0.0001416489416668578,0.05738033641783795,0.32972635400609773,0.6127516606343965,50,20,20
1,6874,0.00014164894352784166,0.058784460320048755,0.32833031829464654,0.6127435724417755,50,20,20
1,6875,0.0001416306796514808,0.05886146694703818,0.3282734169008234,0.6127234854724855,50,20,20
1,6876,0.00014163067965154775,0.05886146694703848,0.3338346581264374,0.607162244246871,50,20,20
1,6877,0.00014163067965154775,0.05886146694703873,0.3338365586737021,0.6071603436996063,50,20,20
1,6878,0.001785262536271896,0.058861465742586896,0.33219292802150335,0.6071603436996365,50,20,20
1,6879,0.0017400143072748404,0.05886145846150562,0.3322243361688323,0.6071741910623859,50,20,20
1,6880,0.0017400143072748404,0.05886145846150567,0.3322243509434078,0.6071741762878103,50,20,20
1,6881,0.0017400143070831415,0.05886040629387266,0.3251598537016435,0.6142397256973997,50,20,20
1,6882,0.0017400143070789873,0.053686019839711385,0.33033424425242275,0.6142397216007861,50,20,20
1,6883,0.0017400143069938125,0.05368601983962194,0.3303400096149955,0.6142339562383881,50,20,20
1,6884,0.0017400143069963394,0.053686019941285856,0.33068269878721357,0.6138912669645037,50,20,20
1,6885,0.0017400143069955085,0.05368601994111311,0.33061034398429456,0.6139636217675961,50,20,20
1,6886,0.0017400143069955364,0.05368601995497443,0.3308697595336492,0.6137042062043802,50,20,20
1,6887,0.0017400143069955384,0.053686019954730116,0.3306210995400411,0.6139528661982324,50,20,20
1,6888,0.001740014306995539,0.05368601995473009,0.33062113802248966,0.6139528277157842,50,20,20
1,6889,0.0017400143069904459,0.05368601993688188,0.33060957396495316,0.6139643917911741,50,20,20
1,6890,0.0017400143069904437,0.05368601993707465,0.33060982221818896,0.6139641435377456,50,20,20
1,6891,0.0017400143069905016,0.05368601995324853,0.330842511864769,0.6137314538749916,50,20,20
1,6892,0.0017596152486793557,0.05368534773482561,0.3308217871118154,0.613733249904678,50,20,20
1,6893,0.00011616628378758219,0.05368534464602182,0.3321499449953413,0.6140485440748479,50,20,20
1,6894,0.00011598357871184635,0.05368534463917118,0.3324654053700185,0.613733266412097,50,20,20
1,6895,0.00011598357871184814,0.053685344638979345,0.33245238986300285,0.6137462819193046,50,20,20
1,6896,0.00011598357871182342,0.053685344639018535,0.33245481132770544,0.613743860454563,50,20,20
1,6897,0.00011598357871182333,0.05368534464950935,0.33245069618611167,0.613747975585666,50,20,20
1,6898,0.00011598357871182326,0.0536853446495095,0.33245075670952723,0.6137479150622503,50,20,20
1,6899,0.0001159835787058035,0.053685344648231596,0.332445189248253,0.6137534825248084,50,20,20
1,6900,0.00011598358060285521,0.05368314597602887,0.33244738797015944,0.6137534824732076,50,20,20
1,6901,0.0001159831490946119,0.05521761077495103,0.3309129244951986,0.6137534815807547,50,20,20
1,6902,0.00011598314909461115,0.05521760286588817,0.33074937651471364,0.6139170374703025,50,20,20
1,6903,0.00011598314909461135,0.055217602865841736,0.3307495025393846,0.613916911445678,50,20,20
1,6904,0.00011598314909455057,0.055217602865846524,0.3307496775477424,0.6139167364373153,50,20,20
1,6905,0.00011598314909455181,0.0552176028658468,0.33074972873844116,0.6139166852466162,50,20,20
1,6906,0.0001159831490945518,0.05521760286584614,0.33074973787165957,0.6139166761133982,50,20,20
1,6907,0.0001159831490945518,0.05521760286583998,0.3307497467420702,0.6139166672429939,50,20,20
1,6908,0.0001159831490945111,0.05521760285240509,0.33051074526489266,0.6141556687336063,50,20,20
1,6909,0.00011598314870881102,0.05521760284069978,0.33040175740056166,0.6142646566100285,50,20,20
1,6910,0.00011598315037797224,0.05521760314152791,0.3304981879273688,0.6141682257807239,50,20,20
1,6911,0.00011598315037797744,0.05521760314162469,0.33050515082315907,0.614161262884837,50,20,20
1,6912,0.0001159831503774704,0.05521760314099052,0.330501613952703,0.614164799755928,50,20,20
1,6913,0.0001159831503774704,0.055217603141234084,0.34523781587160246,0.599428597836785,50,20,20
1,6914,0.0005027320350167036,0.05521742044246526,0.34485124522878846,0.5994286022937279,50,20,20
1,6915,0.0005027320350167036,0.05521742044246529,0.3448514155727128,0.5994284319498033,50,20,20
1,6916,0.0005027320360333125,0.05514544454499501,0.34492349293704544,0.5994283304819238,50,20,20
1,6917,0.0005027320360333099,0.05514544456510117,0.34494247425931446,0.5994093491395486,50,20,20
1,6918,0.0005027320360333099,0.055145444565082524,0.3449380027955636,0.5994138206033183,50,20,20
1,6919,0.0005027320360333085,0.05514544456510052,0.3448205630981393,0.5995312603007246,50,20,20
1,6920,0.0005027320360333085,0.05514544456510053,0.3448276974763261,0.5995241259225379,50,20,20
1,6921,0.0005027320360249892,0.05514549524302205,0.33253870691118886,0.6118130658097617,50,20,20
1,6922,0.00047728780011925347,0.05514532711285594,0.32261006084990046,0.6217673242371223,50,20,20
1,6923,0.00047728780011925347,0.055145327112856045,0.33442410775993897,0.6099532773270832,50,20,20
1,6924,0.00047728780011925347,0.05514532711262664,0.33441963987313267,0.609957745214119,50,20,20
1,6925,0.0004772878001192532,0.055145327112626645,0.33441975989148015,0.6099576251957716,50,20,20
1,6926,0.0004772857204972183,0.055144793514937174,0.3275715828061266,0.6168063379584369,50,20,20
1,6927,0.0004772857210122098,0.05514503852792831,0.3471546255968437,0.5972230501542135,50,20,20
1,6928,0.0004772857210122098,0.05872275459996499,0.3435769095248479,0.5972230501541727,50,20,20
1,6929,0.0004772857210122098,0.05872275459962946,0.3435613334341248,0.5972386262452314,50,20,20
1,6930,0.000477285721012226,0.0587227545996294,0.3435611822950909,0.5972387773842653,50,20,20
1,6931,0.0004772857208269388,0.058722754009458325,0.3431022903635375,0.597697669906175,50,20,20
1,6932,0.00048386488520946186,0.05872275500804501,0.34309572670711086,0.5976976533996331,50,20,20
1,6933,0.00048386488520946186,0.058722755008044844,0.3430955240976346,0.5976978560091094,50,20,20
1,6934,0.00048386488517351644,0.0587227550080418,0.3430928250577858,0.5977005550489973,50,20,20
1,6935,0.00048386488517352896,0.05872275500830349,0.34309152035204427,0.5977018597544772,50,20,20
1,6936,0.0004839207043668062,0.05870711320772281,0.3431071065237059,0.5977018595642035,50,20,20
1,6937,0.0004839205148958136,0.058674124188607964,0.34279681216623037,0.5980451431302656,50,20,20
1,6938,0.00048392051489581385,0.05867412418860798,0.3428012362412089,0.598040719055287,50,20,20
1,6939,0.000483920516918228,0.058674124434409905,0.3509866837832289,0.5898552712654425,50,20,20
1,6940,0.00048392051691819996,0.05867412442054816,0.35072536046258607,0.590116594599947,50,20,20
1,6941,0.0004839205169189417,0.05867412442055138,0.350778635825632,0.5900633192368973,50,20,20
1,6942,0.0004839205169189439,0.058674124420553773,0.35078934726310285,0.590052607799424,50,20,20
1,6943,0.000483920503918071,0.058674529654996685,0.3514650317959989,0.589376518045086,50,20,20
1,6944,0.000483920503918071,0.05867452965516521,0.35900242301539215,0.5818391268255239,50,20,20
1,6945,0.00048392050391809176,0.0586745296446661,0.35898934082945944,0.5818522090219557,50,20,20
1,6946,0.0004839205039180896,0.058674529644663735,0.3589787053166914,0.5818628445347261,50,20,20
1,6947,0.00048392050391808243,0.05867452964432049,0.3637711352899798,0.5770704145617809,50,20,20
1,6948,0.00048392050391808265,0.058674529644324326,0.3591981872680374,0.5816433625837195,50,20,20
1,6949,0.00048392050391808265,0.05867452964432432,0.3591981861324494,0.5816433637193076,50,20,20
1,6950,0.00048392050391801565,0.05867452964432478,0.3536397978646778,0.5872017519870792,50,20,20
1,6951,0.00048392050391801565,0.0586745296443248,0.35363979944721635,0.5872017504045407,50,20,20
1,6952,0.00048392050224632763,0.05867452924183269,0.3531872878051795,0.5876542624507415,50,20,20
1,6953,0.00048392050224632763,0.058674529221726085,0.3531662939557427,0.5876752563202849,50,20,20
1,6954,0.00048392050224632763,0.058674529221730234,0.35315940363188875,0.5876821466441348,50,20,20
1,6955,0.0004839204408710511,0.05870109352402784,0.35313283939100965,0.5876821466440911,50,20,20
1,6956,0.00048392081697931194,0.058706870904916705,0.3535383421590376,0.587270866119066,50,20,20
1,6957,0.00048392092900908026,0.058966382262850274,0.35327883133377086,0.5872708654743692,50,20,20
1,6958,0.00048392092900908026,0.05896638226284612,0.3532786427582301,0.5872710540499141,50,20,20
1,6959,0.00048392092900908173,0.058966382262678384,0.3457412251963226,0.5948084716119894,50,20,20
1,6960,2.149985383479669e-05,0.059061864527275694,0.3461082108999654,0.5948084247189235,50,20,20
1,6961,2.149985383479652e-05,0.059061864527275694,0.34610857004817247,0.5948080655707164,50,20,20
1,6962,2.1499853834790718e-05,0.0590618645272717,0.3458836033955162,0.5950330322233767,50,20,20
1,6963,2.1499853834830657e-05,0.05578123780512085,0.3491642299319598,0.5950330324090838,50,20,20
1,6964,2.1499862278769304e-05,0.05474333777763379,0.35020213520759974,0.5950330271524867,50,20,20
1,6965,2.1499862303448635e-05,0.05474333817706474,0.35630012577296716,0.5889350361876639,50,20,20
1,6966,2.1499862303448652e-05,0.05474333817706469,0.35651552865152913,0.5887196333091016,50,20,20
1,6967,2.1499866646442427e-05,0.05474333817719508,0.3565179197531069,0.5887172422030504,50,20,20
1,6968,2.1499866646442522e-05,0.05474333817719513,0.3565178609553517,0.5887173010008057,50,20,20
1,6969,2.1499866646442197e-05,0.05474333817719817,0.35652609877065716,0.5887090631854973,50,20,20
1,6970,2.1499866646450173e-05,0.05474333817719815,0.3565261442319894,0.5887090177241648,50,20,20
1,6971,2.1444058136318096e-05,0.0547433711590452,0.35652616705479206,0.5887090177280252,50,20,20
1,6972,2.1444058136318086e-05,0.05474337115904506,0.35631683137935766,0.5889183534034597,50,20,20
1,6973,2.144405813631809e-05,0.05474337117425149,0.3563191504348864,0.5889160343327244,50,20,20
1,6974,2.1443944872619282e-05,0.07167341656855447,0.33938881912771246,0.5889163203588591,50,20,20
1,6975,0.004588803582648517,0.07167286111869148,0.33482341114291814,0.5889149241557408,50,20,20
1,6976,0.00458222760995327,0.07167296584131998,0.33482112913663764,0.5889236774120876,50,20,20
1,6977,0.00458222760995327,0.07167296584132578,0.33482117265545747,0.5889236338932622,50,20,20
1,6978,0.004582227609953274,0.07167296584130828,0.3348190571107768,0.5889257494379604,50,20,20
1,6979,0.004582227609953234,0.07492668708995988,0.3315653360478316,0.588925749252254,50,20,20
1,6980,0.004582227609953217,0.07492668708722088,0.33156224832789943,0.5889288369749253,50,20,20
1,6981,0.004610961512968088,0.07492668501133164,0.33154736400942375,0.588914989466275,50,20,20
1,6982,0.004610961627954186,0.07492668643535538,0.3353529186026762,0.5851094333340126,50,20,20
1,6983,0.004610962023199175,0.06745409632739395,0.3428253639554109,0.5851095776939946,50,20,20
1,6984,0.004610962711115968,0.06745409680717128,0.33685666958920213,0.5910782708925091,50,20,20
1,6985,0.004610962711115968,0.0674540968080666,0.336963307586349,0.5909716328944669,50,20,20
1,6986,0.004610962711115968,0.06745409680806659,0.33696330464620977,0.5909716358346061,50,20,20
1,6987,0.004610962711115968,0.06745409680806659,0.33696320428749266,0.5909717361933233,50,20,20
1,6988,0.0046109627111159636,0.06745409680806659,0.3369632072696324,0.5909717332111836,50,20,20
1,6989,0.0046109627111159636,0.06745409680716884,0.336843973966424,0.5910909665152897,50,20,20
1,6990,0.004610962711115964,0.0674540968075866,0.3370531120651433,0.5908818284161527,50,20,20
1,6991,0.004610962711115964,0.06745409680760543,0.33734858180355054,0.5905863586777267,50,20,20
1,6992,0.004610962596129867,0.06745409538358171,0.33354308118143244,0.5943918608388546,50,20,20
1,6993,0.004610962219538141,0.07209540336911446,0.3289017759956856,0.5943918584156601,50,20,20
1,6994,0.004610962219538139,0.07209540336911355,0.3289016526146301,0.5943919817967164,50,20,20
1,6995,0.004613237726660699,0.07159905367512667,0.32938571726792837,0.5944019913302829,50,20,20
1,6996,0.004613237726660699,0.07159905367534813,0.3293992654513265,0.5943884431466634,50,20,20
1,6997,0.004613237726660699,0.07159905367534826,0.3293967458244486,0.5943909627735412,50,20,20
1,6998,0.004613237726660699,0.07159897539336654,0.3287641877383694,0.5950235991416023,50,20,20
1,6999,0.004613237726660798,0.07159897541405641,0.32877251761411236,0.5950152692451696,50,20,20
1,7000,0.004613237739472763,0.07157201536665304,0.328799213357155,0.5950155335367179,50,20,20
1,7001,0.004613237739472665,0.07157201535567437,0.3288028429389173,0.5950119039659344,50,20,20
1,7002,0.004613320940577994,0.0715719433433805,0.3288115823353334,0.5950031533807068,50,20,20
1,7003,0.004613320940547051,0.06860823851362595,0.33177528716477483,0.5950031533810509,50,20,20
1,7004,0.004613320938649844,0.06875766655036566,0.33162585912993264,0.5950031533810507,50,20,20
1,7005,0.00461332094644676,0.06875766656662154,0.33642359804822386,0.5902054144387052,50,20,20
1,7006,0.004613320946446825,0.0687576666850837,0.33643558996339124,0.5901934224050756,50,20,20
1,7007,0.00461332094644848,0.06878224956374593,0.336411007084724,0.590193422405079,50,20,20
1,7008,0.004613320946448481,0.06878224956374533,0.3364109829734514,0.5901934465163522,50,20,20
1,7009,0.004613320946448481,0.06878224956374422,0.3366267051152074,0.5899777243745973,50,20,20
1,7010,0.0046133208409591155,0.06878223820387581,0.32689261686767823,0.5997118240874849,50,20,20
1,7011,0.004613320844024684,0.06877769399352385,0.32689726982903905,0.5997117153334098,50,20,20
1,7012,0.004613320844024685,0.06877769399352385,0.3268973046995663,0.5997116804628825,50,20,20
1,7013,0.004613320836567857,0.06877861665206328,0.3266123118826448,0.5999957506287213,50,20,20
1,7014,0.00461357174592249,0.06877984113327824,0.3163088210925063,0.6102977660282901,50,20,20
1,7015,0.004611319604188231,0.06877962664279902,0.31632108295744993,0.6102879707955597,50,20,20
1,7016,0.004611319604186576,0.06878323278755843,0.31631747681269623,0.6102879707955556,50,20,20
1,7017,0.004611319604186576,0.06878323278755856,0.3163174039094263,0.6102880436988257,50,20,20
1,7018,0.004611308259017378,0.06868772287100151,0.31641292652832154,0.6102880423416562,50,20,20
1,7019,0.004611313666415281,0.06868771701850504,0.3164129269765937,0.6102880423384828,50,20,20
1,7020,0.0046112902877428604,0.08579957073240045,0.29930131094248535,0.6102878280373685,50,20,20
1,7021,0.00461129028741073,0.08579864933583754,0.2995256369323117,0.6100644234444372,50,20,20
1,7022,0.004611290287410729,0.08579864933583708,0.2995255122621801,0.610064548114569,50,20,20
1,7023,0.00461130173889643,0.08771801079967835,0.2976061393512779,0.6100645481101439,50,20,20
1,7024,0.0046113017388969705,0.08771801082371254,0.3060984051821229,0.601572282255264,50,20,20
1,7025,0.023980395181671298,0.08771800854943831,0.28672931409622743,0.6015722821726599,50,20,20
1,7026,0.023980394493729826,0.0877180076702302,0.2866000246066364,0.6017015732294005,50,20,20
1,7027,0.023980394493729826,0.08771800766051902,0.28658810632833787,0.6017134915174104,50,20,20
1,7028,0.023980394493729826,0.08771800766086717,0.2866032778429966,0.6016983200024035,50,20,20
1,7029,0.02398039188944621,0.08772033842942825,0.28660036496923935,0.6016989047118833,50,20,20
1,7030,0.02398039188944621,0.08772033842943261,0.28660053571007055,0.6016987339710478,50,20,20
1,7031,0.02398039188944621,0.08772033842902209,0.2865530532440056,0.6017462164375234,50,20,20
1,7032,0.02398039188944621,0.08772033842902716,0.29571955311554016,0.5925797165659836,50,20,20
1,7033,0.0239803918894469,0.08772033843867699,0.28673437611222646,0.6015648935596468,50,20,20
1,7034,0.023980391885103904,0.08772033843854582,0.28673189832625584,0.6015673713500916,50,20,20
1,7035,0.023980391885103907,0.08772033843831963,0.2867182959533652,0.6015809737232085,50,20,20
1,7036,0.023980391885103914,0.08772033845670453,0.2867333664413574,0.6015659032168316,50,20,20
1,7037,0.023980392633307583,0.08775857461119126,0.28669512952396,0.6015659032315382,50,20,20
1,7038,0.023980392633307583,0.0877585746111869,0.28669688732160636,0.6015641454338962,50,20,20
1,7039,0.02398039263330758,0.08775857461109485,0.2866875301580673,0.6015735025975273,50,20,20
1,7040,0.023980306129835517,0.08776875119214583,0.28667744090749087,0.6015735017705248,50,20,20
1,7041,0.0239803061298355,0.08776875119215152,0.28686688361339946,0.6013840590646102,50,20,20
1,7042,0.005114956422417728,0.08776880822598523,0.30573217626279264,0.6013840590888012,50,20,20
1,7043,0.005114970797263144,0.08794434148024993,0.30555675611675004,0.6013839316057337,50,20,20
1,7044,0.005114970797263144,0.08794434148024993,0.30555668451236634,0.6013840032101174,50,20,20
1,7045,0.0051149707972631235,0.08794434148024993,0.3055566728821865,0.6013840148402974,50,20,20
1,7046,0.005114970797263177,0.08794434148024871,0.30556537025348235,0.6013753174690024,50,20,20
1,7047,0.005114970797263177,0.08794434148024985,0.3055655136863393,0.6013751740361443,50,20,20
1,7048,0.005114970797263177,0.0879443414805078,0.3055704146519693,0.6013702730702563,50,20,20
1,7049,0.005114970797263177,0.08794434148050824,0.30557025713922104,0.6013704305830043,50,20,20
1,7050,0.005114970797263177,0.08793099185267465,0.30558360667615225,0.6013704306739066,50,20,20
1,7051,0.005114970414350185,0.0823746591899704,0.3111400840804242,0.6013702863152512,50,20,20
1,7052,0.005114970402017935,0.08391239649960579,0.30960234678293647,0.601370286315436,50,20,20
1,7053,0.005114970402017935,0.08391239649958689,0.30930680831418067,0.6016658247842108,50,20,20
1,7054,0.005114970399995836,0.08391240430464723,0.3093071438708426,0.6016654814245106,50,20,20
1,7055,0.004582492511150729,0.0840211249454991,0.3095237175921394,0.6018726649512073,50,20,20
1,7056,0.004582492511149988,0.08402112494549593,0.3094702983258506,0.6019260842175002,50,20,20
1,7057,0.004582492511149988,0.08402112493028892,0.309465135139022,0.601931247419536,50,20,20
1,7058,0.004582492511149987,0.08402112493028323,0.3092757237411943,0.6021206588173694,50,20,20
1,7059,0.004582478137419092,0.08384585047203785,0.30945101261020336,0.6021206587803367,50,20,20
1,7060,0.004582478137419092,0.0838458504716902,0.3094359457363437,0.6021357256545441,50,20,20
1,7061,0.004582478139113075,0.0836977370563868,0.3095840591173921,0.6021357256871047,50,20,20
1,7062,0.004582478139105474,0.0836977360048357,0.30930512419470196,0.6024146616613539,50,20,20
1,7063,0.00871819121448646,0.0836609509177797,0.3049985253618636,0.6026223325058676,50,20,20
1,7064,0.00871819121448646,0.08366095093011351,0.30524896267266094,0.6023718951827365,50,20,20
1,7065,0.008718191214486392,0.08366095083430393,0.3052426010032622,0.6023782569479448,50,20,20
1,7066,0.008718191138725481,0.0836549667172004,0.30524150682595474,0.6023853353181168,50,20,20
1,7067,0.008718191138725427,0.08365496671720705,0.3052329505929883,0.6023938915510766,50,20,20
1,7068,0.008718191138725427,0.08366818923792736,0.3052197281631512,0.6023938914601935,50,20,20
1,7069,0.008718479426113984,0.08208220075637712,0.30680542835740265,0.6023938914601038,50,20,20
1,7070,0.008718479426113982,0.08208220075638026,0.3066500859895653,0.6025492338279382,50,20,20
1,7071,0.008718480367607981,0.08207797458511233,0.30666139130732156,0.6025421537399558,50,20,20
1,7072,0.008718480367607981,0.0820779745851156,0.3066553214835988,0.6025482235636754,50,20,20
1,7073,0.008718480367607981,0.08207797458511518,0.3066589699305654,0.6025445751167093,50,20,20
1,7074,0.004136272190000592,0.08207797546086627,0.31124117594705547,0.6025445764020757,50,20,20
1,7075,0.004136272190000592,0.08207797546086759,0.3112412075759119,0.6025445447732178,50,20,20
1,7076,0.004136272190000594,0.08207797546086443,0.3112411591452562,0.6025445932038768,50,20,20
1,7077,0.0041362721900270166,0.08207797546100296,0.31174761064308026,0.6020381417058871,50,20,20
1,7078,0.0041362721900270166,0.08207797546100296,0.31176106018304767,0.6020246921659197,50,20,20
1,7079,0.0041362721900270166,0.08207797546142472,0.31177744496085813,0.6020083073876874,50,20,20
1,7080,0.004136272190027004,0.08207797544303984,0.3117623357884573,0.602023416578473,50,20,20
1,7081,0.004136276701690938,0.08055335016641484,0.3132884083766799,0.602021964755211,50,20,20
1,7082,0.004136275757945307,0.08055336486227578,0.30120346534552395,0.6141068940342518,50,20,20
1,7083,0.004136277337124237,0.08055268126307809,0.30120414736702267,0.6141068940327721,50,20,20
1,7084,0.004136290174905491,0.08055143156991668,0.30120538421546816,0.6141068940397065,50,20,20
1,7085,0.004136039261466799,0.08054972056750094,0.2916982362412528,0.6236160039297772,50,20,20
1,7086,0.004136039261466798,0.08054972057606745,0.29151345820739494,0.6238007819550685,50,20,20
1,7087,0.0041360392614668,0.08054972058676191,0.2915300110883776,0.6237842290633915,50,20,20
1,7088,3.2895109042093787e-07,0.0805483051982709,0.29586506409720853,0.6235863017534278,50,20,20
1,7089,3.2895115153281574e-07,0.08054830987500258,0.2958650595707131,0.62358630160313,50,20,20
1,7090,3.289515343264477e-07,0.08054831068649117,0.2998230130430632,0.6196283473189087,50,20,20
1,7091,3.289515343341429e-07,0.08054831068649124,0.299607170378208,0.6198441899837639,50,20,20
1,7092,3.2895153433349307e-07,0.08054831159565433,0.29960975762621106,0.6198416018265978,50,20,20
1,7093,3.289683407695618e-07,0.08055120962497524,0.29960641957136613,0.6198420418353153,50,20,20
1,7094,3.289683407695596e-07,0.08055120962497593,0.29961254424130784,0.619835917165373,50,20,20
1,7095,3.289683407695596e-07,0.08055120962497873,0.2996047118239624,0.6198437495827157,50,20,20
1,7096,3.2896834007903757e-07,0.08055120961532376,0.29942343060478643,0.6200250308115475,50,20,20
1,7097,3.28968340079047e-07,0.0805512096153277,0.299681097093101,0.6197673643232292,50,20,20
1,7098,3.2896834007905737e-07,0.08055120961537045,0.29984204908048356,0.619606412335804,50,20,20
1,7099,3.3419961362337177e-07,0.0805483111799562,0.2998456465515325,0.6196057080688958,50,20,20
1,7100,1.394805099388609e-06,0.08054817414930333,0.29984472300632453,0.6196057080392712,50,20,20
1,7101,1.39480509938899e-06,0.08054817416329367,0.3001206617016489,0.6193297693299565,50,20,20
1,7102,1.3948054284958213e-06,0.08054817394097599,0.300925879895898,0.6185245513576959,50,20,20
1,7103,1.3948054284958151e-06,0.08054817394097917,0.3009351575621373,0.6185152736914532,50,20,20
1,7104,1.3948054284958164e-06,0.08054817394606215,0.30094568769659447,0.6185047435519131,50,20,20
1,7105,1.3948054284881059e-06,0.08054817394606192,0.30094565467847517,0.6185047765700327,50,20,20
1,7106,1.394805428683409e-06,0.08054817392343351,0.30094467075573733,0.6185057605153989,50,20,20
1,7107,1.3948054286825571e-06,0.08054817392343366,0.30094341051285417,0.6185070207582821,50,20,20
1,7108,1.394805428682556e-06,0.08054817392343372,0.3009477192726782,0.618502711998458,50,20,20
1,7109,1.3819767190361075e-06,0.08055604619982219,0.3009398597982856,0.6185027120251716,50,20,20
1,7110,1.3819767190356645e-06,0.08055604619982519,0.3012122013274538,0.6182303704960003,50,20,20
1,7111,1.2591952067864062e-05,0.08055627977702282,0.3012007320143685,0.618230396256539,50,20,20
1,7112,1.2591952067864062e-05,0.08055627977676373,0.30119580874674245,0.618235319524424,50,20,20
1,7113,1.168939648194314e-05,0.08062439281531071,0.3011285975907276,0.6182353201974778,50,20,20
1,7114,1.1689396481943176e-05,0.08062439281531067,0.30113290111113633,0.618231016677069,50,20,20
1,7115,1.1689396481747872e-05,0.08062439281528647,0.3011282492565927,0.6182356685316371,50,20,20
1,7116,1.168939648174789e-05,0.08062439281486478,0.3011119369377592,0.6182519808508924,50,20,20
1,7117,1.1689396476218673e-05,0.08176774189111204,0.2999688743530401,0.6182516943593698,50,20,20
1,7118,1.1689396476218658e-05,0.08176774189111294,0.2999690094078113,0.6182515593045977,50,20,20
1,7119,1.1689396476321478e-05,0.08176774187734244,0.2996970060980838,0.6185235626280956,50,20,20
1,7120,1.1689396476322375e-05,0.08176774187733832,0.2994391675087577,0.6187814012174259,50,20,20
1,7121,1.1686425449357029e-05,0.08176746406478552,0.2994491918453161,0.6187716576644475,50,20,20
1,7122,1.1686425449357032e-05,0.0817674640647754,0.29944292957917623,0.6187779199305975,50,20,20
1,7123,1.1686425449357032e-05,0.08176761820212394,0.2994427754418468,0.6187779199305783,50,20,20
1,7124,1.168642544935701e-05,0.08176815123251556,0.2994422424114797,0.6187779199305539,50,20,20
1,7125,1.168642544935701e-05,0.08176815123251552,0.299442521475691,0.6187776408663427,50,20,20
1,7126,1.1686425449357023e-05,0.0817681512325568,0.2998349997103187,0.6183851626316739,50,20,20
1,7127,1.16864254488161e-05,0.08176815120899318,0.29134864550312867,0.626871516862428,50,20,20
1,7128,1.1686422215352108e-05,0.08165937355223007,0.2912077279150246,0.6271212121105294,50,20,20
1,7129,1.1729763834490515e-05,0.0816593738507245,0.2912076839533196,0.6271212124321209,50,20,20
1,7130,1.1729760983746221e-05,0.08188363121639723,0.2909834266566793,0.627121212365939,50,20,20
1,7131,1.1441474221238984e-05,0.08188504522870342,0.29097628538991877,0.6271272279071565,50,20,20
1,7132,2.2659035530150838e-07,0.08190152350179629,0.27764227698884825,0.6404559729189994,50,20,20
1,7133,2.265903553015188e-07,0.08190152350179612,0.277647236498945,0.6404510134089026,50,20,20
1,7134,2.2659035530066812e-07,0.08190152350179612,0.2776472015813043,0.6404510483265434,50,20,20
1,7135,2.2659035561857917e-07,0.08190152350183362,0.27749634719989713,0.640601902707913,50,20,20
1,7136,2.2659035561855908e-07,0.08190152349319982,0.2868207618267028,0.6312774880897412,50,20,20
1,7137,2.2659035561635658e-07,0.08211519770099801,0.28660708761887227,0.6312774880897735,50,20,20
1,7138,2.2659035561646148e-07,0.0821151977010811,0.28660731372436193,0.6312772619842006,50,20,20
1,7139,2.265903556164272e-07,0.08211519770108104,0.2866029688119124,0.6312816068966502,50,20,20
1,7140,2.2659035560845205e-07,0.08211519770108106,0.28676533221369516,0.6311192434948675,50,20,20
1,7141,2.265902854131205e-07,0.08211519768322725,0.26722259058801145,0.6506619851384751,50,20,20
1,7142,2.2504756764555622e-07,0.08215548848416508,0.26718230124125003,0.6506619852270166,50,20,20
1,7143,2.2504756764551143e-07,0.08215548848368952,0.2671761825833654,0.6506681038853769,50,20,20
1,7144,2.2504756764561509e-07,0.0821554884836996,0.2671761451399147,0.6506681413288175,50,20,20
1,7145,2.2504757581070655e-07,0.08215548848361476,0.2671888138579238,0.650655472610885,50,20,20
1,7146,2.2504782490608797e-07,0.08215548848366305,0.2579965218651556,0.6598477646033554,50,20,20
1,7147,2.250478249085898e-07,0.08215548848366305,0.25800022222092783,0.6598440642475832,50,20,20
1,7148,2.2504780104834405e-07,0.0821554884839402,0.2579919126879971,0.6598523737802607,50,20,20
1,7149,2.2504780143248402e-07,0.0821554884716243,0.25803110913466176,0.6598131773459116,50,20,20
1,7150,2.25047801434118e-07,0.08215548755178814,0.25801206881130784,0.6598322185891016,50,20,20
1,7151,2.2504780143411618e-07,0.08215481927132089,0.25801273709181255,0.659832218589064,50,20,20
1,7152,2.2504847981556187e-07,0.08215481927111425,0.26021136561838726,0.6576335900620178,50,20,20
1,7153,0.009001797218222531,0.08215481926802846,0.2512097934311967,0.6576335900825515,50,20,20
1,7154,0.009001797218222148,0.08215481926801059,0.2509248954913422,0.6579184880224243,50,20,20
1,7155,0.009001797218222146,0.08215481926801055,0.25092508507364586,0.6579182984401204,50,20,20
1,7156,0.009001797218222146,0.08215481926801049,0.25092503674682043,0.6579183467669462,50,20,20
1,7157,0.009001797218238015,0.08215480660513119,0.23919441495196214,0.6696489812246675,50,20,20
1,7158,0.009001797218229843,0.08215480660513054,0.23918136963162812,0.6696620265450105,50,20,20
1,7159,0.009001797218229843,0.08215480660942384,0.24673772578877626,0.662105670383569,50,20,20
1,7160,0.009001797218229841,0.08215480660995345,0.24674028086836958,0.6621031153034461,50,20,20
1,7161,0.009001797217850138,0.08215480579846515,0.24278747581536403,0.6660559211683197,50,20,20
1,7162,0.009001797554863399,0.08475116003157808,0.24019093109514753,0.6660561113184105,50,20,20
1,7163,0.009001797554863399,0.08475049350596447,0.24019159762076114,0.6660561113184105,50,20,20
1,7164,0.009001797554863421,0.08470422742442815,0.2402378636924042,0.6660561113283037,50,20,20
1,7165,0.009001797554863421,0.08470343622429213,0.24023865489249832,0.6660561113283455,50,20,20
1,7166,0.009001797554614326,0.08470343622424054,0.24010761925816085,0.6661871469629839,50,20,20
1,7167,0.009001797554614334,0.08470343622488763,0.24034787364556806,0.6659468925749294,50,20,20
1,7168,0.009003800198193376,0.08470344409406527,0.2403458633619632,0.6659468923457774,50,20,20
1,7169,0.009003800198193376,0.08469975314131598,0.24034955430424937,0.6659468923562406,50,20,20
1,7170,0.009003800198193376,0.08469975314130253,0.24035493397063598,0.6659415126898675,50,20,20
1,7171,0.009003800198193367,0.08469975314065517,0.2401096186534101,0.6661868280077407,50,20,20
1,7172,0.009003800208981179,0.0790312413708819,0.24577813041253457,0.6661868280076015,50,20,20
1,7173,0.009003800208981179,0.07903124137087532,0.24577784719754459,0.6661871112225984,50,20,20
1,7174,0.009003800208981179,0.07903124137087565,0.24578419346245348,0.6661807649576892,50,20,20
1,7175,0.009003800208981179,0.07903124137088127,0.24579895859403536,0.6661659998261016,50,20,20
1,7176,0.009003800208981179,0.07903124136658382,0.23797004037200165,0.6739949180524326,50,20,20
1,7177,0.009003800208981184,0.07903124136658421,0.2379701382136906,0.6739948202107433,50,20,20
1,7178,0.009003834085120482,0.07734767321964371,0.23965366980962602,0.6739948228856086,50,20,20
1,7179,0.009003834085120484,0.0773476732196436,0.2398670413760682,0.6737814513191666,50,20,20
1,7180,0.009003834085120484,0.07734767321965003,0.23988284764867135,0.673765645046557,50,20,20
1,7181,0.00900208319797139,0.07734782401513347,0.2398844491424044,0.6737656436444897,50,20,20
1,7182,0.00900208319797139,0.07734782401513257,0.23988429340239537,0.6737657993844995,50,20,20
1,7183,0.009002083198323305,0.07734782448215562,0.24033394021416965,0.67331615210535,50,20,20
1,7184,0.009002083199644713,0.07734782448167986,0.24032665583302038,0.673323436485654,50,20,20
1,7185,0.009002083199644607,0.07734782448159974,0.2403165483255921,0.6733335439931625,50,20,20
1,7186,0.009002083199644604,0.07734782448159935,0.2403165875896447,0.6733335047291104,50,20,20
1,7187,0.009002083199644607,0.07739357060479982,0.24027084147633807,0.6733335047192165,50,20,20
1,7188,0.009002083198321253,0.0773935706046658,0.22040427332250814,0.6932000728745039,50,20,20
1,7189,0.009002083198321253,0.07739357060441017,0.22057732991827994,0.6930270162789879,50,20,20
1,7190,0.009002083198321253,0.07739357060441025,0.22036353015312787,0.6932408160441398,50,20,20
1,7191,0.009002083198321253,0.07739357060441035,0.22037606857856712,0.6932282776187004,50,20,20
1,7192,0.009002083198321253,0.07739357060535798,0.23167827902259414,0.6819260671737257,50,20,20
1,7193,0.009002083187649558,0.06694027429678986,0.24213157535215146,0.6819260671634082,50,20,20
1,7194,0.009002083187649456,0.06694027429657058,0.24212769757159372,0.6819299449441851,50,20,20
1,7195,0.009002083149951452,0.06689998341615913,0.24216798857814453,0.6819299448557443,50,20,20
1,7196,0.009002083149951452,0.06689998341641709,0.2421669605477797,0.6819309728858512,50,20,20
1,7197,0.009002083149951457,0.0668999834164196,0.24216227636340812,0.6819356570702203,50,20,20
1,7198,0.00900208314994837,0.06689998341641973,0.24215728903718334,0.6819406443964482,50,20,20
1,7199,0.009002083149323522,0.06689426663416005,0.24216902131638768,0.6819346289001281,50,20,20
1,7200,0.009002083149323556,0.06689478987358743,0.24216849807700122,0.6819346289000872,50,20,20
1,7201,0.009201503216566969,0.06689560146364253,0.24196826642184674,0.6819346288979431,50,20,20
1,7202,0.009201503216566992,0.0668956014636427,0.2419726475765459,0.6819302477432436,50,20,20
1,7203,0.00920150321656678,0.06689560146364264,0.24197265848938795,0.6819302368304018,50,20,20
1,7204,0.009201500372666987,0.0669605994028011,0.2419080622482937,0.6819298379762365,50,20,20
1,7205,0.00920150039630796,0.06696060171794026,0.24187468160580863,0.6819632162799405,50,20,20
1,7206,0.00920150039630796,0.06696060171794035,0.24187471342108538,0.681963184464664,50,20,20
1,7207,0.00920150039630798,0.0669606017179403,0.24187042408562828,0.6819674738001211,50,20,20
1,7208,0.00020046392515996316,0.06696068922525883,0.2508713712441274,0.6819674756054518,50,20,20
1,7209,0.00020046392515996316,0.06696068922578488,0.250889041454913,0.6819498053941403,50,20,20
1,7210,0.01944901951537674,0.06695971798278676,0.23164145708722084,0.6819498054146139,50,20,20
1,7211,0.01944901951537674,0.06695971797770497,0.2316310720293358,0.6819601904775808,50,20,20
1,7212,0.019449019516666888,0.06695972006860193,0.22851299096490257,0.6850782694498272,50,20,20
1,7213,0.019449019516667995,0.0669597200686008,0.23784064296361962,0.67575061745111,50,20,20
1,7214,0.019449019516667995,0.06695972006860122,0.23783570850804467,0.6757555519066847,50,20,20
1,7215,0.01944870134771489,0.06695963256112304,0.23783611600993546,0.6757555500812252,50,20,20
1,7216,0.01944870134771489,0.06695963256059091,0.23781817022274346,0.6757734958689493,50,20,20
1,7217,0.01944870132426434,0.0669610532421782,0.22192440719821846,0.6916658382353376,50,20,20
1,7218,0.01929848409678805,0.06696105466577265,0.22207461319562022,0.6916658480418176,50,20,20
1,7219,0.01929848409201298,0.06689375493396219,0.22214209878629704,0.691665662187726,50,20,20
1,7220,0.01929845021731096,0.0671475609525334,0.22188832300083022,0.6916656658293239,50,20,20
1,7221,0.019298450217802937,0.06715022993530584,0.2217016654704696,0.6918496543764199,50,20,20
1,7222,0.019298450217802937,0.06715022993530576,0.22170160827468316,0.6918497115722065,50,20,20
1,7223,0.019298592059413124,0.06583479745505777,0.22301689886461834,0.6918497116209088,50,20,20
1,7224,0.014308342930947023,0.06584092321272929,0.22800087944545677,0.6918498544108648,50,20,20
1,7225,0.014308342930947023,0.06584092321272929,0.22800081556690646,0.6918499182894152,50,20,20
1,7226,0.014308342930947023,0.06584092321272872,0.22800670743804918,0.691844026418273,50,20,20
1,7227,0.014308342930947095,0.06584092321245488,0.22782750084884196,0.6920232330077538,50,20,20
1,7228,0.01430834293094706,0.06584116587665137,0.22782725818464644,0.692023233007753,50,20,20
1,7229,0.014308180367652008,0.08339998890813885,0.21026859839121925,0.692023232332988,50,20,20
1,7230,0.014308180367652109,0.08339998890813885,0.2102721659014108,0.6920196648227963,50,20,20
1,7231,0.014308602541910367,0.08340006173750164,0.22235115017498905,0.6799401855455969,50,20,20
1,7232,0.014308602541231985,0.08340006173736553,0.2198472325781244,0.6824441031432762,50,20,20
1,7233,0.014308602542275657,0.08627520817887052,0.21697208613447103,0.682444103144381,50,20,20
1,7234,0.014308449251083514,0.08459570788658267,0.2186517398671529,0.6824441029951791,50,20,20
1,7235,0.014308474345776834,0.08459570789997663,0.22273404835223726,0.6783617694020074,50,20,20
1,7236,0.014308474345776834,0.08459570789998004,0.22274129758677347,0.6783545201674681,50,20,20
1,7237,0.014308474345776891,0.08459570802045098,0.2227968413197684,0.6782989763140023,50,20,20
1,7238,0.014308474345776891,0.08459570802045112,0.22279088640673192,0.6783049312270384,50,20,20
1,7239,0.014308474345647472,0.08216949412641827,0.2252171003010631,0.6783049312268696,50,20,20
1,7240,0.014308474345657083,0.08216949412641825,0.2252236070129548,0.6782984245149686,50,20,20
1,7241,0.014308474345657084,0.08216949412641833,0.22522368215610353,0.6782983493718198,50,20,20
1,7242,0.014308474345663234,0.08216949412644863,0.22522560819259996,0.6782964233352868,50,20,20
1,7243,0.014308474345663234,0.08216949414294182,0.22523991689746584,0.678282114613928,50,20,20
1,7244,0.014308474345663234,0.0821694941429418,0.22522636750618596,0.6782956640052079,50,20,20
1,7245,0.014308474345663234,0.08216949414296612,0.22523203161512548,0.6782899998962442,50,20,20
1,7246,0.014308474345663234,0.08216949414296261,0.22521964915852288,0.6783023823528503,50,20,20
1,7247,0.014308449250969938,0.08216949412956856,0.22114295854461596,0.6823790980748445,50,20,20
1,7248,0.014308449264845076,0.08216949413946795,0.21352415239317932,0.6899979042025067,50,20,20
1,7249,0.014707748268907661,0.08216336684386094,0.21313109820857531,0.6899977866786553,50,20,20
1,7250,0.014707748268907661,0.08216336684386086,0.21313102466767436,0.6899978602195563,50,20,20
1,7251,0.01470774826890837,0.06696265203148351,0.22833173948005028,0.689997860219557,50,20,20
1,7252,0.01470774826890837,0.06696265203148342,0.2283318196673407,0.6899977800322666,50,20,20
1,7253,0.01470774826890837,0.06696265201499027,0.22831756619922433,0.6900120335168762,50,20,20
1,7254,0.01470774826890837,0.06696265201499021,0.22832323533782808,0.6900063643782723,50,20,20
1,7255,0.014707748255033232,0.0669626520041432,0.2246399984604609,0.6936896012803618,50,20,20
1,7256,0.014707748255033229,0.06696265200414292,0.22463992620103423,0.6936896735397886,50,20,20
1,7257,0.014707748255033229,0.0669626520042072,0.2246428582358732,0.6936867415048854,50,20,20
1,7258,0.014707748255033229,0.06696265200421973,0.22489721681882582,0.6934323829219202,50,20,20
1,7259,0.01470774825503323,0.0669626520042204,0.22489705434202778,0.6934325453987177,50,20,20
1,7260,0.014707748255033236,0.06696265200419599,0.22489230914231395,0.6934372905984558,50,20,20
1,7261,0.01470774790266457,0.06694594018855568,0.2375256002008556,0.6808207117079231,50,20,20
1,7262,0.014707747902663954,0.06694594018854115,0.23740792214265338,0.6809383897661406,50,20,20
1,7263,0.01470774790266395,0.06694594018854819,0.23742579108759768,0.6809205208211893,50,20,20
1,7264,0.01470774790266395,0.06694594018854821,0.23743476640030015,0.6809115455084869,50,20,20
1,7265,0.01470774790266395,0.06694594018854826,0.23743892778125303,0.6809073841275339,50,20,20
1,7266,0.014707747902663926,0.06694594018854831,0.23743725949968333,0.6809090524091036,50,20,20
1,7267,0.014707747905721307,0.07425240066534435,0.230130797529274,0.6809090538996597,50,20,20
1,7268,0.01997612115349253,0.07425240058878015,0.22486245939873473,0.6809090188589921,50,20,20
1,7269,0.019976121153486362,0.07425240058874966,0.22485614953147104,0.6809153287262926,50,20,20
1,7270,0.019976121153628065,0.07425240852785789,0.22556799114460563,0.6802034791739078,50,20,20
1,7271,0.019976223230203035,0.0742497309804153,0.22575150965081828,0.680022536138563,50,20,20
1,7272,0.019976223230205602,0.07424973925503084,0.23602937888517064,0.6697446586295918,50,20,20
1,7273,0.019976223230205602,0.07424973925503076,0.23603244177062357,0.6697415957441389,50,20,20
1,7274,0.019976223230205602,0.07424973925503069,0.2360326538065933,0.6697413837081693,50,20,20
1,7275,0.019976223230205602,0.07424973925503064,0.2360325834109569,0.6697414541038057,50,20,20
1,7276,0.019976223242452663,0.07425479630943081,0.2360275263459873,0.669741454102128,50,20,20
1,7277,0.01997622324108527,0.07425479989164918,0.23100428738440024,0.674764689482864,50,20,20
1,7278,0.01997622324108527,0.07425479989156557,0.23100407254927885,0.6747649043180693,50,20,20
1,7279,0.019976223241085264,0.07425479989163054,0.2310033752082069,0.6747656016590763,50,20,20
1,7280,0.019976223241085216,0.07425479415380283,0.23088780771509296,0.674881174890018,50,20,20
1,7281,0.01997622324108538,0.07425479415380015,0.23087540804133785,0.6748935745637757,50,20,20
1,7282,0.019976223241085358,0.07425479415380128,0.230875487221555,0.6748934953835576,50,20,20
1,7283,0.019976223241085358,0.07425479415373752,0.2308726186579641,0.6748963639472122,50,20,20
1,7284,0.019976223241085358,0.07425479415373752,0.23089023553992727,0.6748787470652489,50,20,20
1,7285,0.019976223241085358,0.07425479415374381,0.23088673268844334,0.6748822499167264,50,20,20
1,7286,0.019976223241085358,0.07425479415385008,0.23102406079747553,0.6747449218075878,50,20,20
1,7287,0.01997622324108542,0.0742547941539253,0.2310143186739588,0.6747546639310293,50,20,20
1,7288,0.019976223241085358,0.07425479415385042,0.23100648169925314,0.67476250090581,50,20,20
1,7289,0.019976223241085268,0.07425479415386577,0.23100779629902873,0.6747611863060192,50,20,20
1,7290,0.019975850118658475,0.0742547076837234,0.2310136713334412,0.674755770864176,50,20,20
1,7291,0.0348959811881491,0.07400117891745656,0.21634706644023233,0.6747557734541613,50,20,20
1,7292,0.03489598118706815,0.07400114330437653,0.2163471020555442,0.6747557734530103,50,20,20
1,7293,0.03489598118706842,0.07400114330437652,0.2163480578855662,0.6747548176229882,50,20,20
1,7294,0.03489600427012505,0.07117259888452128,0.2191767693724818,0.6747546274728711,50,20,20
1,7295,0.03489600427013903,0.07117259888469774,0.21902165352078984,0.6749097433243725,50,20,20
1,7296,0.03489600427012505,0.07117259888452127,0.21901443030980108,0.6749169665355517,50,20,20
1,7297,0.0349033791223843,0.07117259347470062,0.21900706081744734,0.6749169665854668,50,20,20
1,7298,0.03490337913597957,0.06393449005880733,0.22624516571156097,0.6749169650936512,50,20,20
1,7299,0.034903379135863465,0.06318632132974598,0.22699329503715693,0.6749170044972331,50,20,20
1,7300,0.034903379135863465,0.06318632132974598,0.22699321671184616,0.6749170828225439,50,20,20
1,7301,0.034903401168916506,0.06311810382024642,0.22706141213978231,0.6749170828710542,50,20,20
1,7302,0.034903401168906896,0.06311810383897755,0.22707043732461255,0.6749080576675027,50,20,20
1,7303,0.034903401168906896,0.06311810383904665,0.22707430250389987,0.6749041924881461,50,20,20
1,7304,0.034903401168906896,0.06311810383904694,0.22707435202197662,0.6749041429700692,50,20,20
1,7305,0.034903401168387006,0.06311668083771195,0.22300350809734684,0.6789764098965536,50,20,20
1,7306,0.039738953269378895,0.06311651295354881,0.21816741806148623,0.6789771157155851,50,20,20
1,7307,0.03973895326937887,0.06309128696535653,0.21819264404967878,0.6789771157155851,50,20,20
1,7308,0.0397389532693788,0.0630912869653564,0.21821097982663173,0.6789587799386322,50,20,20
1,7309,0.0397389532693788,0.0630912869653564,0.21821093766913893,0.6789588220961249,50,20,20
1,7310,0.03973895326925229,0.06309128044888271,0.21784612237574388,0.6793236439061205,50,20,20
1,7311,0.03973895326925229,0.062028591683260234,0.21890881114135607,0.6793236439061312,50,20,20
1,7312,0.03973895326925454,0.06306988504625924,0.21786751766600784,0.6793236440184779,50,20,20
1,7313,0.03973895326925454,0.06306988504624972,0.2178515936909211,0.6793395679935739,50,20,20
1,7314,0.03973895335932364,0.06306991351631003,0.217821584216526,0.6793695489078401,50,20,20
1,7315,0.03980709046193647,0.06313329889233574,0.21771965510109637,0.6793399555446312,50,20,20
1,7316,0.03980709046193647,0.0631332988923354,0.21771319172566903,0.6793464189200589,50,20,20
1,7317,0.03980709046193647,0.06313329889233547,0.21771319920624646,0.6793464114394814,50,20,20
1,7318,0.03980709046193672,0.06313329889231671,0.21771309197306113,0.6793465186726855,50,20,20
1,7319,0.03980709046193673,0.06313329891686764,0.21773019654996148,0.679329414071234,50,20,20
1,7320,0.03980709046254036,0.06313329892657726,0.21773673299174132,0.6793228776191411,50,20,20
1,7321,0.03980709046254036,0.0631332989265771,0.21773666116518306,0.6793229494456995,50,20,20
1,7322,0.03980709046254036,0.06313329892663656,0.21773959851859384,0.6793200120922294,50,20,20
1,7323,0.039807090462540294,0.06313329880612438,0.2172914543783621,0.6797681563529733,50,20,20
1,7324,0.039807090462540294,0.06313329907878722,0.21786047701161537,0.6791991334470567,50,20,20
1,7325,0.039658123078319535,0.06313329907852838,0.21800944439878397,0.6791991334443676,50,20,20
1,7326,0.03965820325884894,0.06312830600131424,0.21801435729543456,0.6791991334444017,50,20,20
1,7327,0.039658182192149435,0.06329804228833469,0.21784159842830644,0.679202177091209,50,20,20
1,7328,0.03965818219179752,0.06329804182130835,0.21737907145757115,0.6796647045293228,50,20,20
1,7329,0.039658242352994214,0.06039770770971529,0.22027927416925297,0.6796647757680371,50,20,20
1,7330,0.03965824235299406,0.0603977077097181,0.22027943308374293,0.6796646168535447,50,20,20
1,7331,0.03965824235299406,0.0603977077097181,0.22027643525170731,0.6796676146855805,50,20,20
1,7332,0.03975436344752087,0.06039754094769723,0.22018119488758817,0.6796669007171934,50,20,20
1,7333,0.039754363447569885,0.06039753273879675,0.2098874307603934,0.6899606730532397,50,20,20
1,7334,0.03975436344756962,0.060397532738925584,0.2098867128580174,0.6899613909554871,50,20,20
1,7335,0.03975436344756969,0.060397532475145815,0.20932590295795145,0.6905222011193329,50,20,20
1,7336,0.03975436344756944,0.06039753247514347,0.20932590515189908,0.690522198925388,50,20,20
1,7337,0.03975430337250322,0.060172498386859445,0.20955110995751144,0.6905220882831256,50,20,20
1,7338,0.019927824727508467,0.06034236056895184,0.22920772197526504,0.6905220927282738,50,20,20
1,7339,0.019927824727508467,0.06034236056909115,0.2298174812698903,0.6899123334335093,50,20,20
1,7340,0.019927824727508637,0.06034236056907867,0.22956433823683056,0.6901654764665812,50,20,20
1,7341,0.01985982198285301,0.06038235438995706,0.2295830436572456,0.6901747799699433,50,20,20
1,7342,0.01985974287619256,0.060382272163451066,0.22958320498928106,0.6901747799710739,50,20,20
1,7343,0.01985974287619256,0.06038227216345551,0.22958353640066606,0.6901744485596845,50,20,20
1,7344,0.01985974287619256,0.06038227216339594,0.22958057897142914,0.6901774059889809,50,20,20
1,7345,0.01985974287619256,0.06038227216339601,0.22957659476348083,0.6901813901969291,50,20,20
1,7346,0.01985974287619256,0.06038227216339091,0.22957132552771978,0.6901866594326953,50,20,20
1,7347,0.01985974287619256,0.06038227216338665,0.2295710866269337,0.6901868983334856,50,20,20
1,7348,0.019859742876197864,0.06038227216468856,0.22988442614734467,0.6898735588117674,50,20,20
1,7349,0.019859742876197864,0.06038227216471212,0.23028590357939852,0.68947208137969,50,20,20
1,7350,0.019870171722130417,0.06038227217948608,0.23027535786991626,0.6894721982284665,50,20,20
1,7351,0.019870171722130417,0.06038227217948581,0.23027546440561622,0.6894720916927669,50,20,20
1,7352,0.019870171722130427,0.060382272179485864,0.2302791319105034,0.6894684241878797,50,20,20
1,7353,0.01987017172213042,0.060382272154962176,0.23059761872629467,0.6891499373966121,50,20,20
1,7354,0.01987017172213042,0.0603822721548558,0.23044791448287175,0.6892996416401417,50,20,20
1,7355,0.019870123064851267,0.06045047754641235,0.2303793822788021,0.6893000171099344,50,20,20
1,7356,0.019870123064851267,0.060450477546412265,0.23037931567692016,0.6893000837118164,50,20,20
1,7357,0.019870123064858206,0.060450477546353264,0.23044591290220423,0.6892334864865844,50,20,20
1,7358,0.019870123064858206,0.0604504775463441,0.22983640777434844,0.6898429916144494,50,20,20
1,7359,0.019870123064858206,0.060450477546320665,0.2295055356031311,0.6901738637856901,50,20,20
1,7360,0.019870123064858206,0.06045047754631988,0.22950929386342023,0.6901701055254017,50,20,20
1,7361,0.01987012306425458,0.06045047753661174,0.2295026962812914,0.6901767031178423,50,20,20
1,7362,0.019870122728569802,0.06042211793351011,0.22953146637566427,0.6901762929622559,50,20,20
1,7363,0.019870122728569802,0.06042211793351002,0.22953144369337927,0.690176315644541,50,20,20
1,7364,0.019870122728569802,0.06042211793351007,0.2295342492004006,0.6901735101375196,50,20,20
1,7365,0.019870122728569802,0.06042211793351005,0.2295341455339237,0.6901736138039964,50,20,20
1,7366,0.019870122728569802,0.06042211793354681,0.229534170764692,0.6901735885731916,50,20,20
1,7367,0.019870122728569792,0.06042211793354693,0.22954906981658632,0.6901586895212971,50,20,20
1,7368,0.019870122728569792,0.06042211793378582,0.22954944567396177,0.6901583136636827,50,20,20
1,7369,0.0198701227548356,0.06043544283860466,0.22953612070640358,0.6901583137001563,50,20,20
1,7370,0.0198701227548356,0.06043544283860416,0.22953613410245322,0.6901583003041073,50,20,20
1,7371,0.019870020731882865,0.06043540081165776,0.22953932371023197,0.6901552547462271,50,20,20
1,7372,0.020429643321380045,0.060435400873085375,0.22897970054745834,0.6901552552580761,50,20,20
1,7373,0.0198737215305712,0.06043540093802584,0.22953562278532583,0.6901552547460768,50,20,20
1,7374,0.019873721530576018,0.060435400938030084,0.22953556890252988,0.6901553086288635,50,20,20
1,7375,0.019873721530576018,0.060435400938466784,0.22953604819305526,0.6901548293379015,50,20,20
1,7376,0.019873721530576025,0.060435400938338,0.22953806790289097,0.6901528096281945,50,20,20
1,7377,0.01987358708237037,0.06049528551531472,0.2294878471159603,0.6901432802863543,50,20,20
1,7378,0.019873587161165295,0.06171053339745494,0.22827253061474043,0.6901433488266392,50,20,20
1,7379,0.019873587161166082,0.06166294583468524,0.22811430489064627,0.6903491621135022,50,20,20
1,7380,0.019873587161166082,0.06166294583469517,0.2281104664539403,0.6903530005501983,50,20,20
1,7381,0.019873587161161263,0.06166294583469089,0.22811034325447033,0.6903531237496773,50,20,20
1,7382,0.019873587161161263,0.06166294583469089,0.22811022279846327,0.6903532442056844,50,20,20
1,7383,0.019873587161161263,0.06166294583465417,0.22811002744654998,0.6903534395576344,50,20,20
1,7384,0.019873587161161263,0.06166294583458512,0.22810053415106463,0.6903629328531887,50,20,20
1,7385,0.019873587161161263,0.06166294583458521,0.22810078303969303,0.6903626839645602,50,20,20
1,7386,0.01987358716116132,0.061662945834593044,0.22817522386712571,0.6902882431371198,50,20,20
1,7387,0.019873587161155844,0.0616629466897945,0.22862778415453353,0.689835681994516,50,20,20
1,7388,0.019873587161155844,0.06166294668981383,0.2296257645722553,0.6888377015767745,50,20,20
1,7389,0.01986620676781108,0.061662948701119,0.2296331430042083,0.6888377015268613,50,20,20
1,7390,0.01986620676781108,0.06166294870111907,0.2296489956860731,0.6888218488449962,50,20,20
1,7391,0.01986620676781108,0.06166084239408875,0.22965110192772858,0.6888218489103711,50,20,20
1,7392,0.019866172258136656,0.06149261419557504,0.22981936581092344,0.6888218477353637,50,20,20
1,7393,0.01986617225813686,0.06149261419558028,0.2298050206535621,0.6888361928927196,50,20,20
1,7394,0.01986617225813686,0.06149261419514348,0.22980474334497716,0.6888364702017413,50,20,20
1,7395,0.0198661722581368,0.06149261419513559,0.2297302591824384,0.688910954364288,50,20,20
1,7396,0.0198661722581368,0.06149261419513431,0.22974341106819554,0.6888978024785323,50,20,20
1,7397,0.0198661722581368,0.06149261419513375,0.2297581250945061,0.6888830884522222,50,20,20
1,7398,0.019862907336093447,0.06149277530963205,0.22976107912325122,0.6888832382310223,50,20,20
1,7399,0.019862907336093447,0.061492775290900935,0.22974534243298753,0.6888989749400172,50,20,20
1,7400,0.019862907336093447,0.06149277529089992,0.22974523779371733,0.6888990795792883,50,20,20
1,7401,0.019862906353034754,0.06132287220566973,0.2299121489210986,0.6889020725201956,50,20,20
1,7402,0.019862906353034754,0.061322872205669766,0.23012227019166814,0.6886919512496261,50,20,20
1,7403,0.019862906353032506,0.061321764322076866,0.2301233781876066,0.6886919511372828,50,20,20
1,7404,0.019862906353025567,0.06132176432207106,0.2300565607905892,0.6887587685343131,50,20,20
1,7405,0.01986290621536476,0.06007977342080026,0.23129862037031723,0.6887586999935167,50,20,20
1,7406,0.019862906215364795,0.04383721263943911,0.24754118109147338,0.6887587000537215,50,20,20
1,7407,0.019871459644514998,0.043837213387040865,0.2475326269158918,0.6887587000525514,50,20,20
1,7408,0.019862905132516248,0.04383723048192056,0.23656965159288224,0.6997302127926801,50,20,20
1,7409,0.019862905132516248,0.04383723048197804,0.23655920244764028,0.6997406619378647,50,20,20
1,7410,0.019862905132516248,0.043837230484266264,0.23656624728054465,0.699733617102672,50,20,20
1,7411,0.019862905132516238,0.04373773064764275,0.23666574710708851,0.6997336171127515,50,20,20
1,7412,0.01986290513469996,0.04373775865997336,0.24674730853809743,0.6896520276672286,50,20,20
1,7413,0.01986290513469999,0.04373775865997342,0.24674803622070407,0.6896512999846217,50,20,20
1,7414,0.019894644016892626,0.04373776215497793,0.24017374932426783,0.6961938445038608,50,20,20
1,7415,0.01989464401689265,0.04373776215497785,0.2401737437519639,0.6961938500761649,50,20,20
1,7416,0.01989464401689265,0.04373776129849524,0.23940675068794215,0.6969608439966691,50,20,20
1,7417,0.019894644016967996,0.04373776129849537,0.24003408309976407,0.6963335115847719,50,20,20
1,7418,0.019894644016968124,0.04373776129621293,0.24003149324383166,0.6963361014429865,50,20,20
1,7419,0.019894644016968124,0.04373776129614676,0.24002846654457521,0.6963391281423092,50,20,20
1,7420,0.019894644016968124,0.04373776129614667,0.24002844298061135,0.6963391517062731,50,20,20
1,7421,0.019894644016968124,0.04373776129614683,0.24001031218453028,0.6963572825023541,50,20,20
1,7422,0.01989538549776616,0.04372459324738195,0.24001258416807686,0.6963674370867742,50,20,20
1,7423,0.0198953854977677,0.043724593247951485,0.2400152660293825,0.6963647552248973,50,20,20
1,7424,0.0198953854977677,0.04372459324793214,0.2390171075409195,0.6973629137133799,50,20,20
1,7425,0.019895385492594383,0.04386387623103323,0.24936995917050958,0.6868707791058617,50,20,20
1,7426,0.019895385492594387,0.043863876231035714,0.24999713879261484,0.6862435994837539,50,20,20
1,7427,0.019895385492594387,0.043863876231007896,0.24957963582583717,0.6866611024505596,50,20,20
1,7428,0.019895385492594387,0.043863876230766534,0.24957923325202644,0.6866615050246118,50,20,20
1,7429,0.019895385492594387,0.04386387623076633,0.24958580443871234,0.6866549338379261,50,20,20
1,7430,0.019895385492594387,0.04386387623184431,0.24988130036916634,0.6863594379063939,50,20,20
1,7431,0.019895385492594363,0.0401289960266955,0.25361618063387625,0.686359437846833,50,20,20
1,7432,0.019895385725496918,0.040460263895693765,0.2536499482319976,0.6859944021468103,50,20,20
1,7433,0.01989538572549517,0.04046026389511888,0.25364571849986567,0.6859986318795188,50,20,20
1,7434,0.01989538572549517,0.040460263895149035,0.2536519272928582,0.6859924230864962,50,20,20
1,7435,0.01989538572549517,0.040460263894885544,0.2536383994746213,0.6860059509049967,50,20,20
1,7436,0.01989538572549517,0.040460263894885606,0.2536366591454122,0.6860076912342056,50,20,20
1,7437,0.019895414320038433,0.04046026208064843,0.25364266112028394,0.6860016624790277,50,20,20
1,7438,0.019895414320038433,0.04046026212482741,0.26457754135535083,0.6750667821997822,50,20,20
1,7439,0.019895414320038433,0.040460262124797294,0.2645822960709646,0.6750620274841986,50,20,20
1,7440,0.019895414320038426,0.04046026212492999,0.26459279366503596,0.6750515298899945,50,20,20
1,7441,0.0198954143200385,0.040460262124930216,0.26459413542037924,0.675050188134651,50,20,20
1,7442,0.01989541432694863,0.042896759345648156,0.26176499788926827,0.6754428284381343,50,20,20
1,7443,0.01989541432694863,0.04289675934564816,0.26176515307787773,0.675442673249525,50,20,20
1,7444,0.01989541432694862,0.04289675934563296,0.2617602777018412,0.6754475486255767,50,20,20
1,7445,0.01989541432694862,0.04289675934563278,0.26177158443874854,0.6754362418886696,50,20,20
1,7446,0.019895414326873563,0.04289675934587046,0.2612986837255828,0.6759091426016727,50,20,20
1,7447,0.024167186458657546,0.04289661639303824,0.25702559359253185,0.6759106035557717,50,20,20
1,7448,0.024167186458657546,0.04289661639290597,0.25701508179622173,0.6759211153522142,50,20,20
1,7449,0.024167186458657515,0.04289661639290587,0.25701707590780637,0.6759191212406296,50,20,20
1,7450,0.02416718645865756,0.04289661639290584,0.25680678086224,0.6761294162861959,50,20,20
1,7451,0.02416718645865756,0.0428966163487286,0.24587199762128734,0.6870641995713259,50,20,20
1,7452,0.02416718645894227,0.04288594970365547,0.24588266421930036,0.6870641996181012,50,20,20
1,7453,0.02416718645894227,0.042885949703655425,0.24586419519584354,0.6870826686415582,50,20,20
1,7454,0.024167186457047754,0.04303377891498785,0.24571636658123985,0.6870826680467239,50,20,20
1,7455,0.024167202536891082,0.04289447809647337,0.24633445275598548,0.6866038666106496,50,20,20
1,7456,0.024167202454525572,0.04289467439541958,0.2463342564331036,0.686603866716951,50,20,20
1,7457,0.024167202454525572,0.042894674412498744,0.2463487067217186,0.6865894164112567,50,20,20
1,7458,0.024167202454525437,0.04289467441249295,0.24635357689570633,0.686584546237275,50,20,20
1,7459,0.02416650216446584,0.050761500562730676,0.23849210068877263,0.6865798965840308,50,20,20
1,7460,0.02416650216446584,0.05076150056305675,0.23849244515821424,0.6865795521142632,50,20,20
1,7461,0.02416650216446584,0.050761500563131806,0.23849276815878906,0.6865792291136132,50,20,20
1,7462,0.024166581164914706,0.05061204246221948,0.23864214998455488,0.6865792263883109,50,20,20
1,7463,0.024166565085086317,0.05071520972718734,0.2385395754959653,0.6865786496917609,50,20,20
1,7464,0.024166565085086317,0.050715209727187245,0.23853957714480753,0.6865786480429189,50,20,20
1,7465,0.024166565085097225,0.05076856850737363,0.23848621837468442,0.6865786480328444,50,20,20
1,7466,0.024166565085097225,0.050768568507388284,0.2387555647655311,0.6863093016419832,50,20,20
1,7467,0.024166565085097225,0.050768568507376204,0.23876137217447924,0.686303494233047,50,20,20
1,7468,0.02416656508509723,0.050768568507381116,0.24194296802815465,0.6831218983793665,50,20,20
1,7469,0.02416656508509823,0.050768568507377695,0.24205021905223537,0.683014647355288,50,20,20
1,7470,0.02415865891742616,0.05076861057245874,0.24205817315660993,0.683014557353505,50,20,20
1,7471,0.02415865891742616,0.05070704977698423,0.24211973401745965,0.6830145572881299,50,20,20
1,7472,0.028385694150055447,0.05070703134266022,0.23789432794446108,0.683012946562823,50,20,20
1,7473,0.028385694150055447,0.05070703132558099,0.23811179144011907,0.6827954830842442,50,20,20
1,7474,0.028385694150055162,0.05070703132534444,0.2379602233295937,0.6829470511950063,50,20,20
1,7475,0.028385694150055173,0.05070703132534502,0.23796248931796865,0.6829447852066309,50,20,20
1,7476,0.028385665555511745,0.05070703132535773,0.23752788518166093,0.6833794179374693,50,20,20
1,7477,0.028385665555511745,0.05070703132541448,0.23767607700142757,0.6832312261176461,50,20,20
1,7478,0.02838566566281856,0.050704620518337885,0.23767829209236066,0.6832314217264829,50,20,20
1,7479,0.028385665662818575,0.05070462052194647,0.23767922467588393,0.6832304891393508,50,20,20
1,7480,0.028385665662818572,0.050704620522238696,0.23767306513485717,0.6832366486800854,50,20,20
1,7481,0.028385665662818572,0.05070462052218187,0.23752471996520572,0.6833849938497936,50,20,20
1,7482,0.028863917191520597,0.05070457984973337,0.2370171524906791,0.6834143504680666,50,20,20
1,7483,0.028863917191520597,0.050704579856668,0.2367594021597727,0.6836721007920384,50,20,20
1,7484,0.009031772265818621,0.050705293786262595,0.25659076028461986,0.6836721736632987,50,20,20
1,7485,0.009036454925515615,0.0512427292790524,0.255812516164711,0.6839082996307202,50,20,20
1,7486,0.009036454925515627,0.05124272927872635,0.25591417165518726,0.6838066441405702,50,20,20
1,7487,0.009036454918604714,0.048839773713950485,0.25891558664521946,0.6832081847222244,50,20,20
1,7488,0.009036454918604714,0.04883977371396107,0.25891601837467704,0.6832077529927564,50,20,20
1,7489,0.009036454918604712,0.04883977371395642,0.25573443342826857,0.6863893379391698,50,20,20
1,7490,0.009036454918604712,0.048839773713947786,0.2557288805703239,0.686394890797123,50,20,20
1,7491,0.009036454918604712,0.048839773713947786,0.25572886861181177,0.6863949027556352,50,20,20
1,7492,0.009036454918604697,0.0488397737103393,0.25572616552158356,0.6863976058494718,50,20,20
1,7493,0.009036454918604697,0.048839773709260646,0.2554305278434412,0.686693243528693,50,20,20
1,7494,0.009036454918604697,0.048930061668725856,0.25534023988397575,0.6866932435286932,50,20,20
1,7495,0.00903645491860469,0.04893006166872582,0.2553379233396403,0.6866955600730283,50,20,20
1,7496,0.009036454918604801,0.048857165352019026,0.25541081963667867,0.6866955600926967,50,20,20
1,7497,0.009036454918604801,0.04885716535201903,0.2554016930534574,0.6867046866759179,50,20,20
1,7498,0.009036454918604801,0.04885716535226929,0.25541590054928914,0.6866904791798356,50,20,20
1,7499,0.009036454918604801,0.0488571653522693,0.25540116399851437,0.6867052157306105,50,20,20
1,7500,0.009036454918604801,0.04885716535226933,0.2554013498137587,0.6867050299153661,50,20,20
1,7501,0.009036454918604801,0.048857165352265496,0.255404717453637,0.6867016622754918,50,20,20
1,7502,0.00903645491860406,0.048857165352352315,0.2553043083547767,0.6868020713742661,50,20,20
1,7503,0.00903645491860406,0.04885716535235216,0.25530400283525867,0.686802376893784,50,20,20
1,7504,0.009036454918604074,0.04885716535209962,0.25529326110413575,0.6868131186251594,50,20,20
1,7505,0.009036454918604005,0.04885716534321604,0.2552849225970435,0.6868214571411353,50,20,20
1,7506,0.009036454918604024,0.04885716534367481,0.2546604681312056,0.6874459116065146,50,20,20
1,7507,0.009036454918604024,0.04885716534367483,0.2546605976758353,0.6874457820618848,50,20,20
1,7508,0.009036454918604012,0.04885716534368502,0.2546753813454637,0.6874309983922461,50,20,20
1,7509,0.009036455499847308,0.04885721881646164,0.25510085559914714,0.6870054700845426,50,20,20
1,7510,0.009036455499847308,0.04885721881646163,0.25509290247330185,0.6870134232103879,50,20,20
1,7511,0.009036455499847308,0.048857218816386556,0.2550925791695352,0.6870137465142295,50,20,20
1,7512,0.009036455499847308,0.04885721880943743,0.25508099316273586,0.6870253325279783,50,20,20
1,7513,0.009036455292479966,0.04859349884161009,0.25533248103411854,0.6870375648317897,50,20,20
1,7514,0.009036455292479893,0.048593498841615776,0.2553314108189682,0.6870386350469346,50,20,20
1,7515,0.009036414075474331,0.04099786753630255,0.2625572152198796,0.6874085031683425,50,20,20
1,7516,0.009036414075474352,0.040997867551112586,0.26257656519127065,0.6873891531821412,50,20,20
1,7517,0.009036414075474362,0.040997867551113655,0.2625792737392577,0.6873864446341531,50,20,20
1,7518,0.00903641408805885,0.04104530381365153,0.2625315871211775,0.6873866949771111,50,20,20
1,7519,0.009036413506816207,0.041045250340864384,0.2625405267460448,0.6873778094062735,50,20,20
1,7520,0.009036413506816207,0.04104525034086449,0.26254488640331186,0.6873734497490064,50,20,20
1,7521,0.009036413506819435,0.041045250340864564,0.2625405212557392,0.6873778148965758,50,20,20
1,7522,0.009036413481288034,0.04097971569145848,0.2626183523743135,0.687365518452939,50,20,20
1,7523,0.00903641348128801,0.04097971569145943,0.2626185075111686,0.6873653633160831,50,20,20
1,7524,0.00903641348128801,0.040979715691459494,0.2626321583164899,0.6873517125107617,50,20,20
1,7525,0.00903641348128801,0.04097971569146631,0.26262113338137977,0.687362737445865,50,20,20
1,7526,0.00903641348128801,0.04097971569146505,0.2626182115643536,0.6873656592628923,50,20,20
1,7527,0.009036413481288355,0.04097971569146489,0.2625201934731626,0.6874636773540833,50,20,20
1,7528,0.009036413464938912,0.04093183597930554,0.26256832365028715,0.6874634269054672,50,20,20
1,7529,0.009036413465302281,0.040931835979600095,0.2625734752721205,0.6874582752829761,50,20,20
1,7530,0.00903641346530226,0.040931835964827225,0.2625620521161112,0.6874696984537583,50,20,20
1,7531,0.009036413465301622,0.04093183596482501,0.2428233344092021,0.7072084161606703,50,20,20
1,7532,0.009031651805614509,0.04040559540868326,0.24359046252432376,0.7069722902613773,50,20,20
1,7533,0.009031651805614455,0.04040559540868256,0.2433294092536762,0.7072333435320255,50,20,20
1,7534,0.0009398749773009689,0.040405622286363733,0.2514211577485216,0.707233344987812,50,20,20
1,7535,0.0009398749773009689,0.040405622286362915,0.251424674511834,0.7072298282245003,50,20,20
1,7536,0.000939874977300969,0.040405622286362845,0.25119273770862316,0.7074617650277115,50,20,20
1,7537,0.0013602319311918237,0.04040698604530073,0.24949672574032022,0.7087360562831857,50,20,20
1,7538,0.0013602319311918237,0.04040698604529476,0.24949647736026695,0.708736304663245,50,20,20
1,7539,0.001360231928955419,0.05998157156658613,0.23052839357604063,0.7081298029284163,50,20,20
1,7540,0.001360231928958792,0.06148086378769321,0.22902925540329253,0.7081296488800537,50,20,20
1,7541,0.0013602319289588059,0.06148086378800063,0.22903471395553018,0.7081241903275085,50,20,20
1,7542,0.0013602319289588059,0.06148086378800063,0.22903483389969945,0.7081240703833394,50,20,20
1,7543,0.0013602319289587985,0.06190350346850103,0.2286121966188157,0.7081240679837226,50,20,20
1,7544,0.0013602319289587985,0.06190350346850284,0.22860869866681552,0.708127565935721,50,20,20
1,7545,0.0013602319289584422,0.06190350346850566,0.2286049082654879,0.708131356337046,50,20,20
1,7546,0.0013602319289584234,0.061903503479281,0.22933322202076675,0.707403042570992,50,20,20
1,7547,0.001360231826418943,0.061903477252316395,0.2289486693618522,0.7077876215594108,50,20,20
1,7548,0.001360231826418987,0.061903477252316444,0.2289487189345264,0.7077875719867365,50,20,20
1,7549,0.001360231826418986,0.06190347724107987,0.22821746292493217,0.7085188280075673,50,20,20
1,7550,0.001360231826418986,0.06190347724107987,0.22821745991738737,0.7085188310151121,50,20,20
1,7551,0.001360231826418986,0.061903477241077046,0.22821742608099543,0.7085188648515071,50,20,20
1,7552,0.001360231826418876,0.061950204738421194,0.2281706986033194,0.708518864831839,50,20,20
1,7553,0.001360231826418876,0.06195020473842109,0.22817049278669885,0.7085190706484598,50,20,20
1,7554,0.0013602318264079284,0.062007885505192775,0.22811281201788655,0.7085190706505112,50,20,20
1,7555,0.001360231826407918,0.06200788551021042,0.24206738077056109,0.6945645018928189,50,20,20
1,7556,0.0013602318264143353,0.060361661998818705,0.24371360606811504,0.6945645001066499,50,20,20
1,7557,0.0013602318264111079,0.06036166199881853,0.24371813107012077,0.6945599751046475,50,20,20
1,7558,0.0013602944786089192,0.06009722134851956,0.2443483429634673,0.6941941412094024,50,20,20
1,7559,0.0013602944786089192,0.0600972213485194,0.24434829565530763,0.6941941885175622,50,20,20
1,7560,0.001360294479402568,0.06009722134350984,0.24988574389165688,0.6886567402854289,50,20,20
1,7561,0.001360294479402568,0.06009722134351406,0.24989054227058488,0.6886519419064966,50,20,20
1,7562,0.001360294479402568,0.06009722134353208,0.2498968844650828,0.6886455997119808,50,20,20
1,7563,0.001360294479402568,0.060097221343527865,0.24989865256483182,0.6886438316122359,50,20,20
1,7564,0.0013602944794025883,0.0600972213441858,0.2502043389943832,0.6883381451820263,50,20,20
1,7565,0.001360295496694564,0.06014915141509272,0.25015238993011996,0.6883381631580907,50,20,20
1,7566,0.0013602954966945658,0.06014915141509671,0.250318704667252,0.6881718484209547,50,20,20
1,7567,0.0013602954966945662,0.06014915141514292,0.26345218003240234,0.6750383730557584,50,20,20
1,7568,0.0013602954966945662,0.06014915141514514,0.2634523115886699,0.6750382414994884,50,20,20
1,7569,0.001360295496694566,0.06017459380694511,0.2634268691953719,0.6750382415009866,50,20,20
1,7570,0.001360295496694566,0.06017459380694289,0.26342667046537394,0.6750384402309867,50,20,20
1,7571,0.001360295496694566,0.06017459380705989,0.2643238263811045,0.674141284315139,50,20,20
1,7572,0.0013602954966946007,0.060174593806650876,0.2634307475410181,0.6750343631556345,50,20,20
1,7573,0.0013602954966946007,0.06017459382407514,0.2637258116801035,0.6747392989991248,50,20,20
1,7574,0.0013602954966947533,0.060174593824073294,0.26393795320214275,0.6745271574770875,50,20,20
1,7575,0.0013602954966947533,0.06017459382407612,0.2639381489446992,0.6745269617345282,50,20,20
1,7576,0.001360295496694796,0.060174593852471064,0.2641612911429722,0.6743038195078601,50,20,20
1,7577,0.0013602954966947967,0.06017459385252013,0.26416857439067915,0.6742965362601041,50,20,20
1,7578,0.0013602954966947967,0.06017459383531402,0.27355153151930917,0.6649135791486804,50,20,20
1,7579,0.001360295641062671,0.06017459798138297,0.2740566644168602,0.6644084419606925,50,20,20
1,7580,0.001360295641062407,0.06017459798129625,0.2743149201121836,0.6641501862654563,50,20,20
1,7581,0.0013602956406990393,0.060174597980871575,0.2743095141299636,0.6641555922484644,50,20,20
1,7582,0.0013602956406990393,0.06014027645187363,0.27434383566046017,0.6641555922469657,50,20,20
1,7583,0.001360295640714677,0.060067189649324455,0.27441692243914684,0.6641555922708128,50,20,20
1,7584,0.001360295640714677,0.060067189649431564,0.27463688157888766,0.6639356331309648,50,20,20
1,7585,0.0013602956407146763,0.06006718967105008,0.27550310402015993,0.663069410668074,50,20,20
1,7586,0.0013602956407146745,0.06006718967143021,0.27535240434819164,0.6632201103396622,50,20,20
1,7587,0.0013602956407146745,0.0600671896714303,0.27535246682391606,0.6632200478639377,50,20,20
1,7588,0.0013602956407146169,0.06006718967145807,0.2753502857196765,0.6632222289681498,50,20,20
1,7589,0.0013602956407146244,0.06006718967152639,0.27553705183080973,0.6630354628569484,50,20,20
1,7590,0.017629877827771596,0.060070277786123824,0.259293719962393,0.6630061244237107,50,20,20
1,7591,0.017629818388942328,0.06111722512605456,0.2582563564327611,0.6629966000522407,50,20,20
1,7592,0.01762981846131511,0.06111792783102545,0.25834850037644586,0.6629037533312124,50,20,20
1,7593,0.01762981846131511,0.061117927831026694,0.25808619168345465,0.6631660620242025,50,20,20
1,7594,0.01762981846131511,0.06111792783102534,0.2580832736213504,0.663168980086308,50,20,20
1,7595,0.01762981846131511,0.06111792783102535,0.2580835483232539,0.6631687053844044,50,20,20
1,7596,0.017629818462964384,0.0611179278311731,0.24502451000902392,0.6762277436968369,50,20,20
1,7597,0.017629818462964384,0.06111792783117309,0.24501369644989804,0.6762385572559627,50,20,20
1,7598,0.017629818462964384,0.06111792783125754,0.24501375714059584,0.6762384965651804,50,20,20
1,7599,0.0012224152405790826,0.06113370457635371,0.26136311247144184,0.6762807677116239,50,20,20
1,7600,0.0012224152405790826,0.06113370457646074,0.26136646778162825,0.6762774124013307,50,20,20
1,7601,0.0012224152405790618,0.06113370457580279,0.26106381709896237,0.6765800630846545,50,20,20
1,7602,0.001222419540468559,0.06114349112228441,0.26105402625325036,0.6765800630839971,50,20,20
1,7603,0.001222419540468559,0.06114349112234462,0.26106219642039363,0.6765718929167934,50,20,20
1,7604,0.0012224195404685586,0.06114349112229555,0.2610554274501979,0.6765786618870382,50,20,20
1,7605,0.0012224195404685586,0.061143491122295425,0.26105521226196954,0.6765788770752669,50,20,20
1,7606,0.0012224195404685586,0.06114349112229542,0.2610551683939147,0.6765789209433217,50,20,20
1,7607,0.001222419540468559,0.06114349112229541,0.26105521128072884,0.6765788780565076,50,20,20
1,7608,0.0012224290070338172,0.06114643867237095,0.24266354451002808,0.6949675878105661,50,20,20
1,7609,0.001222429007033847,0.06114643883398873,0.24280964427474483,0.6948214878842316,50,20,20
1,7610,0.001222429007034194,0.06114643889514058,0.24294255577231672,0.6946885763255075,50,20,20
1,7611,0.0008151004963834335,0.061146411992951746,0.24334991264516462,0.6946885748655006,50,20,20
1,7612,0.0008151004963854908,0.06114641196455686,0.24312822856626642,0.6949102589727917,50,20,20
1,7613,0.0008151004963833908,0.06114641196455675,0.24312658415420615,0.6949119033848542,50,20,20
1,7614,0.0008151004963833909,0.06114641196455679,0.24312662762349496,0.6949118599155654,50,20,20
1,7615,0.0008151004963834081,0.06114641196438972,0.24312005540018514,0.6949184321390424,50,20,20
1,7616,0.0008151010130438402,0.06114641352332452,0.24312005332522463,0.6949184321384082,50,20,20
1,7617,0.0008151010130438402,0.061146413523296105,0.24312005873122075,0.6949184267324405,50,20,20
1,7618,0.0008151010130438257,0.06114641352309956,0.2436759647460679,0.6943625207177901,50,20,20
1,7619,0.0008151010130439326,0.06114641336147991,0.24353389458662683,0.6945045910388508,50,20,20
1,7620,0.0008151010130439347,0.06114641336174413,0.24297607313910283,0.6950624124861107,50,20,20
1,7621,0.0008151010130439347,0.06114641336174148,0.24297587975653465,0.6950626058686815,50,20,20
1,7622,0.0008151010130668265,0.061146413362429666,0.24328582843024868,0.6947526571942565,50,20,20
1,7623,0.0008151010130439346,0.06114641336175009,0.2429695920905408,0.6950688935346667,50,20,20
1,7624,0.0008151010130439348,0.06118137442327161,0.24293463102901885,0.6950688935346673,50,20,20
1,7625,0.0008151010130439764,0.06118137442305404,0.2520996641625767,0.6859038604013267,50,20,20
1,7626,0.0008151010130439764,0.06118137442305401,0.25209951053528423,0.6859040140286191,50,20,20
1,7627,0.0008151011246665682,0.06258805075022231,0.2506863180210014,0.6859105301041114,50,20,20
1,7628,0.000815101124666568,0.06258805075013785,0.25068612175491994,0.6859107263702774,50,20,20
1,7629,0.000815101124666568,0.06258805075013912,0.2506964116886589,0.6859004364365374,50,20,20
1,7630,0.0008154394806997355,0.06258851519721179,0.2506956032176003,0.68590044210449,50,20,20
1,7631,0.0008154394807039045,0.06258851519762476,0.2507847570114741,0.685811288310199,50,20,20
1,7632,0.0008154394807039045,0.06258851519761793,0.2507950378984086,0.6858010074232713,50,20,20
1,7633,0.0008154394807038872,0.06258851519761778,0.25079023458601724,0.6858058107356629,50,20,20
1,7634,0.0008154394807038872,0.06258851519761775,0.2507901282959481,0.6858059170257321,50,20,20
1,7635,0.0008154444760554477,0.0615376746645763,0.2518409721639618,0.6858059086954077,50,20,20
1,7636,0.0008154444760553114,0.0615376746645932,0.2521723416304933,0.6854745392288595,50,20,20
1,7637,0.0008154444760553118,0.061537674664575326,0.2521660582124776,0.6854808226468931,50,20,20
1,7638,0.0008154444760459538,0.06144255132336817,0.2522611815536402,0.6854808226469467,50,20,20
1,7639,0.00037548684620198063,0.06144047369386553,0.25397758027874473,0.6842064591811878,50,20,20
1,7640,0.00037548582906672375,0.06463944905611489,0.2507786850658962,0.6842063800489221,50,20,20
1,7641,0.0003754815308978405,0.06464935985856245,0.2507687785616161,0.6842063800489236,50,20,20
1,7642,0.0003754815308978405,0.06464935985856253,0.2507687741318881,0.6842063844786517,50,20,20
1,7643,0.0003754815308978405,0.06464935985838671,0.25145771348383045,0.6835174451268853,50,20,20
1,7644,0.0003754815308979029,0.06464935985838671,0.2514651776245142,0.6835099809862014,50,20,20
1,7645,0.0003754815309565798,0.06464935986362258,0.2570405321531014,0.6779346264523204,50,20,20
1,7646,0.000375481530774776,0.061396481970663046,0.25980619590818493,0.6784218405903782,50,20,20
1,7647,0.0003754815307747767,0.06133620785752634,0.2598664700213176,0.6784218405903824,50,20,20
1,7648,0.0003754815307747767,0.061336207835906674,0.2589924949553706,0.6792958156779488,50,20,20
1,7649,3.232168767688266e-05,0.06131734167630368,0.25939683711122813,0.6792534995247919,50,20,20
1,7650,3.2323560261476984e-05,0.06130687490024033,0.25940730208164803,0.6792534994578503,50,20,20
1,7651,3.2323560261129985e-05,0.06130687483909256,0.25927825045272196,0.6793825511479247,50,20,20
1,7652,3.232356026112999e-05,0.06130687483943221,0.2595729465712302,0.6790878550290771,50,20,20
1,7653,3.2323560261130406e-05,0.06130687483943216,0.2595728192448478,0.6790879823554596,50,20,20
1,7654,3.232356026113041e-05,0.06130687483943063,0.25956684485083664,0.6790939567494721,50,20,20
1,7655,3.232356026113041e-05,0.061306874839430626,0.25956675203679047,0.6790940495635185,50,20,20
1,7656,3.232356026097782e-05,0.061306874839430626,0.2593544376245154,0.6793063639757939,50,20,20
1,7657,3.232356026097782e-05,0.06130687483943462,0.25935467642530996,0.6793061251749952,50,20,20
1,7658,3.232356026097576e-05,0.061306874840344416,0.2593579397211436,0.6793028618782518,50,20,20
1,7659,3.232356026097577e-05,0.061306874840344416,0.259358039407757,0.6793027621916385,50,20,20
1,7660,3.231394853419397e-05,0.06130392314419141,0.2577498532447504,0.6809139096625245,50,20,20
1,7661,3.2313989245042504e-05,0.061302447236985406,0.257474592197223,0.6811906465765474,50,20,20
1,7662,3.2313989186935156e-05,0.06130244723173946,0.25188189859789084,0.6867833401811835,50,20,20
1,7663,3.2313989187144976e-05,0.061302447231739506,0.2518819618819458,0.6867832768971283,50,20,20
1,7664,3.231398918714498e-05,0.061302447231739506,0.251876485498766,0.6867887532803083,50,20,20
1,7665,3.2313912249807474e-05,0.06130174459748715,0.2513303385214606,0.6873356029688037,50,20,20
1,7666,3.231391224980747e-05,0.061301744597147774,0.2510354840798485,0.687630457410755,50,20,20
1,7667,3.231214138497156e-05,0.0654981864961969,0.24683904090968942,0.6876304604527299,50,20,20
1,7668,3.23121413847619e-05,0.06549818649619692,0.24684273658935077,0.6876267647730687,50,20,20
1,7669,3.231214138486158e-05,0.06549818659418073,0.2472542463709132,0.6872152548935224,50,20,20
1,7670,5.555457602405842e-07,0.06549818163512316,0.23434983720991812,0.7001514256091994,50,20,20
1,7671,5.55545760240588e-07,0.06549818163512316,0.23435900624642966,0.7001422565726878,50,20,20
1,7672,5.555457602329983e-07,0.06549818163532989,0.2155339437247282,0.7189673190941828,50,20,20
1,7673,5.555457602573878e-07,0.06549818163532989,0.21553711827928537,0.7189641445396255,50,20,20
1,7674,5.473372708404567e-07,0.08487924728449746,0.19615606289964088,0.7189641424785914,50,20,20
1,7675,5.473372666905364e-07,0.08487924729345794,0.196534557169316,0.7185856481999601,50,20,20
1,7676,5.360178244543701e-07,0.0848793116498421,0.19653450415775697,0.7185856481745769,50,20,20
1,7677,5.362273917009571e-07,0.08139534370363562,0.20001847486486102,0.7185856452041121,50,20,20
1,7678,5.362273917342651e-07,0.08139534370407323,0.2000560541453157,0.7185480659232197,50,20,20
1,7679,5.362273917342679e-07,0.08139534370407295,0.2000560498383418,0.7185480702301941,50,20,20
1,7680,5.360539244916991e-07,0.08139534310883546,0.19953476688475696,0.7190693539524835,50,20,20
1,7681,5.360539245011365e-07,0.08139534310884633,0.1995348489697353,0.7190692718674943,50,20,20
1,7682,5.360539244763296e-07,0.08139534310884888,0.19953184649971864,0.7190722743375084,50,20,20
1,7683,5.360539244763224e-07,0.08139534310884888,0.19952751980442532,0.7190766010328018,50,20,20
1,7684,5.360539244794862e-07,0.0813953431088488,0.19952731510580865,0.7190768057314186,50,20,20
1,7685,5.360539244763388e-07,0.08139534310888824,0.19953004556883516,0.7190740752683525,50,20,20
1,7686,5.360539244763289e-07,0.08139534310885235,0.19953010897543927,0.7190740118617843,50,20,20
1,7687,5.360539244378713e-07,0.08139534310834642,0.19930582364771968,0.7192982971900099,50,20,20
1,7688,5.360539244378713e-07,0.08139534310834227,0.1993056818464417,0.7192984389912921,50,20,20
1,7689,5.360539244380911e-07,0.08139534310834227,0.199305541100854,0.7192985797368798,50,20,20
1,7690,5.360539537131953e-07,0.08139534316083581,0.19942461731601344,0.7191795034691976,50,20,20
1,7691,5.360539536508011e-07,0.08139534420738913,0.2002684157115955,0.7183357040270623,50,20,20
1,7692,5.360539536507894e-07,0.08139534420739664,0.2002850968507321,0.7183190228879183,50,20,20
1,7693,5.360539536850899e-07,0.08078251335816362,0.2008979276983348,0.7183190228895484,50,20,20
1,7694,5.360539536850811e-07,0.08078251335816362,0.20089793011966953,0.7183190204682135,50,20,20
1,7695,5.360539536897317e-07,0.08078251492978435,0.20092882365742765,0.7182881253588347,50,20,20
1,7696,5.357419311311994e-07,0.0801136433827974,0.2015976896409395,0.7182881312343323,50,20,20
1,7697,5.357419311313814e-07,0.08011364338291407,0.20204266052217904,0.717843160352976,50,20,20
1,7698,5.357417004457065e-07,0.08072538631227118,0.20143092201442026,0.7178431559316083,50,20,20
1,7699,5.357417004484087e-07,0.08072538631227184,0.20142184660303333,0.7178522313429946,50,20,20
1,7700,5.351148346491808e-07,0.07931974517951823,0.20273016656053083,0.7179495531451164,50,20,20
1,7701,5.351179989690348e-07,0.07931974517823855,0.2027786476668768,0.7179010720368858,50,20,20
1,7702,5.351179989690348e-07,0.07931974517823855,0.20277892526089325,0.7179007944428694,50,20,20
1,7703,5.351179989720084e-07,0.07931974517823855,0.20277756038950895,0.7179021593142536,50,20,20
1,7704,5.351180021901909e-07,0.07931974517865177,0.20277866688927773,0.7179010528140684,50,20,20
1,7705,5.351180021945134e-07,0.07936298903521777,0.20273542303271558,0.7179010528140644,50,20,20
1,7706,5.351180021511397e-07,0.07936298903544237,0.2027359108050661,0.7179005650414892,50,20,20
1,7707,5.35118002150961e-07,0.0793629890353258,0.2023066247239072,0.7183298511227649,50,20,20
1,7708,5.351180022499709e-07,0.07936298903532592,0.2023060710741094,0.7183304047725625,50,20,20
1,7709,5.351180050519431e-07,0.07936298903536744,0.2023115405974333,0.7183249352491942,50,20,20
1,7710,5.351180049558803e-07,0.07936298903641252,0.20231672755029734,0.718319748295285,50,20,20
1,7711,5.351175158035658e-07,0.07936298881879951,0.20315528890465728,0.7174811871590272,50,20,20
1,7712,5.351175157993186e-07,0.07937991433849716,0.20313836338496036,0.7174811871590265,50,20,20
1,7713,5.351175157992067e-07,0.07937991433854037,0.20314287464446001,0.7174766758994838,50,20,20
1,7714,5.351175158105232e-07,0.07937991433855421,0.20314123350913643,0.7174783170347935,50,20,20
1,7715,5.351175152425993e-07,0.07937991433855646,0.20314052522997783,0.7174790253139505,50,20,20
1,7716,5.351175152398933e-07,0.07937991433855579,0.20314043368793688,0.7174791168559921,50,20,20
1,7717,5.351175152381693e-07,0.07937991433855482,0.2031403738826879,0.7174791766612421,50,20,20
1,7718,3.890940683492516e-06,0.07937984988675484,0.20313708249827708,0.717479176674284,50,20,20
1,7719,3.890940683492515e-06,0.07937984988674734,0.20312030146177784,0.7174959577107909,50,20,20
1,7720,3.890940667857954e-06,0.07937528132376688,0.20312487005067098,0.7174959576848937,50,20,20
1,7721,3.890940667897556e-06,0.07937528132550171,0.18952529095648166,0.7310955367773486,50,20,20
1,7722,2.559681015341963e-05,0.07937528131955668,0.1895035851060951,0.7310955367641947,50,20,20
1,7723,2.559681015341487e-05,0.07937527974793804,0.18947251743024013,0.7311266060116686,50,20,20
1,7724,2.559936324838764e-05,0.07937527975689199,0.1870879787104143,0.7335111421694454,50,20,20
1,7725,2.5599363248388075e-05,0.07937527975689199,0.18709276285772242,0.7335063580221375,50,20,20
1,7726,2.559936324838808e-05,0.07937527975689186,0.187092523232439,0.7335065976474209,50,20,20
1,7727,2.5599363248388088e-05,0.07937527975715414,0.18709280586780366,0.7335063150117938,50,20,20
1,7728,2.5599363248373794e-05,0.0793752797571403,0.18709071818346742,0.7335084026961439,50,20,20
1,7729,2.559936327943308e-05,0.07937523752646788,0.17474821468240187,0.7458509484278509,50,20,20
1,7730,2.5540882707330775e-05,0.07937523747438671,0.1747482746334881,0.7458509470094178,50,20,20
1,7731,2.5540882707330345e-05,0.07937523747439786,0.17474375652530214,0.7458554651175926,50,20,20
1,7732,2.5540882707330345e-05,0.07937523747490047,0.17508692983166096,0.7455122918107311,50,20,20
1,7733,2.5540882707329823e-05,0.07937523750706556,0.17509302038928232,0.7455062012209447,50,20,20
1,7734,2.5540882680740744e-05,0.07937523757195149,0.17323778857137323,0.7473614329739945,50,20,20
1,7735,2.5540884088828885e-05,0.08401684656841074,0.1685961795421561,0.7473614330053445,50,20,20
1,7736,2.5540885206216124e-05,0.08401684656854005,0.16871993603062904,0.7472376765156248,50,20,20
1,7737,2.554088521204396e-05,0.08401013317381159,0.16872664943492321,0.7472376765060534,50,20,20
1,7738,2.554088521204396e-05,0.08401013317390252,0.16872674126223206,0.7472375846786535,50,20,20
1,7739,2.5540885212043098e-05,0.08401032620473162,0.16872654823140296,0.7472375846786535,50,20,20
1,7740,2.5540885212043098e-05,0.08401032620473167,0.1687266396114287,0.7472374932986279,50,20,20
1,7741,2.554084449148874e-05,0.0840094870649804,0.1689710918774789,0.7469938802130492,50,20,20
1,7742,2.554084449148872e-05,0.08400948706497974,0.16897103557014603,0.7469939365203828,50,20,20
1,7743,2.554084132716905e-05,0.08400948706529814,0.1692036103875681,0.7467613617058068,50,20,20
1,7744,2.554084132716983e-05,0.0840094870653039,0.1692692999952824,0.7466956720980867,50,20,20
1,7745,2.554084180102431e-05,0.08400948706549309,0.16927426278414726,0.746690709308559,50,20,20
1,7746,2.554084180102431e-05,0.08400892549432827,0.16927482435471253,0.7466907093091585,50,20,20
1,7747,2.554084180102431e-05,0.0840095158555563,0.16927423399408403,0.7466907093085591,50,20,20
1,7748,2.5538288706011082e-05,0.08400951584486739,0.16525857116339637,0.7507063747030306,50,20,20
1,7749,2.55382887060118e-05,0.08400951584436221,0.1649152266410396,0.7510497192258926,50,20,20
1,7750,2.5538288706011858e-05,0.0840095158443622,0.16507786394121723,0.7508870819257151,50,20,20
1,7751,2.5538288706013454e-05,0.08400951584426015,0.16508152426602404,0.7508834216010104,50,20,20
1,7752,2.5538287375444583e-05,0.08404429345895831,0.16504674656009286,0.7508834216935738,50,20,20
1,7753,2.5538287375483038e-05,0.08404429345895847,0.16504681817610414,0.7508833500775622,50,20,20
1,7754,2.5538285726207558e-05,0.08404429345918914,0.16498892927329803,0.7509412389817868,50,20,20
1,7755,2.553828572620748e-05,0.08404429345917215,0.1646534419223523,0.7512767263327496,50,20,20
1,7756,2.5538285726278407e-05,0.08404429345893517,0.16465553048150536,0.7512746377738335,50,20,20
1,7757,2.553828572627868e-05,0.08404429241239672,0.16380888074590838,0.7521212885559688,50,20,20
1,7758,2.5538285726278624e-05,0.08404429241239664,0.163630466461775,0.7522997028401024,50,20,20
1,7759,2.553828572627822e-05,0.08404429241239648,0.16363040236077,0.7522997669411075,50,20,20
1,7760,2.5538285252423738e-05,0.08404429241220891,0.16363600415759616,0.7522941651449427,50,20,20
1,7761,2.5538285252425767e-05,0.08404429241222147,0.16363590738685402,0.7522942619156724,50,20,20
1,7762,3.2622463730697275e-05,0.08405167140122366,0.163610967508731,0.752304738626315,50,20,20
1,7763,3.262246373075697e-05,0.08405167140122367,0.1635974100139241,0.7523182961211218,50,20,20
1,7764,3.2622463730754934e-05,0.0840516714012026,0.16361360024123298,0.7523021058938341,50,20,20
1,7765,3.262246373075488e-05,0.08405167140120053,0.16361025275519062,0.7523054533798782,50,20,20
1,7766,3.2622463730761724e-05,0.08405167140223427,0.16361670267401032,0.7522990034600248,50,20,20
1,7767,3.2622463730761724e-05,0.08405167137005104,0.1636234871024255,0.752292219063793,50,20,20
1,7768,3.2622463731209574e-05,0.08348628973539221,0.1641888687370902,0.7522922190637867,50,20,20
1,7769,3.262246373120273e-05,0.08348628973435847,0.16418241665712305,0.7522986711447875,50,20,20
1,7770,3.262246373124873e-05,0.0834862897343524,0.1672654409619742,0.7492156468399424,50,20,20
1,7771,3.262246373124944e-05,0.08348628974025116,0.17544165486698352,0.7410394329290344,50,20,20
1,7772,3.2622463725421425e-05,0.08345339861513125,0.17547454599211434,0.7410394329290293,50,20,20
1,7773,3.2622463725396326e-05,0.083453398615124,0.17238916587034894,0.7441248130508019,50,20,20
1,7774,3.262246372539633e-05,0.08345339863326712,0.17238834690557905,0.7441256319974288,50,20,20
1,7775,3.262261293888959e-05,0.0788430404798016,0.17699859968025855,0.744125737227001,50,20,20
1,7776,3.262261293889364e-05,0.078843040482572,0.1841162559971991,0.7370080809072899,50,20,20
1,7777,3.262261290961844e-05,0.07884304043007836,0.18399432436079444,0.7371300125962176,50,20,20
1,7778,3.2622612909616954e-05,0.07884304043009609,0.18427937710342795,0.7368449598535664,50,20,20
1,7779,3.2622612909618275e-05,0.07884304042969745,0.18426856545761097,0.736855771499782,50,20,20
1,7780,5.322571828432795e-05,0.07884668638117324,0.17974896183840416,0.7413511260621379,50,20,20
1,7781,5.3225718281109754e-05,0.0788466863807206,0.17974506875960025,0.7413550191413977,50,20,20
1,7782,5.32257182846422e-05,0.0788466863807189,0.17974318761262226,0.7413569002883738,50,20,20
1,7783,5.3225718280059427e-05,0.07884668629725847,0.1744401301705294,0.7466599578139318,50,20,20
1,7784,5.322571828005916e-05,0.07884668629693489,0.17415217950280987,0.7469479084819749,50,20,20
1,7785,5.322571828006185e-05,0.07884651612673194,0.1741523496730126,0.7469479084819751,50,20,20
1,7786,3.2654633835412056e-05,0.07884273841964387,0.17858514403804399,0.7425394629084764,50,20,20
1,7787,3.265463383537906e-05,0.07884273841958818,0.17856756473530425,0.742557042211272,50,20,20
1,7788,2.5571124990656462e-05,0.07883536643005255,0.17169053128476622,0.7494485311601901,50,20,20
1,7789,2.5571123873269172e-05,0.07883536642992324,0.17156228419693675,0.7495767782492664,50,20,20
1,7790,2.5571124685052447e-05,0.07475683690131614,0.17564081372476548,0.749576778249233,50,20,20
1,7791,2.557112469937662e-05,0.07475683690111222,0.17510936994521825,0.7501082220289698,50,20,20
1,7792,2.557112469937661e-05,0.07475683690167344,0.17512746720930228,0.7500901247643245,50,20,20
1,7793,2.5587189908299123e-05,0.07472837552800125,0.17515591846249057,0.7500901188195993,50,20,20
1,7794,2.8417525468133092e-05,0.07476019384877515,0.17513141264606516,0.7500799759796909,50,20,20
1,7795,2.8417530012488375e-05,0.07476019384613583,0.16801826194196817,0.757193126681883,50,20,20
1,7796,4.059785851410994e-05,0.07475972976226665,0.16800655121842442,0.7571931211607935,50,20,20
1,7797,2.860184858704787e-05,0.07475980150424544,0.16801838024565752,0.7571932164015088,50,20,20
1,7798,2.8601848587052524e-05,0.07475980150439243,0.16801000281759634,0.7572015938294229,50,20,20
1,7799,2.860184858748147e-05,0.07535511621581813,0.16741468810780497,0.7572015938277882,50,20,20
1,7800,5.820395282342446e-05,0.07532241816229926,0.16759838796783919,0.7570209899170369,50,20,20
1,7801,5.820395201164118e-05,0.07944327174675295,0.16347753438420398,0.7570209899170303,50,20,20
1,7802,5.8203098158099296e-05,0.07944326473243513,0.15071498612504577,0.76978354604436,50,20,20
1,7803,5.8203098158099296e-05,0.07944326473243513,0.15071480245519017,0.7697837297142155,50,20,20
1,7804,5.8203098159378044e-05,0.07944326473222846,0.15070146260295364,0.7697970695666575,50,20,20
1,7805,5.820309815937807e-05,0.07944326473129323,0.15036610827498773,0.7701324238955587,50,20,20
1,7806,5.820309815938049e-05,0.07944326472539733,0.1493117817740945,0.7711867504023477,50,20,20
1,7807,5.8203098159320805e-05,0.07944326472540086,0.1493119264000655,0.7711866057763733,50,20,20
1,7808,5.8203098159320046e-05,0.07944326472435617,0.14930684040041403,0.7711916917770694,50,20,20
1,7809,5.820309815932006e-05,0.07944326472435626,0.14930691364062454,0.7711916185368588,50,20,20
1,7810,5.820309815931811e-05,0.07944326472435576,0.149306750560129,0.7711917816173548,50,20,20
1,7811,5.8203093614958774e-05,0.07944326472422486,0.14930225283728046,0.7711962793448786,50,20,20
1,7812,5.8203809234810894e-05,0.07941295258946059,0.14933266935427633,0.7711961742470268,50,20,20
1,7813,5.82038221399214e-05,0.07941295342474003,0.14951914498933339,0.7710096977637853,50,20,20
1,7814,5.820382213992137e-05,0.07941295342473978,0.14951927387091782,0.771009568882201,50,20,20
1,7815,5.820382213992138e-05,0.07941295342474057,0.14951933442450197,0.7710095083286161,50,20,20
1,7816,5.82038221399214e-05,0.07941295342474079,0.14952488029796948,0.7710039624551485,50,20,20
1,7817,5.82038221398684e-05,0.0794129534154061,0.14920923410130227,0.7713196086611503,50,20,20
1,7818,5.82038221398684e-05,0.07941295341540615,0.14920923943339912,0.7713196033290535,50,20,20
1,7819,5.8203822139867156e-05,0.07941295341547368,0.1492036224925724,0.7713252202698127,50,20,20
1,7820,5.820382213987853e-05,0.07941295341568008,0.14927948676046388,0.7712493560017147,50,20,20
1,7821,3.314208163072686e-05,0.0794129541200785,0.1493045471777782,0.771249356620511,50,20,20
1,7822,3.314208163073145e-05,0.07941295412007875,0.14930659931366652,0.7712473044846226,50,20,20
1,7823,3.3142081630726635e-05,0.0794129541200785,0.14930454780165398,0.7712493559966354,50,20,20
1,7824,3.3142081630727116e-05,0.07941295412017894,0.16821943727928992,0.752334466518899,50,20,20
1,7825,3.31420816307271e-05,0.07941295412052522,0.16823509389006636,0.7523188099077764,50,20,20
1,7826,3.314208163079381e-05,0.0794129541205258,0.1737989706543686,0.7467549331434736,50,20,20
1,7827,3.314208163079381e-05,0.07941295410238254,0.1737837522626278,0.7467701515533577,50,20,20
1,7828,3.314208163079381e-05,0.07941295410238251,0.17378387088500755,0.7467700329309781,50,20,20
1,7829,3.314208163079388e-05,0.07941295410235569,0.1739690728183918,0.7465848309976206,50,20,20
1,7830,3.314208163079286e-05,0.07941295410220409,0.1739687836660427,0.7465851201501214,50,20,20
1,7831,3.314208163079102e-05,0.07941293601297533,0.17396880175527152,0.7465851201501214,50,20,20
1,7832,3.31420816308467e-05,0.07941293601297635,0.17396897068809236,0.7465849512172995,50,20,20
1,7833,3.31420816308544e-05,0.07941293664810542,0.17200800185789103,0.7485459194123717,50,20,20
1,7834,3.314208162818367e-05,0.07941293664806957,0.17225267729066243,0.748301243979639,50,20,20
1,7835,3.314208162889257e-05,0.07941293664807007,0.17225284228229204,0.7483010789880082,50,20,20
1,7836,3.314208162889257e-05,0.07941293664807038,0.17225293265457456,0.7483009886157255,50,20,20
1,7837,3.31420816288926e-05,0.07941427120526066,0.17225159809737872,0.748300988615731,50,20,20
1,7838,3.314208162918529e-05,0.07242952310366849,0.17923634619897608,0.7483009886157255,50,20,20
1,7839,3.3142081629186526e-05,0.07242952310367587,0.17924004302534097,0.7482972917893532,50,20,20
1,7840,3.3142081629186526e-05,0.07242952310311877,0.1792350142964752,0.7483023205187763,50,20,20
1,7841,3.314208162918187e-05,0.07242952310296859,0.1792314462287073,0.7483058885866943,50,20,20
1,7842,3.314208162918197e-05,0.07242952310298781,0.1792316484413106,0.7483056863740718,50,20,20
1,7843,3.314122030362238e-05,0.07242073474557896,0.17924043782316829,0.7483056862109485,50,20,20
1,7844,3.3141207398511864e-05,0.07242073391025228,0.17904581276370848,0.7485003121186402,50,20,20
1,7845,3.3141207398508733e-05,0.07242073391025915,0.1719418468518624,0.7556042780304795,50,20,20
1,7846,3.314120740790102e-05,0.07242073391025923,0.17194516682907346,0.755600958053259,50,20,20
1,7847,3.312708679452143e-05,0.07240529639421898,0.17196061846817665,0.7556009580508091,50,20,20
1,7848,3.312708679452122e-05,0.07240529639422305,0.1719736534294042,0.7555879230895773,50,20,20
1,7849,3.312708679452022e-05,0.07240529639418405,0.17181706473316452,0.755744511785856,50,20,20
1,7850,3.314521282813808e-05,0.07235134559297311,0.17187099749904305,0.7557445116951549,50,20,20
1,7851,3.3150731466675824e-05,0.07239852311801548,0.17182370150518328,0.7557446246453337,50,20,20
1,7852,3.315073146666461e-05,0.07239852311788623,0.1717563717592021,0.7558119543914443,50,20,20
1,7853,3.3150731466700415e-05,0.07239121435516122,0.1717636805219269,0.7558119543914446,50,20,20
1,7854,3.3150731466700205e-05,0.07239121435516122,0.17176377809524315,0.7558118568181282,50,20,20
1,7855,3.315073146693519e-05,0.07239121436383969,0.17162860912689948,0.7559470257777933,50,20,20
1,7856,3.3150731467579926e-05,0.07239121436391334,0.17162343397855243,0.755952200926066,50,20,20
1,7857,3.315073146757997e-05,0.07239121436383616,0.17161474105789767,0.7559608938467979,50,20,20
1,7858,3.315073146757053e-05,0.07239121436389358,0.17162296511881098,0.7559526697858273,50,20,20
1,7859,3.3150731467571286e-05,0.07239121446835572,0.17141145750801232,0.7561641772921637,50,20,20
1,7860,3.315073146733616e-05,0.07239121445961057,0.17136141703535354,0.7562142177735679,50,20,20
1,7861,3.315073146855699e-05,0.07239121382512746,0.16776409265362635,0.759811542789777,50,20,20
1,7862,3.315073146855699e-05,0.07239121382512739,0.16776412644107855,0.7598115090023247,50,20,20
1,7863,3.315073146855621e-05,0.07239121382512163,0.16769816030584805,0.7598774751375609,50,20,20
1,7864,3.315073146855621e-05,0.07239121382512159,0.16769815457549747,0.7598774808679117,50,20,20
1,7865,3.3150731468556155e-05,0.07239121382514009,0.16770036708101346,0.7598752683623772,50,20,20
1,7866,3.315073146845481e-05,0.0723912138251834,0.1674532112111096,0.7601224242322379,50,20,20
1,7867,3.3150731468454816e-05,0.07239121383988248,0.16772823645403145,0.7598473989746171,50,20,20
1,7868,3.31507314680042e-05,0.05728700167843148,0.18283244861548315,0.7598473989746165,50,20,20
1,7869,3.31507314680042e-05,0.057287001678431704,0.18283254540090602,0.7598473021891934,50,20,20
1,7870,3.315073146800455e-05,0.05728700167843437,0.18283848312043316,0.7598413644696635,50,20,20
1,7871,3.315073146800947e-05,0.057287001679535,0.18293580471204135,0.7597440428769547,50,20,20
1,7872,3.315073146790979e-05,0.05728700158155119,0.1825146307285527,0.7601652169584273,50,20,20
1,7873,3.31507314585175e-05,0.0572870015815513,0.18252675058638101,0.7601530971006082,50,20,20
1,7874,3.31507314585175e-05,0.0572870015815513,0.18252675276770614,0.7601530949192832,50,20,20
1,7875,3.3150731444330925e-05,0.05728700158186629,0.18235801797049858,0.7603218297161902,50,20,20
1,7876,3.315073163868142e-05,0.06377566362658314,0.17586935592480885,0.7603218297169687,50,20,20
1,7877,3.315073163931778e-05,0.06377566362979144,0.17637359067819589,0.7598175949603727,50,20,20
1,7878,3.315073163931778e-05,0.06377566362978171,0.17635558803061036,0.7598355976079679,50,20,20
1,7879,3.3150731639317774e-05,0.06377566362943533,0.17633985624686957,0.759851329392055,50,20,20
1,7880,6.888857022801178e-07,0.0637795204130079,0.17636845577790783,0.7598513349233812,50,20,20
1,7881,6.888857022799675e-07,0.06377952041299356,0.17637099445642104,0.7598487962448824,50,20,20
1,7882,6.888857022787265e-07,0.06377952041298608,0.17637396033780878,0.7598458303635022,50,20,20
1,7883,6.888857022819535e-07,0.06377952041298802,0.1763742010963198,0.7598455896049892,50,20,20
1,7884,6.888857022819544e-07,0.06377952041298802,0.17637425989332914,0.7598455308079798,50,20,20
1,7885,6.888857022811543e-07,0.06377952030840828,0.1763800952913683,0.7598396955145205,50,20,20
1,7886,6.888857009859102e-07,0.06377952030776174,0.17637451867442244,0.7598452721321142,50,20,20
1,7887,6.888857009858955e-07,0.06377952030778272,0.17638126648717475,0.7598385243193411,50,20,20
1,7888,6.888857012562691e-07,0.06377952031241262,0.17693788799878984,0.7592819028030958,50,20,20
1,7889,6.888857012562692e-07,0.06377952031241696,0.17693812669848466,0.7592816641033966,50,20,20
1,7890,6.888857012562601e-07,0.06377952031243242,0.17692529846280142,0.7592944923390645,50,20,20
1,7891,6.888857012352519e-07,0.06377952031243088,0.17692290036170305,0.7592968904401645,50,20,20
1,7892,6.888857012352509e-07,0.06377952031243078,0.17692251186351904,0.7592972789383485,50,20,20
1,7893,6.88885701252021e-07,0.06377957330080194,0.17772708000274595,0.7584926578107504,50,20,20
1,7894,6.888877684959284e-07,0.06382053994865848,0.19158663798765624,0.7445921331759164,50,20,20
1,7895,6.888877684957515e-07,0.06382053994936232,0.19169735992521844,0.7444814112376502,50,20,20
1,7896,6.888877678510252e-07,0.06382053994928863,0.19170100825240574,0.7444777629105375,50,20,20
1,7897,6.888877672146712e-07,0.06382053994608183,0.1912067350362397,0.7449720361299108,50,20,20
1,7898,6.888877761123499e-07,0.06382053994537809,0.19109604565654542,0.7450827255103001,50,20,20
1,7899,6.888877777480953e-07,0.0638205399336024,0.19082397026756623,0.7453548009110533,50,20,20
1,7900,6.88887777748096e-07,0.06382053993360241,0.19082396593414652,0.7453548052444728,50,20,20
1,7901,6.65668392570912e-07,0.0647018785188689,0.1899427633436003,0.7453546924691377,50,20,20
1,7902,6.656683925709224e-07,0.06470187851884429,0.1899358478434146,0.7453616079693479,50,20,20
1,7903,6.656683925709104e-07,0.06470187851884418,0.18993201532765486,0.7453654404851079,50,20,20
1,7904,6.656683925710666e-07,0.06470187851884418,0.1899319933384524,0.7453654624743103,50,20,20
1,7905,6.656683925331699e-07,0.06470187851884403,0.1900759452648899,0.7452215105478729,50,20,20
1,7906,6.656683925299441e-07,0.0647018785188419,0.19007569692147172,0.7452217588912932,50,20,20
1,7907,2.014678695872015e-05,0.0647022296187697,0.190055864084641,0.74522175950963,50,20,20
1,7908,2.0144392391135598e-05,0.06469835015436252,0.19005975159073304,0.7452217538625128,50,20,20
1,7909,2.0144392391065043e-05,0.0646983501543435,0.1900584622013295,0.7452230432519354,50,20,20
1,7910,2.014439239106507e-05,0.06469835015434917,0.190070550919733,0.7452109545335265,50,20,20
1,7911,2.014439239106469e-05,0.06469835015434156,0.1900692614706902,0.7452122439825769,50,20,20
1,7912,2.0144392391065023e-05,0.06469835015433724,0.19006441948615635,0.7452170859671152,50,20,20
1,7913,2.0144392399949426e-05,0.059712985528187185,0.19504978411153162,0.7452170859678808,50,20,20
1,7914,2.057613358192141e-05,0.05971315983129042,0.19504901802325678,0.7452172460118706,50,20,20
1,7915,2.057613358192124e-05,0.05971315983129055,0.1950654077750164,0.7452008562601108,50,20,20
1,7916,2.0581391548253755e-05,0.06122840497288537,0.19354987687245537,0.7452011367631104,50,20,20
1,7917,2.0581391547983382e-05,0.0612284049682548,0.1929864492139093,0.7457645644262872,50,20,20
1,7918,2.0580965881362596e-05,0.06317633948693749,0.1910385152961468,0.7457645642510335,50,20,20
1,7919,2.058096588136249e-05,0.06317633948691925,0.1910384487953957,0.7457646307518029,50,20,20
1,7920,2.058096588136249e-05,0.06317633948692129,0.19103856708679967,0.7457645124603968,50,20,20
1,7921,2.0580965881364727e-05,0.06317633948705996,0.1910323244792069,0.745770755067851,50,20,20
1,7922,2.0580965881364737e-05,0.06317633948710955,0.19103978336510694,0.7457632961819013,50,20,20
1,7923,0.0020897219643839023,0.06317638452973902,0.18897054669327518,0.7457633468126014,50,20,20
1,7924,0.0020897219643838862,0.06317633167401533,0.18817629565347527,0.746557650708125,50,20,20
1,7925,0.0020897219643897774,0.06317633167394383,0.18763239107661353,0.747101555285052,50,20,20
1,7926,0.002089721964416193,0.06317633167394382,0.1876160511374364,0.7471178952242028,50,20,20
1,7927,0.0020897219644173434,0.06317633167395592,0.18761622440523623,0.7471177219563897,50,20,20
1,7928,0.0020897219644173486,0.06317633167395739,0.18762654839638285,0.7471073979652416,50,20,20
1,7929,2.0149012376374488e-05,0.06318595486292738,0.18968552746051393,0.7471083686641816,50,20,20
1,7930,2.0149012376236896e-05,0.06318595486260842,0.1896833582159352,0.7471105379090796,50,20,20
1,7931,2.0149012376231966e-05,0.06318595486260695,0.18967316260735964,0.7471207335176565,50,20,20
1,7932,2.014901237623197e-05,0.06318595486260695,0.18967848855164696,0.7471154075733694,50,20,20
1,7933,2.014901237623524e-05,0.06318595486260625,0.190028302122621,0.7467655940023958,50,20,20
1,7934,2.0149012376236486e-05,0.06318595486260632,0.1900145624557824,0.7467793336692344,50,20,20
1,7935,2.014901236733849e-05,0.06318595486260632,0.19001472257445,0.7467791735505758,50,20,20
1,7936,2.0143751335709756e-05,0.06249232768829024,0.19070863551275485,0.7467788930476185,50,20,20
1,7937,2.0143751334074583e-05,0.06249232768536696,0.19096353505713295,0.7465239935061652,50,20,20
1,7938,2.0143751334071324e-05,0.06249232768542789,0.1907942402970688,0.7466932882661683,50,20,20
1,7939,2.014375133412228e-05,0.062492327685366715,0.19898704357531588,0.7385004849879823,50,20,20
1,7940,2.0143751334189613e-05,0.06249232768535185,0.19898821587531942,0.7384993126879935,50,20,20
1,7941,2.0143751334189613e-05,0.062492327685351866,0.19899543050253685,0.7384920980607762,50,20,20
1,7942,1.245169690045562e-06,0.062492913859353634,0.19901371143872776,0.7384921295322274,50,20,20
1,7943,1.2451955434763298e-06,0.062492916210229336,0.1958318278704192,0.7416740107238069,50,20,20
1,7944,1.2451955434763275e-06,0.062492916210229135,0.19583173336828572,0.7416741052259406,50,20,20
1,7945,1.2451953488331044e-06,0.06298831825298074,0.1953363313265072,0.7416741052251621,50,20,20
1,7946,1.2451953488331425e-06,0.06298831825298133,0.19533855615381446,0.7416718803978545,50,20,20
1,7947,1.2451957956654495e-06,0.06298831825304099,0.19664606022576714,0.7403643763253952,50,20,20
1,7948,1.2452827315588597e-06,0.050097426336062595,0.2095369490242014,0.7403643793570044,50,20,20
1,7949,1.2452827360401905e-06,0.05009744145329737,0.21750181100967914,0.7323995022542873,50,20,20
1,7950,1.245282731559142e-06,0.05009747654489005,0.2103163880228215,0.7395848901495569,50,20,20
1,7951,1.245289207283028e-06,0.030890848874040144,0.2295230156871952,0.7395848901495573,50,20,20
1,7952,1.2452892072824665e-06,0.030890848874119286,0.2293793212955676,0.7397285845411058,50,20,20
1,7953,1.2452023863419723e-06,0.04669615966598129,0.21357401362279677,0.7397285815088354,50,20,20
1,7954,1.2452023863480013e-06,0.046696159665981354,0.2135687362294821,0.7397338589021502,50,20,20
1,7955,1.245201936001148e-06,0.04669615966587494,0.20356816180929693,0.749734433322892,50,20,20
1,7956,1.2452019363631232e-06,0.04669615966600591,0.2036156116779504,0.7496869834541073,50,20,20
1,7957,1.2452019363631774e-06,0.04669615966603068,0.20361583007049233,0.7496867650615405,50,20,20
1,7958,0.004904640981956696,0.04669609440840875,0.19870217986396535,0.7496970847456689,50,20,20
1,7959,0.004904640981957514,0.06051558492033512,0.18488268935199278,0.7496970847457143,50,20,20
1,7960,0.004904640981958804,0.06051558492052782,0.1933262839253986,0.7412534901721146,50,20,20
1,7961,0.004904640981958804,0.060515584920809884,0.19332670810174504,0.7412530659954861,50,20,20
1,7962,0.004904640981958804,0.060515584920813756,0.1933293273434422,0.741250446753785,50,20,20
1,7963,0.004904640981958805,0.0605155847881886,0.19331891765924333,0.7412608565706091,50,20,20
1,7964,0.004904640979891813,0.06047461814034726,0.17946534465577263,0.7551553962239875,50,20,20
1,7965,0.004904066209553588,0.06047368015956825,0.17946689010591652,0.755155363524961,50,20,20
1,7966,0.004904066209552437,0.06047368015955616,0.1794667157764406,0.7551555378544501,50,20,20
1,7967,0.004904066209554383,0.060473680161520056,0.1796196676132177,0.7550025860157072,50,20,20
1,7968,0.00490406620955413,0.06047368016150485,0.17961370394633097,0.7550085496826093,50,20,20
1,7969,0.004904066209555589,0.06047368016136472,0.17960980523328135,0.7550124483957977,50,20,20
1,7970,0.004904066209555589,0.0604736801612969,0.17960974438966215,0.7550125092394847,50,20,20
1,7971,0.004904066209555589,0.06047368016129122,0.1795973796757141,0.7550248739534385,50,20,20
1,7972,0.004904066209554881,0.0604736801617691,0.17959781793573143,0.7550244356929439,50,20,20
1,7973,0.0049040662096855505,0.060473681412609365,0.18341827078064887,0.7512039815970561,50,20,20
1,7974,0.0049040662096855505,0.06047368141232859,0.18341799915781595,0.7512042532201698,50,20,20
1,7975,0.0049040662096855635,0.06047368141120785,0.18332087030956404,0.7513013820695423,50,20,20
1,7976,0.0049040662096855574,0.060473681411210685,0.1833251223494457,0.7512971300296578,50,20,20
1,7977,0.004904066209685557,0.06047368141121063,0.18306696015136295,0.7515552922277408,50,20,20
1,7978,0.004904066209685557,0.0604736814113153,0.18307785173552926,0.7515444006434698,50,20,20
1,7979,0.0049040662096847395,0.062402153455678164,0.18114937969121267,0.7515444006434244,50,20,20
1,7980,0.0049040662095607,0.06448508980150476,0.1790664433456142,0.7515444006433196,50,20,20
1,7981,0.0049040662095607,0.06448508980150469,0.17906625671524515,0.7515445872736887,50,20,20
1,7982,0.004904066209561735,0.06448508980150722,0.17920783391015566,0.7514030100787746,50,20,20
1,7983,0.004904066209561716,0.06448508980145923,0.1791995711750735,0.7514112728139049,50,20,20
1,7984,0.0049040683149128555,0.06397714060284629,0.17970751404458937,0.7514112770376505,50,20,20
1,7985,0.004904068314912789,0.06397714060284175,0.17970602377342168,0.7514127673088228,50,20,20
1,7986,0.004904068314886373,0.06397714060284163,0.17970593034560967,0.7514128607366615,50,20,20
1,7987,0.0049040683148863715,0.06397714060284146,0.17970485574089337,0.7514139353413779,50,20,20
1,7988,0.021757727801055934,0.06396729428724691,0.1628622158332866,0.7514127620784095,50,20,20
1,7989,0.021757727801055934,0.0639672440784171,0.16208257050602198,0.7521924576145039,50,20,20
1,7990,0.021757727801055934,0.06396724407841729,0.16209988254653818,0.7521751455739876,50,20,20
1,7991,0.021757727801056517,0.06396724432045975,0.17574177920916156,0.7385332486693211,50,20,20
1,7992,0.021757727801068886,0.06396724432046251,0.17574164971409623,0.7385333781643715,50,20,20
1,7993,0.021757732158976938,0.06396937335102587,0.18168417315214516,0.7325887213378518,50,20,20
1,7994,0.021757732158976938,0.06396933362320625,0.18168421287992562,0.732588721337891,50,20,20
1,7995,0.021757732158997192,0.06396933362333435,0.18174996413912925,0.7325229700785392,50,20,20
1,7996,0.021757732158997192,0.06396933362333618,0.1817501326648375,0.732522801552829,50,20,20
1,7997,0.021757732158997137,0.06396933362356746,0.18176379095358622,0.7325091432638492,50,20,20
1,7998,0.02175773215899715,0.06396933362357063,0.1817639029734179,0.7325090312440142,50,20,20
1,7999,0.02175773215899715,0.06396933362354583,0.18176373542704766,0.7325091987904092,50,20,20
1,8000,0.021757732158996113,0.06396933362354332,0.18162226063242481,0.7326506735850356,50,20,20
1,8001,0.021757732158996113,0.06396933362354341,0.18160692831359299,0.7326660059038673,50,20,20
1,8002,0.021757732158995756,0.06396933362341242,0.1815593471553,0.7327135870622916,50,20,20
1,8003,0.021757732158995756,0.06396933362330873,0.18705968291639635,0.7272132513012989,50,20,20
1,8004,0.021757732158995756,0.06396933362377678,0.18707678422672525,0.727196149990502,50,20,20
1,8005,0.008115259474785282,0.06398095270548342,0.20069482946286674,0.7272089583568645,50,20,20
1,8006,0.0033288940892856073,0.06398116595463813,0.20549010857187677,0.7271998313841983,50,20,20
1,8007,0.0033288940892856073,0.06398116595463814,0.20549011287907992,0.7271998270769952,50,20,20
1,8008,0.0033288940892859764,0.0639811659959857,0.20557896544799661,0.7271109744667306,50,20,20
1,8009,0.003328894089297548,0.06398116599599052,0.20558007231824552,0.7271098675964655,50,20,20
1,8010,0.0033288940892975518,0.06398116599605291,0.20559751311070593,0.7270924268039427,50,20,20
1,8011,0.0033288897313889115,0.06397903675589928,0.20601298163695955,0.7266790918757515,50,20,20
1,8012,0.003328889731387758,0.06397903675601044,0.22599663189679073,0.7066954416158101,50,20,20
1,8013,0.0033288897314508294,0.06397903717866345,0.22716686179347578,0.705525211296409,50,20,20
1,8014,0.003328889705597351,0.06397904380851224,0.2290888602009742,0.7036032062849155,50,20,20
1,8015,0.003328889705597374,0.0639790438086417,0.22908622022858302,0.7036058462571773,50,20,20
1,8016,0.003328889705597374,0.0639790438086414,0.22908611491199996,0.7036059515737605,50,20,20
1,8017,0.0033288897055970047,0.06397904376729383,0.22899726081805338,0.7036948057090552,50,20,20
1,8018,0.0033288897055970047,0.06397904376729363,0.22899694044250166,0.703695126084607,50,20,20
1,8019,0.0033288897055688666,0.06397904251646354,0.22533105181905821,0.707361015958909,50,20,20
1,8020,0.0033927940320672705,0.06332309007515409,0.22591540157304596,0.7073687143197318,50,20,20
1,8021,0.003392794032067197,0.06332309007515668,0.22514498293902968,0.7081391329537453,50,20,20
1,8022,0.003392794032067067,0.05765086372847056,0.23081720928475488,0.7081391329547064,50,20,20
1,8023,0.003392794032067067,0.057650863728472716,0.2308275693368233,0.7081287729026359,50,20,20
1,8024,0.003392794032067067,0.05765086372847272,0.2308332929193303,0.7081230493201289,50,20,20
1,8025,0.003392794032067067,0.057650863728468886,0.23082325339647863,0.7081330888429845,50,20,20
1,8026,0.003392792143063372,0.05765177731278866,0.23082234170174742,0.7081330888423993,50,20,20
1,8027,0.0033927921430633723,0.057651778264899096,0.2316500995769542,0.7073053300150821,50,20,20
1,8028,0.0033928353140786033,0.05733821889239422,0.2319636198795535,0.7073053259139719,50,20,20
1,8029,0.0033928353140786037,0.05733821891311413,0.23197925804568048,0.7072896877271249,50,20,20
1,8030,0.0033928353140789138,0.04534491528856325,0.24397256166941406,0.7072896877279419,50,20,20
1,8031,0.003392835314103919,0.04534491528864612,0.23881206599604307,0.7124501834012048,50,20,20
1,8032,0.003392835314103919,0.04534491528864204,0.23879895695974465,0.712463292437507,50,20,20
1,8033,0.0033928353141019414,0.045344915286629164,0.2386429540534708,0.7126192953457956,50,20,20
1,8034,0.0033928353141019414,0.04534491528663132,0.2386389037163776,0.7126233456828868,50,20,20
1,8035,0.003392835314100651,0.04534491528643803,0.23028427702168,0.7209779723777792,50,20,20
1,8036,0.003392835314100651,0.04534491528644773,0.23028459555217304,0.7209776538472762,50,20,20
1,8037,0.003392835314101816,0.04534491528650961,0.24353265077988107,0.7077295986195054,50,20,20
1,8038,0.003392835314101816,0.045344915286509725,0.2443125962364926,0.7069496531628939,50,20,20
1,8039,0.0033928353141026595,0.045344906306310516,0.23729989520119285,0.713962363178392,50,20,20
1,8040,0.0033928353141026595,0.045344906306273004,0.2372980501048272,0.713964208274795,50,20,20
1,8041,0.0033928353141026595,0.0453449063062732,0.2372982711318317,0.7139639872477904,50,20,20
1,8042,0.003392835314101198,0.045344906306273254,0.2372982368267797,0.7139640215528441,50,20,20
1,8043,0.003392835314101198,0.04392714840852082,0.23871599472026742,0.7139640215571087,50,20,20
1,8044,0.0032758744931636404,0.04392765179537055,0.2388337333783319,0.7139627403331322,50,20,20
1,8045,0.0032758744931636404,0.04392765179536549,0.23883348190451062,0.7139629918069584,50,20,20
1,8046,0.0033093738696557107,0.04423584838889602,0.23823392063458088,0.7142208571068658,50,20,20
1,8047,0.0033093738696557107,0.04423584838889587,0.23745402105212693,0.7150007566893198,50,20,20
1,8048,0.0033097466090632167,0.044235853455657115,0.23745364092686436,0.7150007590084138,50,20,20
1,8049,0.0033097466090429625,0.044235853455531104,0.23738808890573082,0.7150663110296936,50,20,20
1,8050,0.003309746609032569,0.041455350822106246,0.24016859154059916,0.7150663110282602,50,20,20
1,8051,0.0033097466090325684,0.041455350822094145,0.24016297478222337,0.7150719277866482,50,20,20
1,8052,0.0033097466091570643,0.03344945882299916,0.2481688667007692,0.7150719278670727,50,20,20
1,8053,0.0033097466091570643,0.0334494588229989,0.24816683475353787,0.7150739598143043,50,20,20
1,8054,0.0033097466091570643,0.0334494588229989,0.24816677136802703,0.7150740231998153,50,20,20
1,8055,0.0033097466091570643,0.03344945882299922,0.2481668097982765,0.7150739847695659,50,20,20
1,8056,0.0033097466091570743,0.033449458822999004,0.2481704297173869,0.7150703648504555,50,20,20
1,8057,0.003309746609157074,0.03344945787088856,0.24734288905729926,0.7158979064626536,50,20,20
1,8058,0.0005356652654376968,0.03343786758634091,0.2501413771614798,0.7158850899867402,50,20,20
1,8059,0.0005356652654126913,0.03343786758625856,0.24980083927192878,0.7162256278763985,50,20,20
1,8060,0.0005356652653101825,0.03343786758677887,0.249745830884112,0.7162806362637977,50,20,20
1,8061,0.0005356652653093348,0.03343786758625502,0.24964513772685507,0.7163813294215793,50,20,20
1,8062,0.0005356652653096162,0.03343786758707608,0.24965105959685854,0.7163754075507545,50,20,20
1,8063,0.000535665273933012,0.03343786758708477,0.249646791860328,0.7163796752786529,50,20,20
1,8064,0.000535665273933012,0.03343786758685288,0.24963299610133746,0.7163934710378754,50,20,20
1,8065,0.0005356652739330141,0.03343786768139232,0.24975329119619577,0.7162731758484776,50,20,20
1,8066,0.0005356652739330141,0.03343786768139237,0.24975624927783419,0.7162702177668392,50,20,20
1,8067,0.0005356652739329917,0.033437867693085696,0.24976636807716993,0.7162600989558102,50,20,20
1,8068,0.0005356652739329917,0.03343786769309167,0.24977169243346212,0.7162547745995121,50,20,20
1,8069,0.0005356652739329815,0.03343786769309156,0.24976796137978727,0.716258505653187,50,20,20
1,8070,0.0005356652739329815,0.033437867693089394,0.24975760218242876,0.7162688648505475,50,20,20
1,8071,0.0005356652739329815,0.0334378886344419,0.26426181640619134,0.701764629685433,50,20,20
1,8072,0.000535665307928626,0.03343788863473123,0.2543558482054958,0.7116705978518435,50,20,20
1,8073,0.0005356653079286261,0.03343788863480115,0.2543642589218614,0.7116621871354082,50,20,20
1,8074,0.0005356653079286261,0.03343788863479907,0.25436996562022895,0.7116564804370427,50,20,20
1,8075,0.0005356653079286261,0.03343788863479309,0.2543645936411761,0.7116618524161015,50,20,20
1,8076,0.0005356653079286261,0.03343788863478284,0.2543723817164927,0.7116540643407953,50,20,20
1,8077,0.0005356652739306047,0.03343788863449364,0.2543116557594524,0.7117147903321228,50,20,20
1,8078,0.0005521592625712595,0.03343788356416155,0.25429516858660806,0.7117147885866586,50,20,20
1,8079,0.0005521593324927605,0.033437883571209276,0.2544659163081339,0.7115440407881635,50,20,20
1,8080,0.00055215933249277,0.03343788357074268,0.2544487233166804,0.7115612337800837,50,20,20
1,8081,0.0005521147274403855,0.03343758717534504,0.25444906443792137,0.711561233659292,50,20,20
1,8082,0.0005521147274280162,0.0334375871753422,0.25444895977893095,0.7115613383182976,50,20,20
1,8083,0.0005356902431477865,0.03343760594314135,0.2544653660787593,0.7115613377349504,50,20,20
1,8084,0.0005356902431477864,0.03343760594314264,0.2544739906031008,0.7115527132106076,50,20,20
1,8085,0.0005356902431477864,0.03343760594314264,0.25447398669403165,0.7115527171196768,50,20,20
1,8086,0.000535690243147783,0.033437605942601915,0.2544559986370092,0.7115707051772401,50,20,20
1,8087,0.000535690243147783,0.03343760594260167,0.25445571652831006,0.7115709872859394,50,20,20
1,8088,0.0005356902431477946,0.033437605943169524,0.25445967342538917,0.7115670303882925,50,20,20
1,8089,0.0005356902431477947,0.033437605943169524,0.2543685055514364,0.7116581982622453,50,20,20
1,8090,0.0005356902431477851,0.033437605943366956,0.25436873199753074,0.7116579718159537,50,20,20
1,8091,0.0005371263211030614,0.03343761536836403,0.25989372727660653,0.7061315310339253,50,20,20
1,8092,0.0005371263211030614,0.03343761536836405,0.25989373143930133,0.7061315268712306,50,20,20
1,8093,0.0005371263209820402,0.03343765823267016,0.25989368865477086,0.7061315267915758,50,20,20
1,8094,0.0005371263209820402,0.03343765823267016,0.25989369087072733,0.7061315245756193,50,20,20
1,8095,0.000537126425220046,0.033438654079251375,0.26538835211637085,0.7006358673791564,50,20,20
1,8096,0.0005371264252202933,0.03343865407925402,0.26539184566158897,0.7006323738339354,50,20,20
1,8097,0.0005371264252202932,0.033438654058536896,0.26538008271734276,0.7006441367988985,50,20,20
1,8098,0.0005371264252202933,0.03343865405853561,0.2653715750310294,0.7006526444852131,50,20,20
1,8099,0.0005371264252202933,0.033438654058542766,0.2653715704774532,0.7006526490387823,50,20,20
1,8100,0.0005371264252202933,0.034856858014854324,0.26395336652544527,0.7006526490344787,50,20,20
1,8101,0.0005371264252202937,0.03485685801484475,0.26395310926186627,0.7006529062980674,50,20,20
1,8102,0.0005036270487313081,0.03462617687606702,0.2642254899044828,0.7006447061707176,50,20,20
1,8103,0.0005036270487277757,0.03462617687616696,0.2642275430476362,0.7006426530274678,50,20,20
1,8104,0.0005036270487277757,0.03462617687616696,0.26422742797009097,0.700642768105013,50,20,20
1,8105,0.0005036270487277752,0.034626176876167,0.26423248453242687,0.700637711542677,50,20,20
1,8106,0.00044074536625911503,0.0349584622878615,0.2639634041681139,0.7006373881777637,50,20,20
1,8107,0.00044074536625911503,0.03495846228786288,0.2639555584127064,0.7006452339331699,50,20,20
1,8108,0.00044074536625911503,0.03495846228834583,0.2639726201526191,0.7006281721927743,50,20,20
1,8109,0.00044074536625911536,0.035217794168374415,0.26371326897221703,0.7006281914931476,50,20,20
1,8110,0.00044074536625911547,0.03521779416836712,0.2637157700272659,0.7006256904381061,50,20,20
1,8111,0.00044074536625911547,0.03521779416881294,0.26434038308726626,0.7000010773776602,50,20,20
1,8112,0.0004407453662591147,0.03521779415698749,0.2643269161321698,0.7000145443445821,50,20,20
1,8113,0.00044029531567095075,0.03521777540289448,0.264326881178328,0.7000150481031052,50,20,20
1,8114,0.00044029531567157595,0.03521777540290835,0.2643188416417969,0.7000230876396217,50,20,20
1,8115,0.00044029531567157595,0.035217775402940805,0.26474009822718814,0.6996018310541982,50,20,20
1,8116,0.0004402952457500751,0.03521777539589283,0.26455203525454196,0.6997898941038138,50,20,20
1,8117,0.00044029524604238444,0.04088505813051446,0.2588847525205509,0.6997898941028908,50,20,20
1,8118,0.0004392907410913848,0.04042291959555703,0.2593552704777569,0.6997825191855934,50,20,20
1,8119,0.0004392907410913611,0.04042291959500023,0.25925779009862676,0.6998799995652802,50,20,20
1,8120,0.0004392907410913615,0.0404229195950053,0.2592609627021785,0.6998768269617236,50,20,20
1,8121,0.0004392907410913615,0.04042291959490535,0.2592504236482713,0.6998873660157308,50,20,20
1,8122,0.00043930985384850663,0.04032702071484413,0.25934618576674906,0.6998874836645568,50,20,20
1,8123,0.0004393098538485067,0.040327020714890215,0.2663553987889717,0.6928782706422887,50,20,20
1,8124,0.0004393098535560856,0.040263185233711224,0.2664192340798816,0.6928782708328501,50,20,20
1,8125,0.0004393098535560856,0.040263185233711356,0.2664144189831594,0.692883085929572,50,20,20
1,8126,0.00043930985355546045,0.040263185254503134,0.26729577506427965,0.6920017298276606,50,20,20
1,8127,0.00043930985355517893,0.04026318525371309,0.26771104694883485,0.6915864579438958,50,20,20
1,8128,0.00043930985355517893,0.04026318525371272,0.2677110595795277,0.6915864453132037,50,20,20
1,8129,0.00043930985355517893,0.04026318525377946,0.2747889915654456,0.6845085133272191,50,20,20
1,8130,0.0004393098535551794,0.0402631852537866,0.2747906364103169,0.6845068684823407,50,20,20
1,8131,0.0004393091804055691,0.041029100483580126,0.27402472185554605,0.6845068684804678,50,20,20
1,8132,0.00043930918872135775,0.040952989247505546,0.27433906799246516,0.6842686335713077,50,20,20
1,8133,0.00043930918872135775,0.040952989247974234,0.27393539101954123,0.684672310543763,50,20,20
1,8134,0.0004393091887213579,0.040952989227167474,0.27305603203065837,0.6855516695534526,50,20,20
1,8135,0.0004393091887213592,0.04095298923666842,0.27305752272118,0.68555017885343,50,20,20
1,8136,0.0004393091887213592,0.04095298923666843,0.27305756691745126,0.6855501346571586,50,20,20
1,8137,0.00043858048527546894,0.04095235513141349,0.2730589365874067,0.6855501277959037,50,20,20
1,8138,0.00043858048527546894,0.04095235513141346,0.2730588977258368,0.6855501666574736,50,20,20
1,8139,0.00043858047714141757,0.040951391669510534,0.26546120258841177,0.6931488252649355,50,20,20
1,8140,1.4753459365315742e-06,0.040952077669996416,0.2658976216142873,0.6931488253697785,50,20,20
1,8141,1.4752496936975757e-06,0.0409527462362874,0.2657552078484231,0.6932905706655949,50,20,20
1,8142,8.322966348502206e-06,0.040951395881242254,0.2657497104872791,0.6932905706651294,50,20,20
1,8143,8.457280291542174e-06,0.04094981161928085,0.26589206720645797,0.693149663893969,50,20,20
1,8144,8.457280291542177e-06,0.04094981178318606,0.2730681815192415,0.6859735494172803,50,20,20
1,8145,8.456944006545041e-06,0.04095480974970429,0.27306301154586626,0.685973721760422,50,20,20
1,8146,1.6918905948847287e-06,0.04097978254029468,0.27304480354426947,0.6859737220248401,50,20,20
1,8147,1.6918905972539787e-06,0.04097978254026801,0.27270504467008844,0.6863134808990452,50,20,20
1,8148,4.129905314920422e-06,0.041085464276682984,0.27259692271646746,0.6863134831015336,50,20,20
1,8149,4.129905314920419e-06,0.041085464276683005,0.27259702366646055,0.6863133821515406,50,20,20
1,8150,4.129905314920297e-06,0.04108546427668146,0.2726049747573289,0.6863054310606737,50,20,20
1,8151,4.129905314920294e-06,0.04108546427623566,0.27238847956316287,0.6865219262552854,50,20,20
1,8152,4.1299053149202535e-06,0.041085464276235335,0.2723863937450761,0.6865240120733724,50,20,20
1,8153,4.129905314920255e-06,0.04108546427623503,0.2723860895914752,0.6865243162269736,50,20,20
1,8154,0.012646946046694472,0.04108536326458059,0.2597443164815758,0.686523374207148,50,20,20
1,8155,0.012646946046694472,0.041085363265114666,0.2597621964005303,0.6865054942876596,50,20,20
1,8156,0.012646946046694975,0.04108536317057539,0.2596433856474633,0.6866243051352651,50,20,20
1,8157,0.01264694604669498,0.04108536317057729,0.2596470311441553,0.6866206596385712,50,20,20
1,8158,0.012647325844556825,0.041106902400494895,0.25921234866453585,0.6870334230904114,50,20,20
1,8159,0.01264732584455683,0.041106902401833095,0.2588111467864267,0.6874346249671821,50,20,20
1,8160,0.012647537001823589,0.04110865195310628,0.258809184719335,0.6874346263257338,50,20,20
1,8161,0.012647537001829572,0.04110865196000049,0.24024800488284023,0.7059958061553288,50,20,20
1,8162,0.012647537001829561,0.04117664452974374,0.24018001250367504,0.7059958059647506,50,20,20
1,8163,0.012647537001829561,0.04117664452974342,0.24017604079284996,0.7059997776755761,50,20,20
1,8164,0.012645016612276986,0.04104650453922056,0.24030839478405613,0.7060000840644453,50,20,20
1,8165,0.012645454638732638,0.041127548114023214,0.23965861368787947,0.7065683835593635,50,20,20
1,8166,0.012645436493194629,0.04112754941462093,0.2396586305497907,0.7065683835423922,50,20,20
1,8167,0.012645436493201854,0.041127549415727244,0.23964841340800272,0.7065786006830667,50,20,20
1,8168,0.012645436493201843,0.04112754941515948,0.23964737273072292,0.7065796413609141,50,20,20
1,8169,0.012645078399187356,0.04144938464733581,0.23989393506389065,0.7060116018895851,50,20,20
1,8170,0.012644998122693563,0.04120356616451817,0.2401402543151989,0.7060111813975883,50,20,20
1,8171,0.012644998122693641,0.041203566164511186,0.24021982170756026,0.7059316140052339,50,20,20
1,8172,0.012644998122693641,0.0412035661675924,0.2403865246505103,0.7057649110592028,50,20,20
1,8173,0.012644998122693641,0.04120356616705835,0.2403774374535956,0.7057739982566515,50,20,20
1,8174,0.012644998122693638,0.04120356616705657,0.2403739272686688,0.7057775084415802,50,20,20
1,8175,0.01264499812269127,0.04120356617434582,0.25360191210696587,0.6925495235959964,50,20,20
1,8176,0.01264499812269127,0.04120356617434577,0.25360190756030887,0.6925495281426532,50,20,20
1,8177,0.01264499812269127,0.04120356617434814,0.2536019732250203,0.6925494624779396,50,20,20
1,8178,0.012644998122690763,0.04120356617434801,0.2536019649101423,0.6925494707928181,50,20,20
1,8179,0.012644998122690763,0.04120356617434976,0.2536018472074229,0.6925495884955357,50,20,20
1,8180,0.012644998122690763,0.04120356617414906,0.253603080824135,0.6925483548790242,50,20,20
1,8181,0.012644998122690763,0.04120356617414897,0.25360284596075894,0.6925485897424004,50,20,20
1,8182,0.012644998129022467,0.05830121776446694,0.236505194364114,0.692548589742395,50,20,20
1,8183,0.01264499812902248,0.05830121776447271,0.23651143915602837,0.6925423449504747,50,20,20
1,8184,0.012644998129022231,0.05830121776447917,0.2365257197480723,0.6925280643584244,50,20,20
1,8185,0.01264499812895917,0.05830121748430884,0.23536854390078227,0.6936852404859478,50,20,20
1,8186,0.01264497901730545,0.05830157270381276,0.23536832534215768,0.6936851229367226,50,20,20
1,8187,0.012644979017356294,0.05830157270333107,0.23535119271391508,0.6937022555653958,50,20,20
1,8188,0.012643543109449292,0.05830272188604649,0.23657679503817744,0.6924769399663253,50,20,20
1,8189,0.012643543109449288,0.05830272187655471,0.23657388846475427,0.6924798465492401,50,20,20
1,8190,0.01695534083481288,0.05830276353243826,0.23226204717087884,0.692479848461869,50,20,20
1,8191,0.016955340834797036,0.058303027567425635,0.23226178319754923,0.6924798484002272,50,20,20
1,8192,0.016955340834789813,0.058303027565819704,0.2322546382594077,0.6924869933399819,50,20,20
1,8193,0.016955340834789813,0.05830302761248319,0.23676653976676618,0.6879750917859601,50,20,20
1,8194,0.016955340834789813,0.05830302777213407,0.2237384923047765,0.7010031390882989,50,20,20
1,8195,0.016955340671450395,0.05830334327605791,0.22373836437417163,0.7010029516783195,50,20,20
1,8196,0.0169553406714954,0.05830334327605804,0.22861105803520335,0.6961302580172425,50,20,20
1,8197,0.016955340671444556,0.05830334327605528,0.22861099035906476,0.6961303256934346,50,20,20
1,8198,0.016955340671444556,0.058303343276056935,0.22862358093718732,0.6961177351153104,50,20,20
1,8199,0.01695534067144448,0.0583033432760569,0.22854244809866142,0.6961988679538365,50,20,20
1,8200,0.007978816860256152,0.05830378104736017,0.237517573840772,0.6961998282516109,50,20,20
1,8201,0.00797881686025615,0.05830378104736023,0.23751619986772204,0.6962012022246609,50,20,20
1,8202,0.007978816860256204,0.05830378104761052,0.23058917546620739,0.703128226625925,50,20,20
1,8203,0.007978816860271316,0.05830378088462319,0.2287464201223216,0.704970982132783,50,20,20
1,8204,0.007978816860259051,0.058303781771018796,0.24293975813581523,0.6907776432329059,50,20,20
1,8205,0.007978816860259051,0.058303781771018776,0.24293971055068145,0.6907776908180396,50,20,20
1,8206,0.007978816860259051,0.05830378177101877,0.24293970880155671,0.6907776925671644,50,20,20
1,8207,0.007978816860259029,0.058303781628596736,0.2429268496449258,0.6907905518662173,50,20,20
1,8208,0.007980672693070649,0.058343647601530414,0.2428853002332216,0.6907903794721757,50,20,20
1,8209,0.007980928943255652,0.05834372743884531,0.24288496398543738,0.6907903796324599,50,20,20
1,8210,0.007980928943255658,0.05834372743884531,0.24288492270226222,0.690790420915635,50,20,20
1,8211,0.007980928943255644,0.058343727449970684,0.24287413334713473,0.6908012102596374,50,20,20
1,8212,0.007980928943255644,0.05834372728557463,0.2550742895710038,0.6786010542001648,50,20,20
1,8213,0.007980928943255644,0.05834372730109793,0.2625782644997442,0.6710970792559007,50,20,20
1,8214,0.007980929113160916,0.058349110228427294,0.26257287765356396,0.6710970830048472,50,20,20
1,8215,0.007980929113160916,0.05834911021035423,0.26256851788898516,0.671101442787499,50,20,20
1,8216,0.007980929113160916,0.058349110210354854,0.26257511665227234,0.6710948440242113,50,20,20
1,8217,0.007980945509018799,0.058343663824614686,0.26258054785848406,0.6710948428078818,50,20,20
1,8218,0.00798094562176849,0.05808433191618648,0.2617790030507975,0.6721557194112467,50,20,20
1,8219,0.007980945648643678,0.05940957951605414,0.2604537554228505,0.6721557194124509,50,20,20
1,8220,0.007980945648643678,0.05940957951607584,0.2608271570534143,0.6717823177818653,50,20,20
1,8221,0.007980929449987446,0.059921254216035155,0.2603155010847007,0.6717823152492758,50,20,20
1,8222,0.007979073617357705,0.059876641037991424,0.2603619701504745,0.671782315194176,50,20,20
1,8223,0.007979073617357705,0.05987664103799148,0.2603620301466376,0.671782255198013,50,20,20
1,8224,0.007979073617357764,0.05971906625248792,0.24644395330328434,0.6858579068268698,50,20,20
1,8225,0.007979073617355977,0.059719065367607856,0.24691690646966497,0.685384954545371,50,20,20
1,8226,0.007979073617355977,0.05971906536754403,0.24691660025353446,0.6853852607615653,50,20,20
1,8227,0.007979073617355977,0.05971906536752227,0.24654339150292665,0.6857584695121949,50,20,20
1,8228,0.007979073617355977,0.05971906536752221,0.24654322419728952,0.6857586368178322,50,20,20
1,8229,0.007979073663797189,0.05971810770724129,0.24654418180864887,0.6857586368203124,50,20,20
1,8230,0.007979073663797189,0.059718107707241244,0.246544126546071,0.6857586920828903,50,20,20
1,8231,0.007979074853325222,0.059718112486689644,0.24654362923177747,0.6857591834282075,50,20,20
1,8232,0.007979074853325222,0.05971811248364206,0.24636881371145955,0.685933998951573,50,20,20
1,8233,0.007979074853325222,0.05971811248364201,0.2463673375294283,0.6859354751336042,50,20,20
1,8234,0.00797907486673635,0.05971883290067349,0.24636661241625482,0.6859354798163351,50,20,20
1,8235,0.007979074866736347,0.05972739977708961,0.24635804553986088,0.6859354798163131,50,20,20
1,8236,0.007979074865637223,0.0597296318632016,0.2463558135519021,0.6859354797192577,50,20,20
1,8237,0.007979074865637219,0.05972963186186339,0.24634890070890453,0.6859423925635936,50,20,20
1,8238,0.00797907486563722,0.05972963186238084,0.24656034618515996,0.6857309470868209,50,20,20
1,8239,0.007979075103391818,0.059729633325744845,0.24410043352703908,0.6881908580438233,50,20,20
1,8240,0.007979075043331113,0.05973161113552956,0.2440984604147422,0.6881908534063962,50,20,20
1,8241,0.007979075043331117,0.05973161113542605,0.2440982251109463,0.6881910887102956,50,20,20
1,8242,0.007979075034707721,0.05973161113541739,0.2440967696275482,0.6881925442023258,50,20,20
1,8243,0.007979075034707721,0.05973161113541801,0.24422540612189259,0.6880639077079809,50,20,20
1,8244,0.007979075034707721,0.05973111756523689,0.24422589969207276,0.6880639077079818,50,20,20
1,8245,0.00797907503470774,0.05969609377603471,0.24426092348127487,0.6880639077079819,50,20,20
1,8246,0.007979075034709295,0.05969661147483068,0.2514247161374869,0.6808995973529722,50,20,20
1,8247,3.799209627854929e-05,0.05969613197051526,0.2593672329678127,0.6808986429653934,50,20,20
1,8248,3.7991858523951437e-05,0.05969613050708455,0.25474942977601844,0.685516447858373,50,20,20
1,8249,3.7991858523951437e-05,0.05969613050708423,0.25474294382126844,0.6855229338131232,50,20,20
1,8250,3.7991858547078926e-05,0.0597165885034345,0.25472248575547585,0.6855229338825424,50,20,20
1,8251,3.7991858547312036e-05,0.059716588503432144,0.25472886949891654,0.685516550139104,50,20,20
1,8252,3.7991858547308844e-05,0.059716588503455306,0.25473444911812826,0.685510970519869,50,20,20
1,8253,3.79918585473354e-05,0.05971658852698337,0.2547472033769928,0.6854982162374763,50,20,20
1,8254,3.799185854733541e-05,0.05971658852698571,0.25475669559897923,0.6854887240154877,50,20,20
1,8255,3.799185854733541e-05,0.059716588526976616,0.25473918204276713,0.6855062375717087,50,20,20
1,8256,3.799185854733541e-05,0.05971658852697672,0.254755588546435,0.6854898310680408,50,20,20
1,8257,3.7612932872313867e-05,0.059760351759018226,0.25431092999294685,0.6858911053151627,50,20,20
1,8258,3.7612932872345945e-05,0.059758263292310126,0.2543130184595852,0.6858911053152326,50,20,20
1,8259,3.761206380771977e-05,0.05969296186227782,0.24139246535105144,0.6988769607228633,50,20,20
1,8260,3.761206380771977e-05,0.05969296186236161,0.24140129475646863,0.6988681313173624,50,20,20
1,8261,3.789889801650044e-05,0.05970076856012595,0.24139319279269814,0.6988681397491596,50,20,20
1,8262,3.7612063932109456e-05,0.05969725066128012,0.2413970058260946,0.6988681314486935,50,20,20
1,8263,3.761206392053859e-05,0.05969725066127532,0.24139594446484938,0.698869192809955,50,20,20
1,8264,3.761206392053859e-05,0.0596972506612752,0.24137939256598112,0.6988857447088234,50,20,20
1,8265,3.761206385291977e-05,0.05969026359780469,0.24138637980865718,0.6988857445296854,50,20,20
1,8266,3.7612063852919756e-05,0.05969026358668193,0.24171432202023183,0.6985578023292334,50,20,20
1,8267,3.761206385291486e-05,0.05969026358668214,0.2417143980846971,0.6985577262647678,50,20,20
1,8268,3.761206410708473e-05,0.059690263563175076,0.23972253580868721,0.7005495885640306,50,20,20
1,8269,3.761206410709159e-05,0.05969026356317506,0.23972250025054426,0.7005496241221739,50,20,20
1,8270,3.76120641070595e-05,0.05969273232651109,0.23972003148727838,0.7005496241221039,50,20,20
1,8271,3.761203052185139e-05,0.06719449227971086,0.23221827157018488,0.7005496241195824,50,20,20
1,8272,3.761203052185161e-05,0.06719449227962705,0.23221823293739757,0.7005496627524537,50,20,20
1,8273,3.761203052185164e-05,0.06719449227962747,0.23221835401159108,0.7005495416782596,50,20,20
1,8274,3.761202379451518e-05,0.067194491233959,0.2260190824985452,0.7067488142437013,50,20,20
1,8275,3.761202379019917e-05,0.06719777774617776,0.22601579598888147,0.7067488142411504,50,20,20
1,8276,3.7612057120176744e-05,0.070151445470503,0.22306212823055802,0.7067488142418188,50,20,20
1,8277,3.761189127619764e-05,0.0696731365077029,0.22354043735859733,0.7067488142424233,50,20,20
1,8278,3.761188492386231e-05,0.07180889506468782,0.22140467880797385,0.7067488142424139,50,20,20
1,8279,3.761188492386231e-05,0.07180889506468782,0.22140485870058568,0.7067486343498018,50,20,20
1,8280,3.761188474821678e-05,0.07180922558001626,0.21723912600019393,0.7109140365350407,50,20,20
1,8281,3.761188517406281e-05,0.07180959115589244,0.2172387604238565,0.710914036535076,50,20,20
1,8282,3.7611885174064075e-05,0.071809591156305,0.21724010882330488,0.7109126881352149,50,20,20
1,8283,3.761188517406413e-05,0.0718095911562966,0.2169078630638728,0.7112449338946554,50,20,20
1,8284,3.7611885174064075e-05,0.07180959115630246,0.2169233767461673,0.7112294202123551,50,20,20
1,8285,3.7611885174066684e-05,0.07180959122901816,0.21703144628167437,0.7111213506041324,50,20,20
1,8286,3.761188519916823e-05,0.07180959118262392,0.21257965695646155,0.7155731399757143,50,20,20
1,8287,3.7611885193508774e-05,0.07180960388765137,0.2122737201915762,0.7158790640355777,50,20,20
1,8288,3.7611885193508774e-05,0.0718096038876513,0.21227358949091557,0.7158791947362384,50,20,20
1,8289,3.7610695667149714e-05,0.07180960456843848,0.2111245070366052,0.7170282776992879,50,20,20
1,8290,3.76106956671495e-05,0.07180960459139307,0.21113752900091767,0.7170152557120208,50,20,20
1,8291,3.76106957099368e-05,0.07181105336340937,0.2197884393492576,0.7083628965916219,50,20,20
1,8292,3.761069570994646e-05,0.0718110533634248,0.21978844010382326,0.708362895837041,50,20,20
1,8293,3.7610695709946664e-05,0.07181105336400034,0.21979262445524733,0.7083587114850414,50,20,20
1,8294,3.761069570994769e-05,0.07181105336399796,0.21978073436965453,0.7083706015706365,50,20,20
1,8295,3.761069566494219e-05,0.07181105336399776,0.21490500073639168,0.7132463352039445,50,20,20
1,8296,3.76104948820546e-05,0.07177872426622707,0.21493732828004194,0.7132463369588479,50,20,20
1,8297,3.76104948820546e-05,0.0717787242662213,0.21492199001196258,0.713261675226933,50,20,20
1,8298,5.08871671150269e-07,0.07177872426470072,0.21495909326416654,0.7132616735994604,50,20,20
1,8299,5.088716284440703e-07,0.07177727541958967,0.20620640237882704,0.7220158133299536,50,20,20
1,8300,5.088716284440741e-07,0.07177727541951096,0.20620616533118824,0.7220160503776709,50,20,20
1,8301,5.088716284443288e-07,0.07177727541951483,0.20621492933763044,0.7220072863712248,50,20,20
1,8302,5.088716284443001e-07,0.07177727541970393,0.20620974523587882,0.7220124704727874,50,20,20
1,8303,5.088716284474687e-07,0.07177727541970454,0.20620983339474988,0.722012382313916,50,20,20
1,8304,5.088716284474688e-07,0.07177727541970635,0.2190608343053912,0.7091613814032729,50,20,20
1,8305,5.08759126329478e-07,0.07177727581371651,0.22010661753436422,0.7081155978927914,50,20,20
1,8306,5.087591263354539e-07,0.07177727581371719,0.2201067278050731,0.7081154876220819,50,20,20
1,8307,5.087591263386046e-07,0.07177727581507855,0.22011360074985742,0.7081086146759362,50,20,20
1,8308,5.087588740883272e-07,0.07177727581506374,0.22210530667097372,0.7061169087550874,50,20,20
1,8309,5.087588740882254e-07,0.07177727581506647,0.22211342134517006,0.7061087940808881,50,20,20
1,8310,5.087588489845447e-07,0.07177727581479722,0.22205334610410404,0.7061688693222485,50,20,20
1,8311,5.087588567558335e-07,0.07177727582628743,0.2220573687987233,0.7061648466161314,50,20,20
1,8312,5.087588336092275e-07,0.07179114399717726,0.22204350069716874,0.7061648465468191,50,20,20
1,8313,5.556159186996223e-07,0.0717907753597438,0.22204381578843127,0.7061648532359049,50,20,20
1,8314,5.556159186989938e-07,0.07179077535921977,0.22182147395545773,0.7063871950694027,50,20,20
1,8315,5.556159186140137e-07,0.07179077535918625,0.2218141030967627,0.7063945659281314,50,20,20
1,8316,5.556159186140281e-07,0.07179077535937807,0.22249623277094607,0.7057124362537565,50,20,20
1,8317,5.556159186149218e-07,0.07179077535907856,0.22267185217426835,0.7055368168507336,50,20,20
1,8318,5.556159215702513e-07,0.07179077596201379,0.2233525764867148,0.704856091935349,50,20,20
1,8319,5.556159215702425e-07,0.07179077596201389,0.2236115680358151,0.7045971003862485,50,20,20
1,8320,5.556159211555444e-07,0.07179076326588885,0.2240961705586525,0.7041125105595363,50,20,20
1,8321,5.556159211555503e-07,0.07179076326588638,0.224095958947779,0.7041127221704124,50,20,20
1,8322,5.556162099642326e-07,0.07179076327910221,0.22426499845718997,0.7039436826474967,50,20,20
1,8323,5.60443876671146e-07,0.07179098994500094,0.22540516609322547,0.7028032835178954,50,20,20
1,8324,5.604438767235384e-07,0.07179098994504074,0.22541194525812563,0.7027965043529555,50,20,20
1,8325,5.604438767240414e-07,0.07179098994504074,0.2254116953023829,0.7027967543086983,50,20,20
1,8326,5.604438767248242e-07,0.07179098994504013,0.22550427348658186,0.7027041761244998,50,20,20
1,8327,5.604438767248253e-07,0.07179098994503738,0.22549300376442502,0.7027154458466595,50,20,20
1,8328,5.604438767255694e-07,0.07179098994503753,0.2257159846008903,0.702492465010194,50,20,20
1,8329,5.604438767257798e-07,0.07179098994489733,0.22572519149952755,0.7024832581116971,50,20,20
1,8330,5.604107140833683e-07,0.0799628894369429,0.21755329202866644,0.7024832581236751,50,20,20
1,8331,5.604107215676785e-07,0.07996212284650034,0.22806471739804976,0.6919725993447265,50,20,20
1,8332,5.604107215676743e-07,0.0799621228465003,0.22805543219271385,0.6919818845500626,50,20,20
1,8333,5.555830521264185e-07,0.07996189424405882,0.22806507319882371,0.6919724769740637,50,20,20
1,8334,5.555830736074033e-07,0.07996189425409951,0.2314676185785207,0.6885699315843047,50,20,20
1,8335,5.597983420478057e-07,0.07629984148830721,0.23512966568911317,0.6885699330242363,50,20,20
1,8336,5.597983420468674e-07,0.07629984148829808,0.23513948520764946,0.6885601135057093,50,20,20
1,8337,5.597983419948514e-07,0.07629984148800777,0.23507259907001912,0.6886269996436297,50,20,20
1,8338,5.597983419430129e-07,0.07629984148796805,0.23506577673068993,0.6886338219829986,50,20,20
1,8339,5.597980531274747e-07,0.07629993458389803,0.23524269164739034,0.688456813970657,50,20,20
1,8340,5.597980531777759e-07,0.0762999345838978,0.23530726166090907,0.6883922439571384,50,20,20
1,8341,3.471634276738495e-07,0.07629809564946148,0.23530931457714974,0.6883922426099596,50,20,20
1,8342,3.471634276738235e-07,0.07629809564946133,0.23530911910517535,0.6883924380819342,50,20,20
1,8343,3.4716342767383227e-07,0.07626973491086599,0.23533747984375167,0.6883924380819532,50,20,20
1,8344,3.4716342767390046e-07,0.07626983212537172,0.23533749207622257,0.6883923286349766,50,20,20
1,8345,3.471634276736898e-07,0.07626983212539516,0.2359193926055133,0.6878104281056623,50,20,20
1,8346,3.471634276649265e-07,0.07626983212537952,0.23591932887399394,0.6878104918371973,50,20,20
1,8347,3.4716342766535077e-07,0.07626983210243723,0.23615025594894543,0.6875795647851881,50,20,20
1,8348,3.4894267257151336e-07,0.0762750198860107,0.22816854458887637,0.6955560865824388,50,20,20
1,8349,3.4894267257151336e-07,0.07627501988601065,0.2281685403587736,0.6955560908125418,50,20,20
1,8350,3.4894267257151325e-07,0.07627501988649155,0.22817069556926847,0.6955539356015659,50,20,20
1,8351,3.489426725707814e-07,0.0762750198864914,0.22794762402969768,0.6957770071411369,50,20,20
1,8352,3.4894267257078136e-07,0.07627501988600435,0.22793032246497463,0.6957943087063468,50,20,20
1,8353,3.489421888465245e-07,0.09245165689154002,0.21175368692804003,0.6957943072382293,50,20,20
1,8354,3.489421888474069e-07,0.09245165689378744,0.22459851570098072,0.6829494784630417,50,20,20
1,8355,3.489422071524329e-07,0.09245165688347366,0.22101881422169356,0.6865291799526243,50,20,20
1,8356,3.4894220715243153e-07,0.09245165688347369,0.2210187158190234,0.6865292783552945,50,20,20
1,8357,3.489422071516805e-07,0.09245165688347369,0.22079754619247682,0.686750447981841,50,20,20
1,8358,3.489422142385257e-07,0.09245165688347388,0.22079748367056137,0.6867505105037494,50,20,20
1,8359,3.4898649668216105e-07,0.09580814059311543,0.21744100020562387,0.6867505102147627,50,20,20
1,8360,3.4898649668931345e-07,0.09580814059411175,0.21772804008830157,0.686463470331089,50,20,20
1,8361,3.489864966888106e-07,0.09580814059411175,0.21772814925869277,0.6864633611606976,50,20,20
1,8362,3.489864966888106e-07,0.09580814059401628,0.21713658873981503,0.6870549216796706,50,20,20
1,8363,3.4898649668913886e-07,0.09580814059461953,0.2171419790090897,0.6870495314097927,50,20,20
1,8364,3.4898649668913764e-07,0.09580804748547372,0.21679928376830557,0.6873923197597226,50,20,20
1,8365,3.489864966881118e-07,0.09580804748547367,0.21680430780908483,0.6873872957189435,50,20,20
1,8366,3.4898649695909313e-07,0.09580804748547372,0.2168063459188614,0.6873852576091669,50,20,20
1,8367,3.4898649695908667e-07,0.09580804748547374,0.21680646631379585,0.6873851372142323,50,20,20
1,8368,3.4898649695908275e-07,0.09580804748547374,0.21680669438081498,0.6873849091472133,50,20,20
1,8369,3.489864966881017e-07,0.09580804748547367,0.21681207848595896,0.6873795250420696,50,20,20
1,8370,3.489864966880896e-07,0.09580804748547367,0.21681218734181626,0.6873794161862123,50,20,20
1,8371,3.489864937327606e-07,0.09580804688273367,0.21638712048204628,0.6878044836487253,50,20,20
1,8372,3.4898649373220624e-07,0.09580804688273357,0.21638706256753132,0.6878045415632402,50,20,20
1,8373,3.489864937322065e-07,0.09580804688273128,0.21638685696740734,0.6878047471633667,50,20,20
1,8374,3.4898649373254044e-07,0.09580804688271893,0.21621148828103326,0.6879801158497529,50,20,20
1,8375,3.489864940079757e-07,0.09580804688271874,0.21621144573441334,0.687980158396373,50,20,20
1,8376,3.4898649401109496e-07,0.09580804688271874,0.2162187478066987,0.6879728563240878,50,20,20
1,8377,3.489864940112217e-07,0.09580804688271861,0.21621848519701203,0.6879731189337744,50,20,20
1,8378,3.5631260676190695e-07,0.09580953621362846,0.21621680417894887,0.687973303294815,50,20,20
1,8379,3.5631260516074247e-07,0.09580904533640071,0.22250860243107976,0.681681995919914,50,20,20
1,8380,1.2198602586324247e-05,0.09581894923744755,0.2224868627972115,0.681681989362754,50,20,20
1,8381,1.2198602586092875e-05,0.09581894923744795,0.22248053216930366,0.6816883199906618,50,20,20
1,8382,1.2198602586092878e-05,0.09581894926045428,0.22249674434627675,0.6816721077906824,50,20,20
1,8383,1.2194387320153024e-05,0.0993582033288891,0.218957495932939,0.6816721063508508,50,20,20
1,8384,1.219438732015305e-05,0.09935820332888913,0.21896011457738176,0.681669487706408,50,20,20
1,8385,1.219438732015309e-05,0.09935820332900742,0.21896037219652192,0.6816692300871496,50,20,20
1,8386,1.2194637768936824e-05,0.0993522938022819,0.2189662740978055,0.6816692374621433,50,20,20
1,8387,1.2194637761165561e-05,0.09935229379079166,0.2189622209178852,0.6816732906535617,50,20,20
1,8388,1.2194637761165561e-05,0.09935229537847064,0.23861030376913356,0.6620252062146343,50,20,20
1,8389,1.2194637761163828e-05,0.09935229537847035,0.23861019092686306,0.6620253190569052,50,20,20
1,8390,1.219463776116335e-05,0.0993522953778669,0.23860472407335728,0.6620307859110145,50,20,20
1,8391,1.2194637761156218e-05,0.09935229537687046,0.23831747040497106,0.662318039580397,50,20,20
1,8392,1.2194637761156222e-05,0.09935229537687049,0.23831747067647363,0.6623180393088947,50,20,20
1,8393,1.2194637761156486e-05,0.09935229537978964,0.23832622142870608,0.662309288553743,50,20,20
1,8394,1.2194637761156474e-05,0.09935229537979491,0.23890229093177984,0.6617332190506637,50,20,20
1,8395,1.2194637761153306e-05,0.09935229537979431,0.23890220186357983,0.6617333081188644,50,20,20
1,8396,1.2194637761153306e-05,0.0993522953639972,0.23809992723009973,0.6625355827681416,50,20,20
1,8397,1.2194637761152856e-05,0.09935229537940733,0.23830634540445986,0.6623291645783713,50,20,20
1,8398,1.2200705917561757e-05,0.09935233659347734,0.23769989316495224,0.662935569535652,50,20,20
1,8399,1.2200729228618129e-05,0.08795397579385629,0.24909825391450982,0.6629355695624045,50,20,20
1,8400,1.22004787923961e-05,0.08795430222896317,0.24909793510484718,0.6629355621873964,50,20,20
1,8401,1.2200478792396157e-05,0.0879299082955367,0.24912232903829207,0.6629355621873779,50,20,20
1,8402,1.2200478792396162e-05,0.0879299082955368,0.24912232893785327,0.6629355622878167,50,20,20
1,8403,1.2200478792392772e-05,0.08792990829417542,0.2491153136541499,0.6629425775728812,50,20,20
1,8404,1.2200478792929152e-05,0.08792990827118001,0.2491043444957122,0.6629535467543138,50,20,20
1,8405,1.2200478798729373e-05,0.0879299082713968,0.24910832209481626,0.6629495691549872,50,20,20
1,8406,1.2202528959100026e-05,0.08792990827564813,0.25595072348439246,0.6561071657109993,50,20,20
1,8407,1.2202528959100047e-05,0.08792990827565676,0.2559508768119278,0.6561070123834553,50,20,20
1,8408,1.2202528959118107e-05,0.08792990827565675,0.25594843079262797,0.6561094584027551,50,20,20
1,8409,1.2202528993232134e-05,0.0879299082759967,0.25680577611388655,0.6552521130811225,50,20,20
1,8410,1.2202528993234302e-05,0.0879299082760002,0.25679750751749636,0.6552603816775091,50,20,20
1,8411,1.2202484783911103e-05,0.08809428596645791,0.2566331298712568,0.6552603816775004,50,20,20
1,8412,1.2202484783910978e-05,0.08809428596645788,0.2566330741230938,0.6552604374256634,50,20,20
1,8413,1.2202484783911535e-05,0.08809428596645785,0.2566257350390245,0.6552677765097326,50,20,20
1,8414,1.220248478443774e-05,0.08809428596646118,0.25662849371714,0.6552650178316132,50,20,20
1,8415,1.220248478443557e-05,0.08809428596645534,0.2566250967252767,0.6552684148234824,50,20,20
1,8416,1.2205579578449148e-05,0.08809429254172225,0.2558582828344705,0.6560352190442278,50,20,20
1,8417,1.2205579571362298e-05,0.08809429254227061,0.2562038385864335,0.6556896632917235,50,20,20
1,8418,1.2205579571362298e-05,0.08809429254227061,0.256203675967062,0.6556898259110949,50,20,20
1,8419,1.2429303112920374e-05,0.08810714646860099,0.255012316384119,0.6568681078441659,50,20,20
1,8420,1.2429303112394174e-05,0.08810714646859902,0.2550183111273573,0.6568621131009301,50,20,20
1,8421,1.2429303112952665e-05,0.0881071464686085,0.2550926825717881,0.6567877416564893,50,20,20
1,8422,1.2429303112952665e-05,0.0881071464686085,0.255092901187726,0.6567875230405513,50,20,20
1,8423,1.242930311296178e-05,0.08810714646805995,0.2547476550834042,0.6571327691454217,50,20,20
1,8424,1.2429279799492887e-05,0.0989085820406002,0.2439462195610831,0.657132769118516,50,20,20
1,8425,1.242928018112114e-05,0.09890858204087145,0.24701709569182523,0.654061892987121,50,20,20
1,8426,1.2429280181132272e-05,0.09890858203801015,0.24701140610536743,0.6540675825764402,50,20,20
1,8427,1.2429280181131962e-05,0.0989085820226002,0.24672771748199868,0.6543512712152189,50,20,20
1,8428,1.2429280181131984e-05,0.09890858202528845,0.24689443913858602,0.6541845495559433,50,20,20
1,8429,1.2429280181131984e-05,0.09890858202528717,0.24607250415341222,0.6550064845411184,50,20,20
1,8430,1.8469581891402317e-05,0.09894843599759089,0.24663302104059176,0.6544000733799247,50,20,20
1,8431,1.8469581891314286e-05,0.09966075439203853,0.24592070264618177,0.6544000733798871,50,20,20
1,8432,1.8469581693134472e-05,0.09966075404373216,0.22611951153100954,0.6742012648435639,50,20,20
1,8433,1.8469581693138307e-05,0.09966075404104392,0.2259582886472479,0.6743624877300136,50,20,20
1,8434,1.846958173726748e-05,0.09979317512010699,0.22582586756814663,0.6743624877300078,50,20,20
1,8435,1.8469581737274118e-05,0.09979317511791852,0.2321052629056945,0.6680830923946484,50,20,20
1,8436,1.8469581737271977e-05,0.09979317511808676,0.23232480406527997,0.6678635512348947,50,20,20
1,8437,1.8469581736854945e-05,0.09979317511807766,0.23958194162367707,0.6606064136765071,50,20,20
1,8438,1.846958173685501e-05,0.09979317511807759,0.23958197920703447,0.6606063760931495,50,20,20
1,8439,1.846958173685514e-05,0.09979317511807759,0.23957876720604396,0.6606095880941402,50,20,20
1,8440,1.8469581740006484e-05,0.09965326459507548,0.23971867771642977,0.6606095881067533,50,20,20
1,8441,1.8469581740481635e-05,0.0996532645957018,0.23965952641684982,0.6606687394057065,50,20,20
1,8442,1.8469581700694522e-05,0.09965326459569884,0.23965715050551878,0.6606711153170803,50,20,20
1,8443,1.8469581700694394e-05,0.09965326459570108,0.23965730666859852,0.6606709591539984,50,20,20
1,8444,1.846958170069433e-05,0.09965326459570122,0.23965727163557368,0.6606709941870231,50,20,20
1,8445,1.846958170069437e-05,0.09965326459586414,0.2396617527635143,0.6606665130589195,50,20,20
1,8446,1.846958170078875e-05,0.09965326459589578,0.23966807655979191,0.6606601892626103,50,20,20
1,8447,1.8469581871030686e-05,0.09965326459578558,0.23974311030657358,0.6605851555157685,50,20,20
1,8448,1.8469581871030686e-05,0.09965326459578178,0.23972999407101045,0.6605982717513353,50,20,20
1,8449,1.8469581753662406e-05,0.09982149562769395,0.2395617630392191,0.6605982717513318,50,20,20
1,8450,1.846958175366241e-05,0.0998214956276999,0.23956202845637903,0.660598006334166,50,20,20
1,8451,1.8469581753661434e-05,0.09982149562753193,0.23934087936917836,0.6608191554215347,50,20,20
1,8452,1.8469581753661434e-05,0.09982180433015701,0.23934057066654063,0.6608191554215473,50,20,20
1,8453,1.8469581583419457e-05,0.09982180434863393,0.24011801649839204,0.6600417095713893,50,20,20
1,8454,1.8469581583745998e-05,0.09982180434844491,0.23943814048611378,0.6607215855838561,50,20,20
1,8455,1.846958158365162e-05,0.09982180434841328,0.23943190917315715,0.6607278168968445,50,20,20
1,8456,1.8469581208710722e-05,0.09982180434934161,0.23636450946305934,0.6637952166063888,50,20,20
1,8457,1.8462255096141226e-05,0.09982023314444186,0.2360961258472913,0.6640651787531694,50,20,20
1,8458,1.8462255096136814e-05,0.0998202331444431,0.23610014211033348,0.664061162490126,50,20,20
1,8459,1.8462255097239075e-05,0.09982023314488639,0.2363773794354694,0.6637839251645455,50,20,20
1,8460,1.8462255090551723e-05,0.09982023314368674,0.23636879865937765,0.6637925059418437,50,20,20
1,8461,1.8462255090551862e-05,0.09982916377293305,0.2363598680301482,0.6637925059418268,50,20,20
1,8462,1.8462255121833036e-05,0.09982916970470347,0.2369798624198485,0.663172505620325,50,20,20
1,8463,1.8462255121307584e-05,0.09982916970407735,0.2369793572311114,0.6631730108096886,50,20,20
1,8464,1.8462255121289495e-05,0.09982916970408276,0.2369792821274201,0.6631730859133746,50,20,20
1,8465,1.846225512165898e-05,0.09982925539024944,0.2373311041232255,0.662821178231402,50,20,20
1,8466,1.8462255121649864e-05,0.09982925539024944,0.23732627150789717,0.6628260108467304,50,20,20
1,8467,1.8462255115573317e-05,0.09982925539018123,0.23732665938344805,0.6628256229712539,50,20,20
1,8468,1.8462255112436496e-05,0.0999153142196208,0.23724060038772848,0.6628256231375371,50,20,20
1,8469,1.846225511242589e-05,0.09991531421956294,0.23763976390734293,0.6624264596179806,50,20,20
1,8470,1.8462255112838627e-05,0.09991531421965093,0.23764288368679687,0.6624233398384384,50,20,20
1,8471,1.8462255112840612e-05,0.09991531420116594,0.23679137796012925,0.6632748455835911,50,20,20
1,8472,1.8462255112840612e-05,0.0999153142011661,0.23679148832378658,0.6632747352199335,50,20,20
1,8473,1.846225511331937e-05,0.09991531420116626,0.23678732610446904,0.6632788974392504,50,20,20
1,8474,1.8462255113317526e-05,0.09991531420116641,0.2367860034302483,0.663280220113471,50,20,20
1,8475,1.8462255113317546e-05,0.09991531420116877,0.23678613807893487,0.6632800854647821,50,20,20
1,8476,1.846225511447756e-05,0.09991534319792525,0.23678610908216122,0.6632800854647982,50,20,20
1,8477,1.8462255081532388e-05,0.09991534319832958,0.23618805255536746,0.6638781419912206,50,20,20
1,8478,1.8462255081532388e-05,0.09991534319833577,0.2368516919245291,0.6632145026220527,50,20,20
1,8479,1.846225508153238e-05,0.09991534319833743,0.23684684531707187,0.6632193492295084,50,20,20
1,8480,1.846225508153238e-05,0.09991534319833743,0.2368468451009693,0.6632193494456109,50,20,20
1,8481,1.8462255081533424e-05,0.09991534376500551,0.23755540535274391,0.6625107886271683,50,20,20
1,8482,1.846225508152753e-05,0.09991534376500959,0.2377336064217008,0.6623325875582076,50,20,20
1,8483,1.846225508152762e-05,0.09991534376486105,0.23772929305644297,0.6623369009236139,50,20,20
1,8484,1.846225503213425e-05,0.0999153437151047,0.2375457055671234,0.6625204884627394,50,20,20
1,8485,1.846225503213425e-05,0.09991534371511193,0.237545748609216,0.6625204454206394,50,20,20
1,8486,1.8466827834940215e-05,0.09994289441541432,0.22494006000786487,0.6750985787488857,50,20,20
1,8487,1.8466827834939507e-05,0.09994289441541032,0.22493121538562033,0.6751074233711342,50,20,20
1,8488,1.8466827834959165e-05,0.09994289441546879,0.22493151316809473,0.6751071255886012,50,20,20
1,8489,1.84668278349591e-05,0.09999548450990371,0.22487892307364243,0.6751071255886187,50,20,20
1,8490,1.846682783495896e-05,0.09999548450991366,0.22489731224929554,0.6750887364129555,50,20,20
1,8491,1.846682783495907e-05,0.099995484509914,0.22489744614782808,0.6750886025144226,50,20,20
1,8492,1.8466827834960188e-05,0.09999548450991204,0.22489742483005373,0.6750886238321988,50,20,20
1,8493,1.8466827833791604e-05,0.09999548450945045,0.2246521953320929,0.6753338533306225,50,20,20
1,8494,1.8466827833791465e-05,0.09999528614922808,0.22465239369231543,0.6753338533306222,50,20,20
1,8495,1.846682783379163e-05,0.09999528614924405,0.22465730902907236,0.6753289379938494,50,20,20
1,8496,1.8466827833773203e-05,0.09999528614918557,0.22465707509913257,0.6753291719238477,50,20,20
1,8497,1.8465714132264503e-05,0.09999009368455562,0.2329265199824191,0.6670649206188922,50,20,20
1,8498,1.846571413802805e-05,0.09999009368456165,0.22581051476570546,0.6741809258355942,50,20,20
1,8499,1.8465714166828875e-05,0.09999009368475363,0.22581311533744589,0.674178325263633,50,20,20
1,8500,1.8465714166829102e-05,0.09999009368475369,0.22581287558492222,0.6741785650161566,50,20,20
1,8501,1.8465714166829082e-05,0.09999009368475369,0.22581287783196843,0.6741785627691104,50,20,20
1,8502,1.8465714166846033e-05,0.09998881224803988,0.22581415926869153,0.6741785627691012,50,20,20
1,8503,1.8465714166846036e-05,0.09998881224856286,0.2258144605651503,0.6741782614721195,50,20,20
1,8504,1.8465714167215295e-05,0.09998881224877122,0.22603615077785918,0.6739565712592017,50,20,20
1,8505,1.8465714167215464e-05,0.09998881224876532,0.22537252428386695,0.6746201977531999,50,20,20
1,8506,1.846571416684621e-05,0.0999888122486421,0.22515096222102823,0.6748417598161622,50,20,20
1,8507,1.846571416684621e-05,0.09998881224864217,0.22515096640097454,0.6748417556362157,50,20,20
1,8508,1.84657141671324e-05,0.09998881224858336,0.21084665933811178,0.6891460626991375,50,20,20
1,8509,1.846646559935893e-05,0.10005419169191075,0.21077703438843196,0.6891503074540573,50,20,20
1,8510,1.8466465599359447e-05,0.10005419169402532,0.21093199150402436,0.6889953503363502,50,20,20
1,8511,1.8466465599359363e-05,0.10005419169455072,0.21075430118267086,0.6891730406571783,50,20,20
1,8512,1.8466465764913145e-05,0.10008538221009648,0.21072311066691857,0.689173040657219,50,20,20
1,8513,1.8466465770024745e-05,0.1000853865479122,0.21086359319272854,0.6890325537935884,50,20,20
1,8514,1.8466465604980707e-05,0.08130445220873712,0.2296445275170661,0.6890325538085902,50,20,20
1,8515,1.8466465604567917e-05,0.08130445220864915,0.22964136434160431,0.6890357169841402,50,20,20
1,8516,1.8466465604991505e-05,0.08129755905483663,0.22964825749467466,0.6890357169848821,50,20,20
1,8517,1.846662975986216e-05,0.08129755905483192,0.22964851939176836,0.6890354549236384,50,20,20
1,8518,1.84666297598611e-05,0.08129755848816599,0.2289399014694954,0.6897440734125775,50,20,20
1,8519,1.2380444041861227e-05,0.0812577157554351,0.22898582778134485,0.6897440760191768,50,20,20
1,8520,1.2380444041861057e-05,0.08125771575541912,0.22898091521744615,0.6897489885830916,50,20,20
1,8521,1.2380444041861064e-05,0.08125771575490022,0.22899428728446838,0.6897356165165882,50,20,20
1,8522,1.2380444041859838e-05,0.08125771575490023,0.22899440998779663,0.6897354938132599,50,20,20
1,8523,1.2380444041859724e-05,0.08125771575489997,0.22899443932115038,0.6897354644799064,50,20,20
1,8524,1.2380444041859726e-05,0.08125771575489998,0.22900869694831832,0.6897212068527385,50,20,20
1,8525,1.5656660367909448e-05,0.08141139807334544,0.22869331794406794,0.6898796273222173,50,20,20
1,8526,1.5656660367909448e-05,0.08141139807315692,0.22843772123746056,0.6901352240290132,50,20,20
1,8527,1.5656660367591173e-05,0.08141139807315242,0.22843679834852904,0.6901361469179496,50,20,20
1,8528,1.5656660367704544e-05,0.08141139807315251,0.22843660883771405,0.6901363364287644,50,20,20
1,8529,1.5656660367591187e-05,0.08141139807315242,0.22843659279678835,0.6901363524696903,50,20,20
1,8530,1.565666036775592e-05,0.08141139846471189,0.22904929519556,0.6895236496793592,50,20,20
1,8531,1.565666036775592e-05,0.08141139846471193,0.22903514207703637,0.6895378027978828,50,20,20
1,8532,1.565666036774186e-05,0.08145790434471283,0.22898863637590317,0.6895378026190151,50,20,20
1,8533,1.5656660367741888e-05,0.0814579043447117,0.2289791132123653,0.6895473257825541,50,20,20
1,8534,1.5427970035850873e-05,0.08144529618759275,0.23074343100898517,0.6877958448333849,50,20,20
1,8535,1.54279700360338e-05,0.08144529620360784,0.23098472976512344,0.6875545460612312,50,20,20
1,8536,1.54279700360338e-05,0.081445302835675,0.23098472313304508,0.6875545460612424,50,20,20
1,8537,1.5427970036034313e-05,0.08144530283567493,0.2309848137997525,0.6875544553945351,50,20,20
1,8538,1.5427970036042123e-05,0.08144530283567523,0.23098989945678366,0.6875493697375036,50,20,20
1,8539,1.5427970035859177e-05,0.0814453028196623,0.23074873453486458,0.6877905346754357,50,20,20
1,8540,0.01999143292495016,0.08144530281321835,0.21077272961496696,0.6877905346468631,50,20,20
1,8541,0.01999143292495016,0.08144530281321113,0.210772442414443,0.6877908218473944,50,20,20
1,8542,0.019991432957190594,0.08144549706594324,0.20294839930613884,0.6956146706707261,50,20,20
1,8543,0.01999143295719059,0.08144549706594625,0.20294719521566304,0.695615874761199,50,20,20
1,8544,0.01999143295719059,0.08144549706595168,0.20294826917078587,0.6956148008060707,50,20,20
1,8545,0.01999143295719059,0.08144549706595164,0.2029482251229294,0.6956148448539272,50,20,20
1,8546,0.01999143295719059,0.08144549706603205,0.2029482255741057,0.6956148444026706,50,20,20
1,8547,0.019991432957190594,0.08144549706603245,0.20294833373682064,0.6956147362399553,50,20,20
1,8548,0.019991432957190598,0.08144549706603803,0.2031987550313303,0.69536431494544,50,20,20
1,8549,0.019991432957191472,0.08144549706603761,0.20319952866168367,0.6953635413150862,50,20,20
1,8550,0.019991432957191472,0.08144549706595047,0.20319924735469105,0.6953638226221659,50,20,20
1,8551,0.019991432957594292,0.08144549706576193,0.2032004938469596,0.6953625761296829,50,20,20
1,8552,0.01999143295759319,0.08144549706531783,0.20292611095053054,0.6956369590265572,50,20,20
1,8553,0.01999143295759321,0.08144549706532812,0.2029263892401006,0.6956366807369768,50,20,20
1,8554,0.01999143295761924,0.08121965132627848,0.20315223487917103,0.69563668083693,50,20,20
1,8555,0.019991432957619244,0.0812196513262729,0.20290182583949082,0.6958870898766157,50,20,20
1,8556,0.019991432957619244,0.08121965132627156,0.2028990196343279,0.69588989608178,50,20,20
1,8557,0.019991432957618446,0.08025731266967931,0.2038613583185626,0.6958898960541384,50,20,20
1,8558,0.019991432957618446,0.08025731307519501,0.20408601157369907,0.6956652423934863,50,20,20
1,8559,0.019991432957618446,0.08025731307466488,0.20408557282050144,0.6956656811472139,50,20,20
1,8560,0.01999143295761797,0.08025731307466531,0.20408418837024123,0.6956670655974743,50,20,20
1,8561,0.01999143295761797,0.08025731307466552,0.20408426526867912,0.6956669886990363,50,20,20
1,8562,0.01999143295761797,0.08025731307466076,0.20408438130861822,0.695666872659102,50,20,20
1,8563,0.019991432957591496,0.08049143320248348,0.20385026128152556,0.6956668725583985,50,20,20
1,8564,0.019988156741301357,0.08033769946814666,0.2041655943964906,0.6955085493940604,50,20,20
1,8565,0.019988156741296458,0.08033769947354742,0.20408523027327355,0.6955889135118817,50,20,20
1,8566,0.019988156741296458,0.08033769947354731,0.20408495542743388,0.6955891883577213,50,20,20
1,8567,0.019988156741296486,0.0803376994714393,0.20400000452454642,0.6956741392627168,50,20,20
1,8568,0.019988156741295605,0.0803376994714434,0.20424810417950937,0.6954260396077505,50,20,20
1,8569,0.019991929998504222,0.08033774763070874,0.202934862566732,0.6967354598040539,50,20,20
1,8570,0.019991944959652497,0.08033888469982806,0.20293380942455613,0.6967353609159623,50,20,20
1,8571,0.019991944959652494,0.08033888469987689,0.20341443697522632,0.6962547333652434,50,20,20
1,8572,0.019991944959652615,0.08033888470395453,0.21069937343403025,0.6889697969023615,50,20,20
1,8573,0.019991944959652615,0.08033888470395457,0.21069938624264112,0.6889697840937506,50,20,20
1,8574,0.01999194495965245,0.08033888431238496,0.2100683237529165,0.689600846975045,50,20,20
1,8575,0.01999194495965245,0.080338884312385,0.20966601131474277,0.6900031594132188,50,20,20
1,8576,0.01999194495965245,0.08033888431238566,0.2096711668103559,0.6899980039176049,50,20,20
1,8577,0.01999194495964734,0.08033887997456994,0.2095306864752274,0.6901384885905542,50,20,20
1,8578,0.0199919447814833,0.08033862917114103,0.2100243664153224,0.689645059632052,50,20,20
1,8579,0.0199919447814833,0.08033862917084982,0.21001021932673292,0.6896592067209327,50,20,20
1,8580,0.019987915376543628,0.08033891651008311,0.2113019039808188,0.688371264132553,50,20,20
1,8581,0.01998791537654362,0.08033891651008311,0.21130188679696116,0.6883712813164107,50,20,20
1,8582,0.019976214732443088,0.08195674734671261,0.2096957565419513,0.6883712813788914,50,20,20
1,8583,0.019976214732443088,0.08195674734671257,0.20969690641536484,0.688370131505478,50,20,20
1,8584,0.01998402831044225,0.08197715871236178,0.20965185111161172,0.6883869618655828,50,20,20
1,8585,0.01998402831044225,0.08197715871354606,0.20995715675211424,0.688081656223896,50,20,20
1,8586,0.01998402373763926,0.08194958914660155,0.2028409077419668,0.6952254793737909,50,20,20
1,8587,0.01998402307361637,0.08194959397661929,0.20379790905104084,0.6942684738987218,50,20,20
1,8588,0.01998402307361637,0.08194959397662091,0.20379801705597456,0.6942683658937865,50,20,20
1,8589,0.01998402307361637,0.08194959397653039,0.20379803505058067,0.6942683478992708,50,20,20
1,8590,0.01998402307361699,0.08194967131475099,0.20380452376789218,0.6942617818437384,50,20,20
1,8591,0.019984023073616696,0.08194967131509646,0.19926957742617016,0.6987967281851154,50,20,20
1,8592,0.019984023073615204,0.08174489541188353,0.1994743533293868,0.698796728185113,50,20,20
1,8593,0.019984023073615204,0.08174489541194813,0.19947461992213508,0.6987964615923,50,20,20
1,8594,0.019984023073615204,0.08174489541195368,0.19949132272848938,0.6987797587859403,50,20,20
1,8595,0.019984023073615204,0.08174489541195404,0.19949141880454424,0.6987796627098851,50,20,20
1,8596,0.019984023073615208,0.08174489541197001,0.199486205505632,0.6987848760087814,50,20,20
1,8597,0.019984023073615208,0.08174489541197665,0.19948610372912204,0.6987849777852846,50,20,20
1,8598,0.019984023073615208,0.08174489541197662,0.19948604722838342,0.6987850342860233,50,20,20
1,8599,0.019984023073615208,0.08174489541197241,0.1994721093992421,0.6987989721151691,50,20,20
1,8600,0.01998402307361522,0.08174061771435331,0.1994763870968558,0.6987989721151745,50,20,20
1,8601,0.01998402307361522,0.08174061771435316,0.19947646601325483,0.6987988931987756,50,20,20
1,8602,0.019987263960447615,0.08167570269362473,0.1995324559349026,0.6988045774110232,50,20,20
1,8603,0.019987263960454846,0.08167570269095446,0.19247181449757764,0.7058652188510111,50,20,20
1,8604,0.019987263960454846,0.08167570269095464,0.19247183511383845,0.7058651982347501,50,20,20
1,8605,0.019987263960454818,0.08167570269094818,0.19240518765423265,0.7059318456943625,50,20,20
1,8606,0.019987263960023195,0.08167570269094472,0.1924015937118978,0.7059354396371326,50,20,20
1,8607,0.019987263960023195,0.08167570269094472,0.192401784841248,0.7059352485077823,50,20,20
1,8608,0.01998726396002326,0.08167570269122665,0.19669196006974984,0.7016450732789985,50,20,20
1,8609,0.019987263960023302,0.08127908443043273,0.19708857832967605,0.7016450732798661,50,20,20
1,8610,0.019987264160426774,0.08127908443178945,0.1974076030701656,0.7013260483376166,50,20,20
1,8611,0.01998726416042677,0.08127908443177277,0.19740740816926372,0.7013262432385351,50,20,20
1,8612,0.01998726414733519,0.08127908443331687,0.19563490072936457,0.7030987506899816,50,20,20
1,8613,0.019987264147335194,0.08127908443416187,0.19563638715650825,0.703097264261993,50,20,20
1,8614,0.02076744878474941,0.08125796420057492,0.19488749442301842,0.7030870925916558,50,20,20
1,8615,0.02076744878474941,0.0812579642005797,0.1948875657831367,0.7030870212315325,50,20,20
1,8616,0.020767448784749405,0.08125796419972882,0.19488581547932707,0.7030887715361932,50,20,20
1,8617,0.020767448784749506,0.08125796419972885,0.19501806861767298,0.702956518397847,50,20,20
1,8618,0.020767448784749506,0.0812579641997961,0.19554736966375597,0.702427217351697,50,20,20
1,8619,0.020767448784748503,0.08125796419438754,0.19540358123200133,0.7025710057888611,50,20,20
1,8620,0.020767449399001513,0.08125431053621517,0.17846400013439673,0.7195142399303852,50,20,20
1,8621,0.020767449399000354,0.08120254830948033,0.17851576236116157,0.7195142399303565,50,20,20
1,8622,0.020767449399000354,0.08120254830948044,0.17852103475546433,0.7195089675360536,50,20,20
1,8623,0.020767449399000354,0.08120216915278905,0.17852141391216678,0.7195089675360425,50,20,20
1,8624,0.020767449247935114,0.08120216915124435,0.17337414479477747,0.7246562368060419,50,20,20
1,8625,0.020767449247935114,0.0812021691512444,0.1733741483865874,0.7246562332142318,50,20,20
1,8626,0.020767449247935086,0.08120216915089791,0.16933575876907278,0.7286946228320927,50,20,20
1,8627,0.020767449247935086,0.08120216915089973,0.16934030269869463,0.7286900789024691,50,20,20
1,8628,0.02076746912626977,0.08120255350334313,0.16933977787646487,0.728690199493921,50,20,20
1,8629,0.0007918073458171771,0.08280261414310988,0.18762900414663933,0.728776574364432,50,20,20
1,8630,0.0007918067315641709,0.08280026781912865,0.1845746657776693,0.7318332596716364,50,20,20
1,8631,0.0007918067315641709,0.08280026781913126,0.18457441756384266,0.7318335078854603,50,20,20
1,8632,0.0007918067315641709,0.08280026781878563,0.18427826490232005,0.7321296605473286,50,20,20
1,8633,0.0007918067315641709,0.08280026781899542,0.18427082902395653,0.7321370964254825,50,20,20
1,8634,0.0007885746683533757,0.08280034657561945,0.18426691203998838,0.7321441667160374,50,20,20
1,8635,0.0007885746683533767,0.08280034617010376,0.18404920543096345,0.7323618737305782,50,20,20
1,8636,0.0008788838900755549,0.08138059247893376,0.18546449583016192,0.7322760278008275,50,20,20
1,8637,0.0008788838900755549,0.08138059247893117,0.185464424895021,0.732276098735971,50,20,20
1,8638,0.0008788838900750186,0.0813805924789203,0.18545898730375124,0.7322815363272521,50,20,20
1,8639,0.0008788838900750189,0.08138059247892056,0.18545586615653767,0.7322846574744655,50,20,20
1,8640,0.0008788838900750189,0.08138059247892056,0.18545586371913805,0.7322846599118651,50,20,20
1,8641,0.0008786953885071926,0.08075368645230302,0.18608295844171496,0.7322846597174731,50,20,20
1,8642,0.0008786953885071915,0.08075368645230274,0.18607943191522175,0.7322881862439666,50,20,20
1,8643,0.0008786953885071908,0.08075368645230267,0.18607628470914117,0.7322913334500474,50,20,20
1,8644,0.0008786954074416872,0.08075368250777128,0.18593530585654366,0.7324323162282415,50,20,20
1,8645,0.0008786954074416927,0.08049152063852041,0.18619746621863395,0.7324323177354021,50,20,20
1,8646,0.0008786954074436796,0.08049152063852043,0.18627731386119803,0.7323524700928359,50,20,20
1,8647,0.0008786954074436748,0.08082494567801136,0.1859438888181572,0.7323524700963857,50,20,20
1,8648,0.0008786954074436521,0.08082494567800078,0.1859385919322872,0.7323577669822667,50,20,20
1,8649,0.0008786954074436521,0.08082494567800044,0.1859387504697628,0.7323576084447915,50,20,20
1,8650,0.0008786954074436531,0.08082494567795301,0.18545813638170014,0.7328382225329015,50,20,20
1,8651,0.000878695407443653,0.08082494567795274,0.18546034977670559,0.7328360091378964,50,20,20
1,8652,0.0008786954074436476,0.08082494567803594,0.18546049884842666,0.7328358600660921,50,20,20
1,8653,0.0008786954074777823,0.0808249456780413,0.18576088241173583,0.7325354765027435,50,20,20
1,8654,0.0008786954074777823,0.08082494567804749,0.1857512625160557,0.7325450963984175,50,20,20
1,8655,0.0008786954074777823,0.08082494567804738,0.18575542346835872,0.7325409354461145,50,20,20
1,8656,0.0008786954074777816,0.08082494567804088,0.18575537399266825,0.7325409849218114,50,20,20
1,8657,0.0008786859269625789,0.0808243710919739,0.1703400959962806,0.7479568469847816,50,20,20
1,8658,0.0008786870183450813,0.08082409007480905,0.17788962824460264,0.7404075946622416,50,20,20
1,8659,0.0008786870183450813,0.0808240900749094,0.17789338903597,0.740403833870774,50,20,20
1,8660,0.000878687018345111,0.08081982304364997,0.17789765606722543,0.7404038338707781,50,20,20
1,8661,0.000878687018345111,0.08081982304365001,0.17789759732976138,0.740403892608242,50,20,20
1,8662,0.0008786869980009206,0.08081982215881503,0.17803677836724607,0.7402647124759365,50,20,20
1,8663,0.0008786869980008744,0.08083718942680262,0.17801941110371022,0.7402647124714846,50,20,20
1,8664,0.0008786869980017467,0.08067782299022706,0.17817877754028888,0.7402647124714806,50,20,20
1,8665,0.0008786869980008443,0.08089304257816515,0.1779635579523518,0.7402647124714805,50,20,20
1,8666,0.0008786671565898637,0.0808928063592611,0.1779639367268339,0.7402645897573135,50,20,20
1,8667,0.0008786671565899709,0.08089280635961302,0.17796831176369513,0.7402602147201002,50,20,20
1,8668,0.0008786671565899709,0.08089280635961307,0.177968520874931,0.7402600056088643,50,20,20
1,8669,0.0008786671565908036,0.08025407601967481,0.17860725121486823,0.7402600056088644,50,20,20
1,8670,0.000878667156412928,0.09945206021618545,0.15940926701850935,0.7402600056088907,50,20,20
1,8671,0.000878667156412928,0.09945206021618583,0.15940908500694564,0.7402601876204541,50,20,20
1,8672,0.000878667156412928,0.09945206021618683,0.15940916845470737,0.7402601041726915,50,20,20
1,8673,0.000878969489125586,0.09846883643573567,0.1603920809559218,0.7402601131192155,50,20,20
1,8674,0.0008789694891257921,0.09846883643574136,0.160443842966219,0.7402083511089124,50,20,20
1,8675,0.0008789694891257922,0.09846883643553157,0.16044531922907163,0.7402068748462696,50,20,20
1,8676,0.0008789692887223827,0.0984688364341748,0.16013189095876756,0.7405203033183336,50,20,20
1,8677,0.0008789692887223827,0.09846883643417487,0.16013167451046642,0.7405205197666348,50,20,20
1,8678,0.0008789691862707257,0.09846935892989302,0.16013719790711936,0.7405144739767157,50,20,20
1,8679,0.000878969186263376,0.09846935892832272,0.15990842085136914,0.7407432510340435,50,20,20
1,8680,0.0008789691862633759,0.09846935892851526,0.1593925887575285,0.7412590831276917,50,20,20
1,8681,0.0008789691864288122,0.0984693589285196,0.15914630080596784,0.7415053710790827,50,20,20
1,8682,0.0008789691864288122,0.09838591372697353,0.15922974600751386,0.7415053710790828,50,20,20
1,8683,0.000878671739593118,0.09894649316407073,0.15866947296124542,0.7415053621350896,50,20,20
1,8684,0.0008786717395932106,0.09894649316407084,0.15866376405864893,0.7415110710376858,50,20,20
1,8685,0.0008786717395932117,0.09894649316407696,0.15866806518821205,0.7415067699081166,50,20,20
1,8686,0.00087867173959332,0.09894649316382097,0.15865455611053564,0.741520278986049,50,20,20
1,8687,0.0008786717395933191,0.0989464931638197,0.1586546861136139,0.7415201489829719,50,20,20
1,8688,0.0008786717395933191,0.09894649316381968,0.1586546818223574,0.7415201532742286,50,20,20
1,8689,0.0008786717395933191,0.09894649316381965,0.1586544460085307,0.7415203890880552,50,20,20
1,8690,0.0008786717395933222,0.09894649316385949,0.1586648261482238,0.7415100089483222,50,20,20
1,8691,0.0008786717395932207,0.0989464931658677,0.1589031899029765,0.7412716451915614,50,20,20
1,8692,0.000878671739593227,0.09894649316627196,0.14673450802280744,0.7534403270713262,50,20,20
1,8693,0.000878671739593227,0.09894649316627194,0.1467345029631665,0.7534403321309674,50,20,20
1,8694,0.0008786717509573233,0.09894649316501176,0.14674792453634686,0.7534269105476831,50,20,20
1,8695,0.0008786717511461676,0.09894649316537568,0.1469759218146485,0.7531989132688287,50,20,20
1,8696,0.0008786717512051853,0.09894649316537572,0.14697659620675696,0.753198238876661,50,20,20
1,8697,0.0008786717512051853,0.09894720230796844,0.14697588706416426,0.753198238876661,50,20,20
1,8698,0.0008786717512049444,0.09971710338875459,0.14620598598344567,0.7531982388765939,50,20,20
1,8699,0.0008786717512049433,0.09971710338874845,0.1462016839499887,0.7532025409100568,50,20,20
1,8700,0.0008786717512049433,0.09971710340550385,0.14591499283858933,0.753489232004701,50,20,20
1,8701,0.0008786717512029566,0.09971710340550369,0.14583524106039347,0.7535689837828989,50,20,20
1,8702,0.0008786717510375207,0.09971710340550097,0.14583298514743645,0.7535712396960242,50,20,20
1,8703,0.000878671751119916,0.09971710340549288,0.14583350730008632,0.7535707175433001,50,20,20
1,8704,0.0008786717511199159,0.09971710340549307,0.1458335190878243,0.753570705755562,50,20,20
1,8705,0.0008786717511197605,0.09971710340549299,0.14583349321927075,0.7535707316241157,50,20,20
1,8706,0.0008786717510856258,0.09971710340616861,0.14564274122016857,0.7537614836225763,50,20,20
1,8707,0.0008786717510856258,0.09971710340616846,0.14564280046655692,0.7537614243761881,50,20,20
1,8708,0.0008786717510856258,0.0997171034061685,0.14564290201860222,0.7537613228241429,50,20,20
1,8709,0.0008786716565157048,0.0997171020051369,0.14109170871130738,0.7583125176270393,50,20,20
1,8710,0.0008786716565157036,0.09971710200513156,0.14109138210920563,0.7583128442291465,50,20,20
1,8711,0.0008786716564333085,0.09971710200513438,0.14109077985937823,0.7583134464790534,50,20,20
1,8712,0.0008786716564334741,0.0997171020051319,0.1410771333642294,0.7583270929742045,50,20,20
1,8713,0.0008786741415308392,0.09971610099237321,0.1410934406410367,0.7583117842250583,50,20,20
1,8714,0.0008786741413420061,0.09971610099201289,0.1411781611646096,0.7582270637020346,50,20,20
1,8715,0.0008786741413418701,0.0997161009920583,0.14117518654632394,0.7582300383202751,50,20,20
1,8716,0.0008786741413418701,0.09971610097411186,0.14116296607881051,0.7582422588057349,50,20,20
1,8717,0.0008786741413418701,0.09971610097411196,0.14116738472921914,0.7582378401553262,50,20,20
1,8718,0.0008786741413418701,0.09971610097411103,0.14116725225709195,0.7582379726274543,50,20,20
1,8719,0.0008786741413418592,0.09971610097411522,0.14085853878023977,0.7585466861043024,50,20,20
1,8720,0.0008786741413417509,0.09971610097411147,0.1408586101853045,0.7585466146992416,50,20,20
1,8721,0.0008786741413417519,0.09971610098448448,0.14086799760167323,0.7585372272724997,50,20,20
1,8722,0.0008786741413417516,0.09971610098466271,0.14086818211040097,0.7585370427635937,50,20,20
1,8723,0.0008786721725839096,0.09971779500932045,0.1408666122145569,0.758536920603538,50,20,20
1,8724,0.0008786721725839101,0.09971779500932045,0.14087114483178942,0.7585323879863053,50,20,20
1,8725,0.0008786722343891959,0.0997175680092086,0.1408713683889246,0.7585323913674763,50,20,20
1,8726,0.0008786722343891957,0.09971756800920879,0.14087332335432462,0.7585304364020763,50,20,20
1,8727,0.0008786722343891969,0.09971756800920878,0.14087207161966286,0.758531688136738,50,20,20
1,8728,0.0007883431712284821,0.11298854944495972,0.12769192508769694,0.7585311822961139,50,20,20
1,8729,0.0007883431711779914,0.11298854944509838,0.13223501128168158,0.7539880961020411,50,20,20
1,8730,0.0007883431711771588,0.11351818926614751,0.13170537146049935,0.7539880961021752,50,20,20
1,8731,0.0007883431711771721,0.11351818925567965,0.13197953458978745,0.7537139329833549,50,20,20
1,8732,0.0007883431711771717,0.11351818925567918,0.13197969494889697,0.7537137726242459,50,20,20
1,8733,0.0007883431711771725,0.11351818925567991,0.13198672855549026,0.7537067390176517,50,20,20
1,8734,0.0007883431711771725,0.11351818925567991,0.13198674068181793,0.7537067268913242,50,20,20
1,8735,0.0007883431712665609,0.11351818927306855,0.1353457227641085,0.7503477447915554,50,20,20
1,8736,0.0007883420476790222,0.11352674670316486,0.1352299643871337,0.7504549468620217,50,20,20
1,8737,0.0007880186910588205,0.10033569212752791,0.14842136541953738,0.750454923761875,50,20,20
1,8738,0.0007885604434260272,0.10007545831989915,0.14868087156204118,0.7504551096746327,50,20,20
1,8739,0.0007885604434260271,0.10007545831973047,0.14868090379387142,0.7504550774429712,50,20,20
1,8740,0.0007885604437084668,0.100075458317723,0.14831462183104038,0.7508213594075274,50,20,20
1,8741,0.0007942966098784186,0.10007545865513226,0.14830870782882447,0.7508215369061639,50,20,20
1,8742,0.0007942966098784186,0.10007545865513254,0.1483087979048992,0.7508214468300891,50,20,20
1,8743,0.0008285953197377373,0.10007360001903454,0.14827635885248477,0.7508214458087421,50,20,20
1,8744,0.000828595319737738,0.10007360001906612,0.1473655267179373,0.7517322779432581,50,20,20
1,8745,0.000828595319737738,0.10007360001906626,0.1473656490038941,0.7517321556573012,50,20,20
1,8746,0.0008285952210110626,0.10007360010595746,0.14736526484859497,0.7517325398244354,50,20,20
1,8747,0.0008285952210110626,0.10007360010595721,0.14736520945185258,0.7517325952211781,50,20,20
1,8748,0.0008285952210110616,0.10007360010595712,0.14736225528592287,0.7517355493871078,50,20,20
1,8749,0.0008285952210110617,0.10007360010603186,0.1473657962723364,0.7517320084006195,50,20,20
1,8750,0.0008285952210110617,0.10007173128074999,0.14736766509745236,0.7517320084007855,50,20,20
1,8751,0.000828595221011178,0.10007173129261286,0.14742387261942713,0.7516758008669479,50,20,20
1,8752,0.000828595221011178,0.10007357143256371,0.14742203247964228,0.7516758008667819,50,20,20
1,8753,0.0008285952210111777,0.1000735714325533,0.14741783294692837,0.7516800003995061,50,20,20
1,8754,0.01434585989956581,0.10007390751314148,0.13389898767701508,0.7516812449102772,50,20,20
1,8755,0.014345859899565707,0.10007390751278948,0.13883921151928275,0.7467410210683617,50,20,20
1,8756,0.014345859899571482,0.10007390751279562,0.138839558523711,0.7467406740639214,50,20,20
1,8757,0.014345859899571482,0.10007390751279274,0.13883939395954348,0.7467408386280917,50,20,20
1,8758,0.014345859899289042,0.1000739075127916,0.1388399202356699,0.7467403123522489,50,20,20
1,8759,0.014345859899289042,0.10007390751279165,0.1388506359916045,0.7467295965963142,50,20,20
1,8760,0.014345859899289042,0.1000739075127916,0.13884947963706745,0.7467307529508515,50,20,20
1,8761,0.014345859899280545,0.10007390751265706,0.1350499493205382,0.7505302832675237,50,20,20
1,8762,0.014345859899274768,0.10007390751265077,0.1350453278353911,0.7505349047526829,50,20,20
1,8763,0.014345859899274773,0.1001408833101537,0.13497835203606262,0.7505349047545085,50,20,20
1,8764,0.013588436295168548,0.10014045434621867,0.13574285703183422,0.7505282523267777,50,20,20
1,8765,4.039513735570723e-05,0.10014578251331863,0.14928681361707286,0.7505270087322519,50,20,20
1,8766,4.0395137355710805e-05,0.10014578251331904,0.1492868706627681,0.7505269516865564,50,20,20
1,8767,4.0395137355710805e-05,0.10014578251331904,0.14928675465876162,0.7505270676905628,50,20,20
1,8768,4.039513735571082e-05,0.10014443891763751,0.14928809825444309,0.7505270676905629,50,20,20
1,8769,4.0395137357834114e-05,0.10014443891763772,0.14928360003534186,0.7505315659096616,50,20,20
1,8770,4.039513735783427e-05,0.10014443891763967,0.1492837224020257,0.750531443542976,50,20,20
1,8771,4.039514021604694e-05,0.10015333437967545,0.1496566275390049,0.7501496429411025,50,20,20
1,8772,4.0395140216046946e-05,0.10015333437967844,0.14965674954902103,0.7501495209310834,50,20,20
1,8773,4.03951402160469e-05,0.10015333437960372,0.14965320883614244,0.7501530616440368,50,20,20
1,8774,4.03951402160465e-05,0.10015333437960397,0.14965915473360172,0.7501471157465772,50,20,20
1,8775,4.0395140216046505e-05,0.10015333437900126,0.14954959957839467,0.750256670902387,50,20,20
1,8776,4.039514021622227e-05,0.10037930748260189,0.1493236275978941,0.7502566697792866,50,20,20
1,8777,4.039514021904991e-05,0.10037930748278205,0.1494979332151041,0.7500823641618938,50,20,20
1,8778,4.039514022802369e-05,0.1003793074838117,0.14985572413017742,0.7497245732457819,50,20,20
1,8779,4.0395140228025726e-05,0.10037930994815687,0.15963455726781675,0.7399457376437972,50,20,20
1,8780,4.0395140228025726e-05,0.10037949232138464,0.1596343748945886,0.7399457376437977,50,20,20
1,8781,4.0395143248596716e-05,0.10037949222321205,0.14504940492828514,0.7545307077052531,50,20,20
1,8782,4.0395143248596696e-05,0.1003794922232087,0.14504917529686354,0.754530937336678,50,20,20
1,8783,4.0395143248596696e-05,0.10037949222320881,0.14505348339715998,0.7545266292363815,50,20,20
1,8784,4.0395143248597224e-05,0.10037949222320959,0.15821572699695655,0.7413643856365837,50,20,20
1,8785,4.0396247226426455e-05,0.10043364092123755,0.15815986035959598,0.7413661024719386,50,20,20
1,8786,4.0396247226426476e-05,0.10043364092124127,0.1581724113239368,0.741353551507594,50,20,20
1,8787,4.0507992116176285e-05,0.10043364092151352,0.14323686411387496,0.756288986972494,50,20,20
1,8788,4.0507992116147594e-05,0.10043364092151182,0.14249618501751585,0.7570296660688549,50,20,20
1,8789,4.05079921161875e-05,0.10043364092346399,0.14274610091928402,0.7567797501651345,50,20,20
1,8790,4.0507992116136935e-05,0.10046659472181274,0.14271314750499392,0.756779749781076,50,20,20
1,8791,4.0507992116136935e-05,0.1004665947012076,0.1426973945820784,0.7567955027245968,50,20,20
1,8792,4.050799211613614e-05,0.10046659470120685,0.14269035720793902,0.7568025400987373,50,20,20
1,8793,4.050799211613636e-05,0.10049158961204833,0.14266536229709503,0.7568025400987398,50,20,20
1,8794,4.0507992116136224e-05,0.10060423117050549,0.14255272073864023,0.7568025400987374,50,20,20
1,8795,4.050799211613299e-05,0.10060423117050846,0.1449682378470318,0.7543870229903428,50,20,20
1,8796,4.0507992116063426e-05,0.10060423116850992,0.14471824280761936,0.7546370180317539,50,20,20
1,8797,4.0507992116062396e-05,0.10060423116851848,0.1373632165681452,0.7619920442712194,50,20,20
1,8798,4.0507992116062396e-05,0.1006042311685185,0.1373632136612043,0.7619920471781603,50,20,20
1,8799,4.050799211606238e-05,0.10060423116851851,0.13736330274249897,0.7619919580968655,50,20,20
1,8800,4.05068870338936e-05,0.10053714517906963,0.13743210256598254,0.761990245367913,50,20,20
1,8801,4.050688703385353e-05,0.10053714517920026,0.13777226296605558,0.7616500849677093,50,20,20
1,8802,4.0506887033853516e-05,0.10053714517918876,0.137776381983906,0.7616459659498704,50,20,20
1,8803,4.050688694446518e-05,0.10053714516179851,0.13442077469372793,0.765001573257528,50,20,20
1,8804,4.05068869444676e-05,0.10053714516179983,0.13442070462800573,0.765001643323249,50,20,20
1,8805,4.050688694458757e-05,0.10052540427947589,0.13443244551030842,0.76500164332327,50,20,20
1,8806,4.05068869445877e-05,0.10052540427947393,0.1344246769742067,0.7650094118593735,50,20,20
1,8807,5.798387622624848e-05,0.10052540414161461,0.13440752963072838,0.7650090823514294,50,20,20
1,8808,5.797992910893799e-05,0.09994721742461633,0.13498572029726696,0.7650090823490059,50,20,20
1,8809,5.797992910893799e-05,0.09994721742461866,0.13497286623694305,0.7650219364093275,50,20,20
1,8810,5.7979929108937866e-05,0.09994721742461866,0.13497295947419016,0.7650218431720803,50,20,20
1,8811,5.7979929108937886e-05,0.09994721743183527,0.1431195916565715,0.7568752109824826,50,20,20
1,8812,5.797992910002966e-05,0.09994721743080652,0.14276204507675344,0.7572327575633382,50,20,20
1,8813,3.431236011810874e-05,0.09994724076268482,0.14277557367413046,0.7572428732030647,50,20,20
1,8814,3.431236011810876e-05,0.09994724076268482,0.14277504506461722,0.7572434018125778,50,20,20
1,8815,3.431236011810876e-05,0.09994724076268235,0.14277128267367453,0.7572471642035229,50,20,20
1,8816,3.431237185036182e-05,0.08123249992831232,0.1614860234938607,0.7572471642059755,50,20,20
1,8817,3.427209896278713e-05,0.08123251867010342,0.16149604628800304,0.7572371629429295,50,20,20
1,8818,3.4272098962787516e-05,0.08123251867014718,0.16149631158277347,0.7572368976481155,50,20,20
1,8819,3.4272098962787516e-05,0.0812325186706448,0.16151372474508763,0.7572194844853037,50,20,20
1,8820,3.427209896278063e-05,0.08123251867020795,0.16151304424896004,0.7572201649818682,50,20,20
1,8821,3.4272098962799144e-05,0.08094432015204302,0.16180124276657945,0.7572201649824137,50,20,20
1,8822,3.4272098962804965e-05,0.08094432015204683,0.16196419411368246,0.7570572136353069,50,20,20
1,8823,3.427209896280498e-05,0.08094432015205713,0.16196403855476313,0.7570573691942161,50,20,20
1,8824,3.427209896280283e-05,0.08094432015206385,0.1619640283375391,0.7570573794114334,50,20,20
1,8825,3.427209896269971e-05,0.08094432015205812,0.16191234415635136,0.757109063592627,50,20,20
1,8826,3.4272098962699695e-05,0.08094432015205819,0.1619125871648859,0.7571088205840926,50,20,20
1,8827,3.4272107317505766e-05,0.08094431826501297,0.1528493147433404,0.7661720948843278,50,20,20
1,8828,3.4272107317440457e-05,0.08094431828252606,0.15286447909714343,0.7661569305130118,50,20,20
1,8829,3.4272107317440457e-05,0.08094431828252623,0.1528636044991856,0.7661578051109694,50,20,20
1,8830,3.4272107317440457e-05,0.08094431828251665,0.1528632856340788,0.7661581239760856,50,20,20
1,8831,3.4272107317445945e-05,0.08094431828251653,0.15286327218584372,0.7661581374243208,50,20,20
1,8832,3.4272107317445566e-05,0.0809443182824729,0.15287663140054075,0.7661447782096674,50,20,20
1,8833,3.427210731744555e-05,0.08094431828246484,0.1528872826270829,0.7661341269831334,50,20,20
1,8834,3.427210731744555e-05,0.08094431828246483,0.15288740006699375,0.7661340095432226,50,20,20
1,8835,3.4272107317446806e-05,0.08094431828246457,0.15288152427185564,0.7661398853383611,50,20,20
1,8836,3.427210731744132e-05,0.08094431828246476,0.1528884270741095,0.7661329825361071,50,20,20
1,8837,3.4272107317441175e-05,0.08094431828238179,0.15288829083820712,0.7661331187720924,50,20,20
1,8838,3.4272107317441175e-05,0.0809443182823821,0.15289498093168452,0.7661264286786147,50,20,20
1,8839,3.427210731531738e-05,0.08094431828238195,0.152907058661197,0.7661143509491045,50,20,20
1,8840,3.427210731531738e-05,0.0809443182823819,0.15290305557550057,0.7661183540348009,50,20,20
1,8841,3.427210733384136e-05,0.08094674832284561,0.15290062553455896,0.7661183540352603,50,20,20
1,8842,3.4272107333841684e-05,0.08094674832285965,0.15290234510388648,0.7661166344659187,50,20,20
1,8843,3.427210861261471e-05,0.08094674832285936,0.1529631723177706,0.766055807250756,50,20,20
1,8844,3.416035224448923e-05,0.08094674832248015,0.14792658367324119,0.7710925076520327,50,20,20
1,8845,3.416034388968113e-05,0.08094674774518013,0.14721083602323246,0.7718082558876964,50,20,20
1,8846,3.416034387254312e-05,0.08050747441793689,0.1476501093493638,0.7718082558888254,50,20,20
1,8847,3.416034387254312e-05,0.08050747441793452,0.14765193930686737,0.7718064259313242,50,20,20
1,8848,3.416034387254306e-05,0.08050747441793454,0.14766120719538875,0.7717971580428029,50,20,20
1,8849,3.416034387257383e-05,0.08050747441793472,0.14766535604651107,0.7717930091916803,50,20,20
1,8850,3.416034387257386e-05,0.08050747441793477,0.14780433529554265,0.7716540299426488,50,20,20
1,8851,3.415940323256552e-05,0.0805099562515045,0.14780185435313178,0.7716540299921298,50,20,20
1,8852,3.415940323256531e-05,0.08050995625149224,0.1478049261458497,0.7716509581994242,50,20,20
1,8853,3.415940323257161e-05,0.08050995627674853,0.1476884866142118,0.7717673977058058,50,20,20
1,8854,3.415940323257161e-05,0.08050995627674816,0.14768188504429275,0.7717739992757252,50,20,20
1,8855,3.41594032325717e-05,0.0805099562767485,0.14768191207965178,0.7717739722403658,50,20,20
1,8856,3.41594032325717e-05,0.08050995627727393,0.1476820343374112,0.771773849982081,50,20,20
1,8857,3.4159403232468685e-05,0.08050995627727385,0.14768212008620651,0.7717737642332858,50,20,20
1,8858,3.4159403229637935e-05,0.08050995627697065,0.14749731284078035,0.7719585714790181,50,20,20
1,8859,3.3678910792508015e-05,0.08050425800523904,0.14750349231420076,0.7719585707697668,50,20,20
1,8860,3.36789107926147e-05,0.08050425800523899,0.1474908688340678,0.7719711942498998,50,20,20
1,8861,3.367891084514901e-05,0.08050425800812079,0.1475012051835528,0.7719608578974803,50,20,20
1,8862,3.3679030822848154e-05,0.08050425801800051,0.14755233750630398,0.7719097254448719,50,20,20
1,8863,3.367903082284843e-05,0.08050425801800051,0.14755230560642824,0.7719097573447476,50,20,20
1,8864,3.367903082284846e-05,0.08050425801800039,0.1475387557314359,0.77192330721974,50,20,20
1,8865,3.367903082310143e-05,0.08050425802301428,0.14805529235348186,0.7714067705926798,50,20,20
1,8866,3.367903082309511e-05,0.08050425799775794,0.14803282401278678,0.7714292389586312,50,20,20
1,8867,3.367903082310768e-05,0.0805042579977581,0.14803746646351684,0.771424596507901,50,20,20
1,8868,3.367903082310635e-05,0.08050425799775814,0.14803755082880274,0.7714245121426151,50,20,20
1,8869,3.36790308636029e-05,0.08050425799545566,0.14798801365822087,0.7714740493154589,50,20,20
1,8870,3.367903086360797e-05,0.08050425799545571,0.1479880723916015,0.7714739905820782,50,20,20
1,8871,3.367903086360797e-05,0.08050425799545581,0.14798818452336643,0.7714738784503133,50,20,20
1,8872,3.3679030863607975e-05,0.08050425799545671,0.14798822100627207,0.7714738419674068,50,20,20
1,8873,3.367903086367492e-05,0.08050425799751773,0.14799606550693706,0.7714659974646807,50,20,20
1,8874,3.367902958520364e-05,0.08050425799751797,0.14793456317799303,0.7715274997949028,50,20,20
1,8875,3.3679029585203666e-05,0.08050425799751793,0.14792537550308857,0.7715366874698074,50,20,20
1,8876,3.3679029585191075e-05,0.08050425799751769,0.14792081762034015,0.7715412453525561,50,20,20
1,8877,3.367902958519134e-05,0.08050425799751768,0.14792074875533634,0.7715413142175599,50,20,20
1,8878,3.367902958519015e-05,0.08054334362991147,0.14788166312489756,0.7715413142156049,50,20,20
1,8879,3.3679030753834945e-05,0.0805389450830576,0.14788606167020707,0.7715413142159805,50,20,20
1,8880,3.367903075382065e-05,0.08053894508341188,0.14845081512592578,0.7709765607599077,50,20,20
1,8881,3.367903075232329e-05,0.08098542418203797,0.14800433602890387,0.770976560758305,50,20,20
1,8882,3.367903075232387e-05,0.08098542418190739,0.14741217436479948,0.7715687224225399,50,20,20
1,8883,6.425299571181185e-05,0.06159681207086986,0.16677021232572334,0.7715687226076945,50,20,20
1,8884,6.425299268835066e-05,0.06159681206520125,0.16136928275433302,0.7769696521877768,50,20,20
1,8885,6.425299268835069e-05,0.06159681206520125,0.16136937035200138,0.7769695645901085,50,20,20
1,8886,6.425299268839327e-05,0.061596829365724706,0.16911491019383731,0.7692240074477492,50,20,20
1,8887,6.425299268839345e-05,0.06159682936572488,0.16911491435179074,0.7692240032897955,50,20,20
1,8888,6.426181940961977e-05,0.06159748335437981,0.16750988203606135,0.7708283727901488,50,20,20
1,8889,6.426181940961973e-05,0.06159748335438214,0.16750999307800019,0.7708282617482076,50,20,20
1,8890,6.426181935708544e-05,0.06159748335200756,0.16825588600596006,0.7700823688226748,50,20,20
1,8891,6.426181935708542e-05,0.06159748335200756,0.16825587984869717,0.7700823749799377,50,20,20
1,8892,6.426181935708531e-05,0.061597483352085716,0.1688066805484672,0.7695315742800894,50,20,20
1,8893,3.3687854399395293e-05,0.06098831040305571,0.16944642764761614,0.7695315740949283,50,20,20
1,8894,3.368785439939612e-05,0.06098831040305553,0.16944641958048337,0.7695315821620613,50,20,20
1,8895,3.368785439939611e-05,0.06098831040254832,0.16869005280441368,0.7702879489386382,50,20,20
1,8896,3.3687854399395795e-05,0.060988310402534295,0.16868833562616878,0.7702896661168971,50,20,20
1,8897,3.368785439940298e-05,0.06098831040262149,0.16868858303277576,0.770289418710203,50,20,20
1,8898,3.3687854399423706e-05,0.060988310402621565,0.16868857255879147,0.7702894291841872,50,20,20
1,8899,3.3687854358810916e-05,0.060988310393061365,0.16868191195598353,0.7702960897965958,50,20,20
1,8900,3.3687860429019894e-05,0.060988311725493745,0.15604903503308643,0.7829289653809901,50,20,20
1,8901,3.368786041569829e-05,0.06098831172549366,0.1560459157184018,0.7829320846956882,50,20,20
1,8902,3.368786041021294e-05,0.06098588539048123,0.156048342103045,0.7829320846460626,50,20,20
1,8903,3.368786041021447e-05,0.0609858853923238,0.15617299230820625,0.7828074344390585,50,20,20
1,8904,3.3687859241438963e-05,0.06097333440384797,0.1561855432982167,0.7828074344386928,50,20,20
1,8905,3.3640795636129825e-05,0.0609738986939093,0.15618516919496084,0.7828072913154926,50,20,20
1,8906,3.3640675658430826e-05,0.06097389868403726,0.15612154737514017,0.7828709132651629,50,20,20
1,8907,3.364067565947331e-05,0.06097389868417927,0.1561706519419567,0.7828218086982034,50,20,20
1,8908,3.366143399869243e-05,0.060973903962308375,0.15614247645042756,0.7828499581532643,50,20,20
1,8909,3.366143399869101e-05,0.060973903962308375,0.15614244527759427,0.7828499893260975,50,20,20
1,8910,3.366142230087721e-05,0.06084697768195322,0.15626937157200746,0.7828499893237374,50,20,20
1,8911,3.366142230087721e-05,0.06084697768142774,0.15627885645946815,0.7828405044368023,50,20,20
1,8912,3.366142230087737e-05,0.06084700669303009,0.1569693219939933,0.782150009890675,50,20,20
1,8913,3.366142230057624e-05,0.060847006693632716,0.15720537709807295,0.781913954785993,50,20,20
1,8914,3.366142230059623e-05,0.0608470066936327,0.1572067370831193,0.7819125948009468,50,20,20
1,8915,3.366142272318008e-05,0.060847006693636164,0.15720112633416342,0.7819182055494764,50,20,20
1,8916,3.366142272318008e-05,0.06084700669363621,0.15720115310974803,0.7819181787738918,50,20,20
1,8917,3.366142272320144e-05,0.060847006693636206,0.15724923909675087,0.7818700927868889,50,20,20
1,8918,3.3661422723201226e-05,0.06084700670870599,0.15726310137525465,0.7818562304933155,50,20,20
1,8919,3.366142268912151e-05,0.05980368279409967,0.1583064252899872,0.7818562304932233,50,20,20
1,8920,3.366625450075928e-05,0.05980307895131859,0.15690770821168581,0.7832555465824942,50,20,20
1,8921,3.3666254500739296e-05,0.05980307895131862,0.15690996450857617,0.7832532902856038,50,20,20
1,8922,3.3666254500708525e-05,0.05980307895131845,0.15690581846716334,0.7832574363270168,50,20,20
1,8923,3.36662545007083e-05,0.05980307893380443,0.1568904023211547,0.7832728524905396,50,20,20
1,8924,0.019881045609536272,0.0598030754073182,0.13704302674733104,0.7832728522358137,50,20,20
1,8925,0.01988104560957922,0.05980307539224672,0.13730280504935835,0.7830130739488149,50,20,20
1,8926,0.01988104560957922,0.05980307539224636,0.1373027206296255,0.7830131583685481,50,20,20
1,8927,0.01988104560957922,0.05980307539216821,0.13674886614484022,0.7835670128534115,50,20,20
1,8928,0.01988104560957922,0.059803075392168364,0.1367449496876752,0.7835709293105764,50,20,20
1,8929,0.01988104560957917,0.059803075390106535,0.13674051011606705,0.7835753688842465,50,20,20
1,8930,0.019881045610111777,0.05980307538974675,0.13589222453028926,0.7844236544698515,50,20,20
1,8931,0.01988104560957945,0.05980307538974714,0.13588864427874467,0.7844272347219281,50,20,20
1,8932,0.01988104104316658,0.05980309529235135,0.1366558872290756,0.7836599764354059,50,20,20
1,8933,0.01988104104316775,0.05980309529235137,0.13664611444228877,0.7836697492221915,50,20,20
1,8934,0.01988104104274571,0.059803095292358915,0.13664242897508097,0.7836734346898137,50,20,20
1,8935,0.01988104104274571,0.059803095292358985,0.13664243572342552,0.7836734279414691,50,20,20
1,8936,0.01988104104274571,0.059803095292358915,0.13664252369204727,0.7836733399728475,50,20,20
1,8937,0.019881242397588494,0.059879921228904724,0.1365935610795007,0.7836452752940053,50,20,20
1,8938,0.019881242397588494,0.05987992123059361,0.1366009692364673,0.7836378671353497,50,20,20
1,8939,0.019881242397588494,0.059879921230593595,0.13660154973006075,0.7836372866417562,50,20,20
1,8940,0.019881242397588494,0.05987992123058258,0.136601478141574,0.783637358230254,50,20,20
1,8941,0.019881242397595686,0.05987992123078352,0.13660529454522982,0.7836335418263904,50,20,20
1,8942,0.019881242397595682,0.05987992122894089,0.13648049115252428,0.7837583452209386,50,20,20
1,8943,0.019881242397595686,0.05987992122844335,0.1364631445946294,0.7837756917793307,50,20,20
1,8944,0.019881242398371916,0.05987992122844599,0.13666393354123366,0.7835749028319476,50,20,20
1,8945,0.01985313432423526,0.05987992541032515,0.13669204470484472,0.7835748955605939,50,20,20
1,8946,0.019853134324234148,0.059879925410355195,0.13669418641364464,0.7835727538517651,50,20,20
1,8947,0.019853134324234127,0.059879925410361155,0.13669440568270144,0.7835725345827024,50,20,20
1,8948,0.019853134324240705,0.059879925416726876,0.13646926665845066,0.7837976736005811,50,20,20
1,8949,0.019853134324240698,0.05987992541664248,0.1364691490621282,0.783797791196988,50,20,20
1,8950,0.019853134324240684,0.05987992541664513,0.1364769759185731,0.7837899643405405,50,20,20
1,8951,0.01985313432346445,0.05987992541664423,0.1362797300565348,0.7839872102033558,50,20,20
1,8952,0.01985313432346445,0.05987992541664423,0.13627966950081644,0.783987270759074,50,20,20
1,8953,0.019853134055738072,0.059881904786878534,0.13690975032057442,0.7833552108368079,50,20,20
1,8954,0.019853134055738065,0.059881904786874676,0.1367434801498995,0.7835214810074868,50,20,20
1,8955,0.019853134055747318,0.059881904792636165,0.13734533967018295,0.7829196214814327,50,20,20
1,8956,0.01985313405574757,0.05988190479968711,0.1397837639354796,0.7804811972090849,50,20,20
1,8957,0.019853134055704623,0.05988190479968766,0.13951719603919938,0.7807477651054074,50,20,20
1,8958,0.019853134055704623,0.0598819048043931,0.1397103869892635,0.7805545741506379,50,20,20
1,8959,0.01985312522898354,0.05988123430470336,0.15338287264724634,0.7668827678190655,50,20,20
1,8960,0.01985312522898354,0.059881234304707744,0.15338312252333933,0.7668825179429681,50,20,20
1,8961,0.01985312522898354,0.05988123430470482,0.1533856209895428,0.7668800194767676,50,20,20
1,8962,0.019852903402827457,0.05980437911672691,0.15346278277989459,0.76687993470055,50,20,20
1,8963,0.019852903402827457,0.059804379116842415,0.15346579065830124,0.7668769268220278,50,20,20
1,8964,0.019852903402827457,0.059804379116842415,0.15346578814771342,0.7668769293326159,50,20,20
1,8965,0.019852903402827457,0.05980437911836189,0.15360593356453595,0.7667367839142739,50,20,20
1,8966,0.019852903402827457,0.059804379118359154,0.15359456963092158,0.7667481478478909,50,20,20
1,8967,0.019852903402827204,0.05980437911136223,0.15116494870309702,0.7691777687827127,50,20,20
1,8968,0.01985290340282721,0.05980437911149416,0.15117314741942778,0.7691695700662499,50,20,20
1,8969,0.01985290340282721,0.05980437952694075,0.1517643920539946,0.7685783250162366,50,20,20
1,8970,0.01985290340282886,0.059804382215078465,0.16169037634575145,0.7586523380363407,50,20,20
1,8971,0.019852903402828855,0.05980438221507842,0.16169040886719532,0.758652305514897,50,20,20
1,8972,0.019852903402828852,0.05980797479766717,0.1616868162846114,0.7586523055148924,50,20,20
1,8973,0.019852903547302028,0.0598079740099784,0.16048004988807663,0.7598590725546424,50,20,20
1,8974,0.019852903541231818,0.05980797267754619,0.15995063185832847,0.7603884919228932,50,20,20
1,8975,0.019852903541231273,0.05980797267753532,0.15995077243411104,0.760388351347122,50,20,20
1,8976,0.019852903541230916,0.05980797267253264,0.15943438201464438,0.7609047417715915,50,20,20
1,8977,0.019852903541231565,0.05980794365377342,0.1506001862542478,0.7697389665507468,50,20,20
1,8978,0.019852903541790857,0.059808556538614735,0.15885114888152693,0.7614873910380671,50,20,20
1,8979,0.019852903541790857,0.05980855653692584,0.15884364511192273,0.7614948948093603,50,20,20
1,8980,0.019852903541790857,0.05980855653692148,0.15884579216930392,0.7614927477519835,50,20,20
1,8981,0.0198529035417908,0.059808556543053865,0.15884219016259293,0.7614963497525621,50,20,20
1,8982,0.0198529035418783,0.05980907820740358,0.1594754712464333,0.7608625470042845,50,20,20
1,8983,0.01985290359809061,0.05980770105399426,0.15947685137944806,0.7608625439684665,50,20,20
1,8984,0.01985290354186138,0.060303042380498224,0.1589815101107684,0.7608625439668715,50,20,20
1,8985,0.01985290354186138,0.060303042380498224,0.1589902147168223,0.7608538393608179,50,20,20
1,8986,0.019852903541861585,0.06030357521684297,0.16617501534360454,0.7536685058976909,50,20,20
1,8987,0.01985290325483395,0.0603050016218235,0.16617358922565223,0.7536685058976902,50,20,20
1,8988,0.01985290325483395,0.0603050016218235,0.16617382382011503,0.7536682713032273,50,20,20
1,8989,0.01985290325427466,0.060304388737107285,0.16651936594317282,0.7533233420654452,50,20,20
1,8990,0.019852903252494322,0.060452212925880565,0.16636823937847783,0.7533266444431469,50,20,20
1,8991,0.019852903252494322,0.06045221292588025,0.16636793081245257,0.7533269530091724,50,20,20
1,8992,0.019852903252494322,0.0604522129259644,0.1805099581926922,0.7391849256288484,50,20,20
1,8993,0.019852903252494326,0.0604522131815877,0.18052298535311542,0.7391718982128019,50,20,20
1,8994,0.01985290325249457,0.06073101574579856,0.18024418278942378,0.7391718982122826,50,20,20
1,8995,0.0198529032525029,0.06073101574110422,0.18509090012225315,0.7343251808841391,50,20,20
1,8996,0.001575362157061968,0.06075122012642898,0.2033481542382836,0.7343252634782245,50,20,20
1,8997,0.0015753636888038288,0.0606404728860259,0.20345889994689478,0.7343252634782744,50,20,20
1,8998,0.0015753636889578302,0.06064076435772294,0.20345860835878526,0.7343252635945329,50,20,20
1,8999,0.0015753660799894265,0.0606407647479135,0.19320387628210525,0.7445799928899907,50,20,20
1,9000,0.0015753660799894284,0.06064076476983912,0.19328723438399173,0.7444966347661786,50,20,20
1,9001,0.0015753660799894286,0.06064076476985248,0.19329304130218694,0.74449082784797,50,20,20
1,9002,0.0015753660799894265,0.06064076476985918,0.19330611632114064,0.7444777528290097,50,20,20
1,9003,0.001575366079989373,0.06064076476982955,0.1933040679234705,0.7444798012267095,50,20,20
1,9004,0.0015753660802723124,0.060640764769820776,0.18833691964716023,0.7494469495027457,50,20,20
1,9005,0.0015753660802723124,0.06064076476982105,0.18835318999350106,0.7494306791564048,50,20,20
1,9006,0.0015753660802730288,0.060640764769761955,0.18834582374067593,0.7494380454092884,50,20,20
1,9007,0.0015753660802730288,0.0606407647682427,0.18821140079518067,0.749572468356303,50,20,20
1,9008,0.0015753660802730288,0.06064076476823707,0.18819842460025626,0.749585444551233,50,20,20
1,9009,0.0015753660802730286,0.0606407647682399,0.18819592525430534,0.7495879438971813,50,20,20
1,9010,0.0015753660802730286,0.06064076476823994,0.1881837796131625,0.7496000895383241,50,20,20
1,9011,0.001575366080273037,0.06064076476888156,0.18842862430289234,0.7493552448479526,50,20,20
1,9012,0.0015753660802727749,0.060647482102730105,0.18842190696906183,0.7493552448479349,50,20,20
1,9013,0.0015753660802727749,0.06064748210273262,0.18841510353809704,0.7493620482788971,50,20,20
1,9014,0.0015753645486922092,0.06064829975385673,0.18841428741856356,0.7493620482788869,50,20,20
1,9015,0.0004255356737407231,0.060628113382866555,0.18957367945971249,0.7493726714836797,50,20,20
1,9016,0.00042553567365322185,0.060627591718613656,0.18894984671226672,0.7499970258954657,50,20,20
1,9017,0.00042553567336195387,0.06062760025892954,0.20200313056112826,0.7369437335065796,50,20,20
1,9018,0.0004255356733609114,0.06062760028586906,0.20197125685035558,0.7369756071904137,50,20,20
1,9019,0.00042553567336090577,0.06062760003024975,0.20195847222047952,0.7369883920759089,50,20,20
1,9020,0.00042553567336090577,0.06062760003024976,0.20196134266347796,0.7369855216329104,50,20,20
1,9021,0.0004255356733609055,0.06062760003023618,0.20195552221373578,0.7369913420826663,50,20,20
1,9022,0.0004255356733606262,0.060627600030235665,0.20195535451111213,0.7369915097852905,50,20,20
1,9023,0.0004255356733606272,0.06050015067084374,0.20208280387050054,0.7369915097852942,50,20,20
1,9024,0.00042553567335997867,0.06050015067078433,0.20208210720183645,0.7369922064540182,50,20,20
1,9025,0.00042553567335997867,0.06050015067256289,0.202084534388962,0.7369897792651142,50,20,20
1,9026,0.00042553567335997867,0.06050015067256289,0.20208423925148877,0.7369900744025873,50,20,20
1,9027,0.00042305437440269154,0.060500162891891376,0.20208670833252365,0.7369900744011815,50,20,20
1,9028,0.0004230543744026917,0.06050016289229083,0.20207565206575193,0.7370011306675538,50,20,20
1,9029,0.0004230543744026917,0.06050016289229083,0.2020759101064282,0.7370008726268773,50,20,20
1,9030,0.0004230543744026917,0.06050016289050952,0.20207337090408584,0.737003411831001,50,20,20
1,9031,0.0004230543744026917,0.06050016289050944,0.20207339043104885,0.7370033923040381,50,20,20
1,9032,0.00042305437440269154,0.060500162890198245,0.20207676237807948,0.7370000203573187,50,20,20
1,9033,0.00042305437440269154,0.06050016289019888,0.20207677074281738,0.7370000119925801,50,20,20
1,9034,0.0004230543744104935,0.060500162890147084,0.20207717304876172,0.7369996096866797,50,20,20
1,9035,0.0004230543744104935,0.06050016289014873,0.2020773393489609,0.7369994433864793,50,20,20
1,9036,0.0004230543744104935,0.060500162890147084,0.20207732565714365,0.7369994570782982,50,20,20
1,9037,0.0004230543744104926,0.060627665909326486,0.201949822637968,0.7369994570782943,50,20,20
1,9038,0.0004230543744104926,0.06062766590319912,0.20279384851942944,0.7361554312029602,50,20,20
1,9039,0.0004230543744104924,0.06062766590314995,0.20306944768525206,0.7358798320371868,50,20,20
1,9040,0.0004230543744104924,0.060627665903152994,0.20306957087904096,0.7358797088433948,50,20,20
1,9041,0.0004230543744104841,0.06062766590311499,0.20306453469645738,0.7358847450260163,50,20,20
1,9042,0.00042305437440196594,0.06062766591183477,0.20307366548687902,0.7358756142268834,50,20,20
1,9043,0.00042305437433262584,0.06064941573083795,0.20305191578421622,0.735875614110612,50,20,20
1,9044,0.0004230543743260472,0.06064941572387389,0.2030377927350275,0.7358897371667713,50,20,20
1,9045,0.0004230543743540171,0.060649415723880704,0.20304155929383977,0.7358859706079243,50,20,20
1,9046,0.0004230543743540183,0.06064941572418531,0.20326173940298478,0.7356657904984745,50,20,20
1,9047,0.0004230543743540186,0.06064941572409679,0.20325268333469804,0.7356748465668498,50,20,20
1,9048,0.0004230543743540186,0.06064941572409565,0.2032525178068575,0.7356750120946915,50,20,20
1,9049,0.0004230543743468249,0.060649415723894096,0.20324867790753057,0.7356788519942273,50,20,20
1,9050,0.0015572144603493102,0.060649418260527124,0.20211450797473351,0.7356788593043888,50,20,20
1,9051,0.0015572120693177138,0.060649417870269506,0.1983494456804345,0.7394439243799771,50,20,20
1,9052,0.0015572120693177138,0.060669193190653156,0.198329670360061,0.7394439243799671,50,20,20
1,9053,0.0015572120693177138,0.06066919319064746,0.1974755367982959,0.7402980579417381,50,20,20
1,9054,0.0015572120693177138,0.06066919319064747,0.19748086119912134,0.7402927335409129,50,20,20
1,9055,0.0015572120693177053,0.06066919319000297,0.1972359156707238,0.7405376790699549,50,20,20
1,9056,0.0015572120693084543,0.06066919318424147,0.1966340626583929,0.7411395320880565,50,20,20
1,9057,0.0015572120693084545,0.06066919315715762,0.1966195481394659,0.7411540466340673,50,20,20
1,9058,0.0015572120693084545,0.060669193157157554,0.19663385628388977,0.7411397384896435,50,20,20
1,9059,0.001557212069308455,0.06066919315736295,0.19663111144792692,0.741142483325401,50,20,20
1,9060,0.0015572120691492047,0.060668708388203436,0.19663159621724785,0.7411424833253983,50,20,20
1,9061,0.0015572120691492047,0.0606711185678433,0.19662918603761514,0.7411424833253912,50,20,20
1,9062,0.0015572120691492047,0.060671118567842776,0.1966291297500769,0.7411425396129302,50,20,20
1,9063,0.0015572120691492047,0.060671118567843275,0.19663627900685146,0.7411353903561552,50,20,20
1,9064,0.0015572120691492047,0.06067111856244466,0.197133832653583,0.7406378367148223,50,20,20
1,9065,0.0015572120864383362,0.06067172622704537,0.19713321986253138,0.740637841823984,50,20,20
1,9066,0.0015572120864385235,0.060671726228432525,0.20141491540420295,0.7363561462809249,50,20,20
1,9067,0.0009833242779708035,0.06208700889893246,0.20057317035702968,0.7363564964660659,50,20,20
1,9068,0.0009833242779708113,0.062087008898994496,0.20057326397686115,0.7363564028461724,50,20,20
1,9069,0.0009833242779708113,0.06208700889899422,0.20057105966317,0.7363586071598638,50,20,20
1,9070,0.0009833242779708113,0.06208700889899422,0.20057112609210226,0.7363585407309315,50,20,20
1,9071,0.0009833242779715813,0.062087008898985864,0.20057106318538576,0.7363586036376557,50,20,20
1,9072,0.0009833243167271832,0.06208702575311548,0.20109238350444453,0.7358372664257118,50,20,20
1,9073,0.0009833242994379602,0.062086229550132536,0.20109318483387878,0.7358372613165496,50,20,20
1,9074,0.0009833243031337612,0.06208622955013698,0.20109320447002102,0.735837241676707,50,20,20
1,9075,0.0009833243031337612,0.062045700406140554,0.20113373361401687,0.7358372416767076,50,20,20
1,9076,0.0009833243031337612,0.062045700406140505,0.20113372855332978,0.7358372467373948,50,20,20
1,9077,0.000983324303133761,0.062045700406140575,0.2011370740427939,0.7358339012479306,50,20,20
1,9078,0.0009833243032190359,0.06204570040615425,0.20120244618161603,0.7357685291090094,50,20,20
1,9079,0.0009833243036769421,0.06194767093050158,0.20129907863060045,0.73576992613522,50,20,20
1,9080,0.0009833243036530754,0.061947670932448407,0.20166234443559605,0.7354066603283012,50,20,20
1,9081,0.0009833243036530754,0.061947670932450676,0.20166602214439616,0.7354029826194989,50,20,20
1,9082,0.0009833247429250755,0.06235030419523591,0.20126338844208963,0.7354029826197482,50,20,20
1,9083,0.0037215709405876603,0.06235163628040165,0.20539383073663603,0.7285329620423731,50,20,20
1,9084,0.0037215709405877696,0.062351636280401274,0.20538941638493138,0.7285373763940781,50,20,20
1,9085,0.0032985193387770105,0.0626608753693659,0.20551393288672412,0.7285266724051316,50,20,20
1,9086,0.0032985193688806168,0.0626066156283893,0.200559262748833,0.7335356022538959,50,20,20
1,9087,0.0032985193301250156,0.06260659877425964,0.20004698289135714,0.7340478990042569,50,20,20
1,9088,0.0033128368468889357,0.0626065987732967,0.20007487915047942,0.7340056852293335,50,20,20
1,9089,0.0033128368468889357,0.0626065987732966,0.20008487707326433,0.733995687306549,50,20,20
1,9090,0.0033128368468889357,0.0626065987732966,0.20008487770070996,0.7339956866791033,50,20,20
1,9091,0.0033128368468889357,0.0626065987793393,0.20009598498524664,0.733984579388524,50,20,20
1,9092,0.0033128368468889357,0.06260659877904332,0.2195940864093996,0.7144864779646665,50,20,20
1,9093,0.003312836906629811,0.06214479156523204,0.22005588839821438,0.7144864831299215,50,20,20
1,9094,0.003312836906629814,0.06214479156523228,0.22005460808565008,0.7144877634424855,50,20,20
1,9095,0.0033128369066290466,0.0621447915652299,0.22006045944008013,0.7144819120880588,50,20,20
1,9096,0.0033128369066317952,0.06214479158242564,0.2202467934059481,0.7142955781049923,50,20,20
1,9097,0.0033128369066317952,0.062144791582425724,0.2202498896286819,0.7142924818822585,50,20,20
1,9098,0.0033128369066290466,0.06214479156550554,0.2200681637013277,0.7144742078265355,50,20,20
1,9099,0.003312836906630812,0.06214484793029339,0.22056167851896608,0.7139806366441074,50,20,20
1,9100,0.003312836906630812,0.06214484793029669,0.22140592834703715,0.713136386816033,50,20,20
1,9101,0.0033128369270730594,0.06214479181807693,0.22141379240033804,0.7131285788545096,50,20,20
1,9102,0.0027525668575338062,0.07393688742552552,0.21007220555994446,0.713238340156994,50,20,20
1,9103,0.002752566857533811,0.07393688742552229,0.21007209785274877,0.713238447864193,50,20,20
1,9104,0.002752567018032589,0.0780371087274126,0.2059718734426558,0.7132384508118971,50,20,20
1,9105,0.002752567018032589,0.07803710872740781,0.20570031742558836,0.7135100068289691,50,20,20
1,9106,0.002752567018032589,0.07803710872740781,0.20570010201586644,0.713510222238691,50,20,20
1,9107,0.0027525646106396247,0.08481645493903722,0.19903087702386446,0.7134001034264565,50,20,20
1,9108,0.002752564610639619,0.08481645493897189,0.19903436911014372,0.7133966113402427,50,20,20
1,9109,0.002752564610639619,0.08481645493897189,0.19903425089168128,0.7133967295587051,50,20,20
1,9110,0.0027525646106396195,0.08481645493897207,0.1990314178970337,0.7133995625533526,50,20,20
1,9111,0.002752564610635516,0.08481645493701845,0.19866444153341842,0.7137665389189255,50,20,20
1,9112,0.002752564610635516,0.08481645493701845,0.19864703447309748,0.7137839459792464,50,20,20
1,9113,0.002752564610635516,0.08481645493723038,0.19781282324923832,0.7146181572028936,50,20,20
1,9114,0.0027525646106355208,0.08481645496298185,0.18923881086646016,0.7231921695599202,50,20,20
1,9115,0.002752564450134575,0.08594321953525609,0.18811204940241513,0.7231921666121919,50,20,20
1,9116,0.0027525644501758166,0.08593429575621311,0.18812097318138105,0.7231921666122276,50,20,20
1,9117,0.00275256445017583,0.08593429634143264,0.18754991509438224,0.723763224114007,50,20,20
1,9118,1.4318260915537208e-05,0.08593351286749837,0.1902868724290209,0.723765296442563,50,20,20
1,9119,1.4318260915537208e-05,0.08593351286749837,0.1902869643086262,0.7237652045629579,50,20,20
1,9120,1.4318261295673105e-05,0.08075876027221707,0.19546171690275652,0.7237652045637286,50,20,20
1,9121,1.4356307151565434e-05,0.08035511109342768,0.19586532416130634,0.7237652084381122,50,20,20
1,9122,1.4356307151571934e-05,0.08035511109342768,0.19586535637229058,0.723765176227128,50,20,20
1,9123,1.4356307151585036e-05,0.08035511109342686,0.19596702215117057,0.7236635104482488,50,20,20
1,9124,1.4356307151604302e-05,0.0803551110934269,0.19596824686115377,0.7236622857382656,50,20,20
1,9125,3.864591891851575e-08,0.08035511112224647,0.18754053173693194,0.7321043184949007,50,20,20
1,9126,3.8645918915499713e-08,0.0803551111222464,0.18754037923458491,0.7321044709972477,50,20,20
1,9127,3.8646139574230305e-08,0.08035511112224666,0.18754168205862257,0.732103168172989,50,20,20
1,9128,3.864616105299657e-08,0.0803551111222753,0.18753458060252404,0.7321102696290377,50,20,20
1,9129,3.864616104740356e-08,0.08035511109639869,0.18751195984631702,0.7321328904111213,50,20,20
1,9130,3.8646161048331874e-08,0.08035511109669428,0.18775677345604203,0.7318880768011009,50,20,20
1,9131,3.864613957032273e-08,0.08035511109656884,0.18775569729937927,0.7318891529579106,50,20,20
1,9132,3.864609839953356e-08,0.0803631637908686,0.18774764460515633,0.7318891529578749,50,20,20
1,9133,3.864609841504163e-08,0.08036316379092011,0.18775079945912168,0.7318859981038582,50,20,20
1,9134,3.864609840193996e-08,0.08036316379092011,0.1876550943123062,0.7319817032506737,50,20,20
1,9135,3.864609832968433e-08,0.08037682067290049,0.18764143743032655,0.7319817032506729,50,20,20
1,9136,3.8646098331312986e-08,0.0803768206728834,0.18752293342458096,0.7321002072564358,50,20,20
1,9137,3.86462858149383e-08,0.08037628783654853,0.18040243902440176,0.7392212344927622,50,20,20
1,9138,3.8646287329475504e-08,0.08037628785896361,0.18050612634614388,0.7391175471486036,50,20,20
1,9139,3.864628732848706e-08,0.08037628785896354,0.18050618926314002,0.7391174842316075,50,20,20
1,9140,3.864606666975365e-08,0.0803762878589633,0.1805049124021987,0.7391187610927697,50,20,20
1,9141,3.864606665606997e-08,0.08037628685829701,0.18048507697222063,0.739138597523414,50,20,20
1,9142,3.8646066651824254e-08,0.08037628685829713,0.18138310570658583,0.7382405687890486,50,20,20
1,9143,3.8646066651887503e-08,0.0803762868582972,0.1815437917106585,0.7380798827849759,50,20,20
1,9144,3.8646066652014585e-08,0.0803425479082271,0.18157753064052504,0.7380798828051794,50,20,20
1,9145,3.864237085094706e-08,0.0803425479082222,0.1815801036581149,0.7380773097912905,50,20,20
1,9146,3.870025313772756e-08,0.08034254788815827,0.19078841486831044,0.7288689985432769,50,20,20
1,9147,3.870025313679929e-08,0.08034254788786267,0.1905436864511259,0.7291137269607568,50,20,20
1,9148,3.870025313679888e-08,0.08034254788786267,0.19054361971259184,0.729113793699291,50,20,20
1,9149,0.00016756136944932816,0.08034232585138916,0.1903763229538383,0.7291137898253218,50,20,20
1,9150,0.00016756136944921855,0.08034232585138903,0.19037343677157983,0.7291166760075805,50,20,20
1,9151,0.00016756136926153082,0.08034232585137918,0.1903092250111529,0.729180887768205,50,20,20
1,9152,0.00016756136926155158,0.08034232584533647,0.1902981586286503,0.7291919541567503,50,20,20
1,9153,0.00016756136926155126,0.08034232584534251,0.19058583907817692,0.7289042737072177,50,20,20
1,9154,0.00016756136926037498,0.08034232315759468,0.20061155970464484,0.718878555768499,50,20,20
1,9155,0.00016756136926037544,0.08034232320063295,0.21149858617480619,0.7079915292552998,50,20,20
1,9156,0.00016756136926037563,0.08034232320063397,0.21150759202081915,0.7079825234092858,50,20,20
1,9157,0.00016756136926036013,0.0803423232005826,0.2115048343781085,0.7079852810520478,50,20,20
1,9158,0.00016756136926038674,0.08034232320059126,0.21150983296335524,0.7079802824667923,50,20,20
1,9159,0.00016756136926038628,0.080342323157553,0.20062272147438143,0.7188673939988042,50,20,20
1,9160,0.00016756136926117471,0.08034232318688593,0.20091368273919152,0.7185764327046604,50,20,20
1,9161,0.00016756136926117471,0.08034232318688597,0.20091359454215352,0.7185765209016983,50,20,20
1,9162,0.00016756136926130802,0.08034232318688585,0.20001551768856282,0.7194745977552891,50,20,20
1,9163,0.00016756136926130802,0.0803423231868858,0.20000273839081964,0.7194873770530321,50,20,20
1,9164,0.00016756136926130804,0.08034232318688607,0.20000284173919902,0.7194872737046525,50,20,20
1,9165,0.0001675613608610222,0.08034176609466463,0.19997724264848557,0.719513429895988,50,20,20
1,9166,0.00016756136086102188,0.08034176609466462,0.19997705573235805,0.7195136168121156,50,20,20
1,9167,0.00041406888715808746,0.08034177380255712,0.20031535880550358,0.7189287985047802,50,20,20
1,9168,0.00041406888715808746,0.08034177380255811,0.21257280088575528,0.706671356424528,50,20,20
1,9169,0.0004140688871626939,0.08034177380256241,0.21257688354263465,0.7066672737676397,50,20,20
1,9170,0.000414068887162694,0.08034177380500424,0.21258409635366896,0.7066600609541637,50,20,20
1,9171,0.00041406888716268746,0.0803417738050044,0.21258814250401137,0.7066560148038211,50,20,20
1,9172,0.0004140688871618989,0.08034177377567474,0.2122913160496114,0.7069528412875514,50,20,20
1,9173,0.0004140688871618988,0.08034177377566852,0.21200356591698216,0.7072405914201869,50,20,20
1,9174,0.0004140688871618988,0.08034177377566852,0.212003410133795,0.7072407472033742,50,20,20
1,9175,0.0004140688871618988,0.08034177377566905,0.21200351896853248,0.707240638368636,50,20,20
1,9176,0.0004141705592243226,0.08074904286768078,0.21159614799946497,0.7072406385736295,50,20,20
1,9177,0.00041417049948346967,0.0807149636468073,0.21163023026302447,0.7072406355906844,50,20,20
1,9178,0.00041417049948346983,0.08071496364716589,0.21164603505450175,0.7072248307988486,50,20,20
1,9179,0.0004141820156408277,0.08040570888586272,0.21195513330895124,0.7072249757895444,50,20,20
1,9180,0.00016767443149314276,0.08040911027805611,0.21219841488810118,0.7072248004023487,50,20,20
1,9181,0.00016767443149314276,0.08040911027805593,0.212199396728697,0.707223818561753,50,20,20
1,9182,0.0001676744314931428,0.08040911027805593,0.21219946294010897,0.7072237523503412,50,20,20
1,9183,0.0001676744314931428,0.08040911027805597,0.21219690570605082,0.7072263095843994,50,20,20
1,9184,0.0001676744343411817,0.0806352198099431,0.21197079624830373,0.7072263095074112,50,20,20
1,9185,0.0001676744343411817,0.08063521980993707,0.21197051883180368,0.7072265869239175,50,20,20
1,9186,0.00016767451288623121,0.10043173469675898,0.19217400386521086,0.7072265869251434,50,20,20
1,9187,0.00016783738165517006,0.10043168554947085,0.1813962179527971,0.7180042591160765,50,20,20
1,9188,0.00016783738165517006,0.10043168554955058,0.18140623800919065,0.7179942390596032,50,20,20
1,9189,0.0001678373816557223,0.10043168554924582,0.18118606584300156,0.7182144112260964,50,20,20
1,9190,0.0001678373816557223,0.10043183539152123,0.18118591600072775,0.7182144112260948,50,20,20
1,9191,0.0001678373816557223,0.10043183539152123,0.18118615581440664,0.7182141714124158,50,20,20
1,9192,0.00016783738165572344,0.10043183539152142,0.18158162704434377,0.7178187001824786,50,20,20
1,9193,0.00016783738165572344,0.10043183539153343,0.1819106560409447,0.7174896711858658,50,20,20
1,9194,0.0001678373818955093,0.10043183618602428,0.18277950140676366,0.7166208250253162,50,20,20
1,9195,0.00016783738189550914,0.10043183619003142,0.1827736368849602,0.7166266895431126,50,20,20
1,9196,0.00016783738165558997,0.10043183539554064,0.18191477221347582,0.7174855550093276,50,20,20
1,9197,0.00016783738165558997,0.10043183539558967,0.1819146293167147,0.7174856979060397,50,20,20
1,9198,0.00016783738165750665,0.10043183571234236,0.20121420054482983,0.6981861263611704,50,20,20
1,9199,0.0001678373816575067,0.10043183571212494,0.20120055534445805,0.6981997715617595,50,20,20
1,9200,0.00016783738165750673,0.10043183571212504,0.20120527890163545,0.6981950480045821,50,20,20
1,9201,0.00016783738165290028,0.10043183571212073,0.20120482244316573,0.6981955044630607,50,20,20
1,9202,0.00016783746769089304,0.10043183871256478,0.2012046655915313,0.698195658228213,50,20,20
1,9203,0.0001678375344444914,0.10043183900569735,0.201583387655916,0.697816935803942,50,20,20
1,9204,0.0001678375344444914,0.1004318390056998,0.2015832225192651,0.6978171009405907,50,20,20
1,9205,0.00016783753444449097,0.1004318390056998,0.20158317678341003,0.6978171466764457,50,20,20
1,9206,0.00016783753444449097,0.10043183900569738,0.20158297091176874,0.6978173525480894,50,20,20
1,9207,0.00016783753444449102,0.1004318390056988,0.20159063456070683,0.6978096888991497,50,20,20
1,9208,0.0001678375344444887,0.10043183900569842,0.21068423496508526,0.688716088494772,50,20,20
1,9209,0.0001678375344444887,0.10043183900569864,0.2106792548383121,0.6887210686215448,50,20,20
1,9210,0.00016783753444298447,0.10043183898328374,0.21058083066482478,0.6888194928174487,50,20,20
1,9211,0.00016783753444297417,0.10043183898328356,0.21057556978094102,0.6888247537013327,50,20,20
1,9212,0.00016783753491376075,0.10043183898341584,0.21058988244341567,0.6888104410382548,50,20,20
1,9213,0.00016783753491320731,0.10043183898341584,0.21058986512373956,0.6888104583579316,50,20,20
1,9214,0.00016783753491320713,0.10043183898341493,0.21058077255783247,0.6888195509238395,50,20,20
1,9215,0.00016783755421702083,0.10043183905522611,0.20427374612563845,0.6951265772649186,50,20,20
1,9216,0.00016783755421704473,0.10043183905522757,0.20427479535402499,0.6951255280365304,50,20,20
1,9217,0.00016783753491326478,0.10043183898662483,0.19833524943904293,0.7010650740394189,50,20,20
1,9218,0.00016783753491327142,0.10050453588089253,0.19826255256272265,0.7010650740214711,50,20,20
1,9219,0.00016783753491325217,0.10050453588089231,0.19826102072701776,0.7010666058571764,50,20,20
1,9220,0.00016783753491321846,0.10050453587768286,0.1982515939938629,0.7010760325935407,50,20,20
1,9221,0.00016783753491321835,0.10050453632911573,0.18936161099362359,0.7099660151423474,50,20,20
1,9222,0.0001678375349132186,0.10050453632911559,0.18936412027793698,0.7099635058580341,50,20,20
1,9223,0.00016783755067106707,0.1005045358779259,0.18916006634925353,0.7101675602221493,50,20,20
1,9224,0.00016783755067106707,0.10050453587355963,0.18915001365136871,0.7101776129244004,50,20,20
1,9225,0.000167837550671076,0.100504535873576,0.1891501522136808,0.7101774743620719,50,20,20
1,9226,0.000167837550671076,0.10050453587352698,0.1891501587408415,0.7101774678349603,50,20,20
1,9227,0.00016783753491322745,0.10050453587328369,0.18914480885948023,0.7101828177323226,50,20,20
1,9228,0.00016783753491322745,0.1005045358732837,0.1891448121645065,0.7101828144272964,50,20,20
1,9229,0.0001678375349112231,0.10050453581396074,0.18917310722771327,0.7101545194234145,50,20,20
1,9230,0.0001678375349112231,0.10050453581396279,0.18918369053561232,0.7101439361155133,50,20,20
1,9231,0.00016783753482594823,0.10050453581394922,0.1891187296119632,0.7102088970392612,50,20,20
1,9232,0.00016783753482614878,0.10050453581395376,0.1891748860637307,0.710152740587489,50,20,20
1,9233,0.00017131003658623573,0.10050453583279659,0.18510348439860383,0.7142206697320129,50,20,20
1,9234,0.00017114714324520521,0.10050453571271913,0.18100253051886842,0.718321786625167,50,20,20
1,9235,0.00017114714324520532,0.10050453571271911,0.1810026218927244,0.718321695251311,50,20,20
1,9236,0.00017114714376622496,0.09386292016083442,0.18764423744408293,0.7183216952513162,50,20,20
1,9237,0.0001711471437662249,0.09386292016083442,0.18764437938078982,0.7183215533146092,50,20,20
1,9238,0.00017114714376622505,0.0938629201608343,0.18764438525046556,0.7183215474449337,50,20,20
1,9239,0.00017114714376602458,0.09386292016082946,0.18758216370960012,0.718383768985804,50,20,20
1,9240,0.00017114714376602455,0.09386292016082805,0.18757221756497672,0.7183937151304289,50,20,20
1,9241,0.00017114714376602458,0.09386292016082805,0.1879644967370147,0.7180014359583908,50,20,20
1,9242,0.00017114714376602458,0.09386292015881939,0.18795786724586316,0.7180080654515513,50,20,20
1,9243,0.00017114714376602179,0.0938615261182315,0.18795926128870316,0.7180080654492991,50,20,20
1,9244,0.00017114714376602184,0.09386152611795609,0.18794467430744913,0.7180226524308285,50,20,20
1,9245,0.00017114714376602818,0.09386152749632264,0.18855170056433232,0.7174156247955789,50,20,20
1,9246,0.00017114714376604304,0.09386152749633153,0.18854894443088488,0.7174183809290173,50,20,20
1,9247,0.00017114714376604314,0.09386152750178615,0.18855839030967197,0.7174089350447757,50,20,20
1,9248,0.00017114714376604396,0.09386152763311592,0.18868909439035572,0.7172782308327621,50,20,20
1,9249,0.00017114714376604393,0.09386152763311996,0.18895915499254096,0.7170081702305728,50,20,20
1,9250,0.0001711471449081383,0.0938615276332492,0.18896249557416683,0.7170048296476758,50,20,20
1,9251,0.0001711470662857473,0.09393425339776584,0.18888976988940903,0.7170048296465394,50,20,20
1,9252,0.0001711470662857473,0.09393425339733268,0.1888895120535895,0.717005087482792,50,20,20
1,9253,0.00017114706628574856,0.0939342533973333,0.18888930233576368,0.7170052972006172,50,20,20
1,9254,0.00017114706628573964,0.09393425339732124,0.18888924932538534,0.7170053502110078,50,20,20
1,9255,0.0001711470662857384,0.09393425339732078,0.18849175087950296,0.7174028486568905,50,20,20
1,9256,0.0001711470662857384,0.09393425339731648,0.18849166528217842,0.7174029342542194,50,20,20
1,9257,0.00017114706628573625,0.09393425339731308,0.18848791864895406,0.7174066808874471,50,20,20
1,9258,0.00017114706628525356,0.09393425339738265,0.18848124913897524,0.7174133503973565,50,20,20
1,9259,0.00017114706628525356,0.09393402355085033,0.1884814789855094,0.7174133503973548,50,20,20
1,9260,0.00017114706627793284,0.09404267701445884,0.1883728255219985,0.7174133503972645,50,20,20
1,9261,0.00017114706627790815,0.09404267701446262,0.18837075539218573,0.7174154205270734,50,20,20
1,9262,0.00017114706627790815,0.09404267701447014,0.1883709416288305,0.7174152342904212,50,20,20
1,9263,0.00017114706634416982,0.09404267701460733,0.18851006208906604,0.7172761138299822,50,20,20
1,9264,0.00017114706587338332,0.09404267701447498,0.18902743164127153,0.7167587442783798,50,20,20
1,9265,0.0001711470658071217,0.09404267701521996,0.19433749988522142,0.7114486760337513,50,20,20
1,9266,0.00017114706580712656,0.09404267727600246,0.19483584718714805,0.7109503284710421,50,20,20
1,9267,0.00017114706580712648,0.09404267727600236,0.19465701578890354,0.7111291598692866,50,20,20
1,9268,0.00017114706580749175,0.09404267727986028,0.21464138917019696,0.6911447864841348,50,20,20
1,9269,0.00017114130525620083,0.09463292466252712,0.21405129310737586,0.6911446409248403,50,20,20
1,9270,0.00017122209620918,0.09463292611861673,0.21406677188553622,0.6911290798996373,50,20,20
1,9271,0.00017122209620917993,0.09463292611866081,0.21367475932968408,0.6915210924554454,50,20,20
1,9272,0.0001712220962091952,0.09463292613538417,0.21315760615481555,0.6920382456135905,50,20,20
1,9273,0.00017122209620919562,0.09463292613015017,0.21316162533831565,0.6920342264353245,50,20,20
1,9274,0.00017122243577747108,0.09467579538116251,0.21310900669450653,0.6920439754885527,50,20,20
1,9275,0.0001712224357841376,0.0946757954772349,0.21278928435513442,0.6923636977318458,50,20,20
1,9276,0.0001712224357841376,0.09467579547743084,0.21279355413963516,0.6923594279471491,50,20,20
1,9277,0.0001712224357841377,0.09467579547743087,0.21280627591095866,0.6923467061758256,50,20,20
1,9278,0.0001712224357841529,0.0946757953461508,0.21267381016001408,0.6924791720580502,50,20,20
1,9279,0.00017122242978543183,0.09467579353174159,0.21258377121515715,0.6925692128233152,50,20,20
1,9280,0.00017122242690126112,0.0944472304688443,0.21281233432121346,0.6925692127830397,50,20,20
1,9281,0.00017122242690126188,0.09444723046884422,0.21280624549773933,0.6925753016065143,50,20,20
1,9282,0.00017122242690124654,0.0944472304521208,0.21279164439762513,0.6925899027233519,50,20,20
1,9283,5.358529338995017e-06,0.09444723052262562,0.21295750822520873,0.6925899027228255,50,20,20
1,9284,5.358529338995025e-06,0.0944472305226256,0.21295750453081452,0.6925899064172196,50,20,20
1,9285,5.358529338995025e-06,0.0944177208103414,0.2129870142430988,0.6925899064172196,50,20,20
1,9286,5.35852933899426e-06,0.09441772081037807,0.21298331756604377,0.692593603094238,50,20,20
1,9287,5.358529339012793e-06,0.09441772081040233,0.21309365294467064,0.6924832677155868,50,20,20
1,9288,5.358529339012912e-06,0.09441772081040276,0.2130981350115941,0.6924787856486629,50,20,20
1,9289,5.358529339012912e-06,0.09441772081040281,0.21309834634930452,0.6924785743109524,50,20,20
1,9290,5.358529339013137e-06,0.09441772081039879,0.21282828516761002,0.6927486354926509,50,20,20
1,9291,5.358529339239601e-06,0.09441772081041423,0.2131693797086093,0.6924075409516359,50,20,20
1,9292,5.358529340156895e-06,0.09441772081088795,0.2130629636654503,0.6925139569943204,50,20,20
1,9293,5.358529340161261e-06,0.09441772081088752,0.2130585427265716,0.6925183779331995,50,20,20
1,9294,5.358529340186394e-06,0.09441772081088752,0.21305854181902148,0.6925183788407496,50,20,20
1,9295,5.358529340140525e-06,0.09441772081087971,0.2130536034049059,0.6925233172548729,50,20,20
1,9296,5.727040144056872e-06,0.0944203063963619,0.21304326395059078,0.692530702612902,50,20,20
1,9297,5.72704014405751e-06,0.09441291671306688,0.21305065363388537,0.6925307026129023,50,20,20
1,9298,5.727040143121703e-06,0.09441291671256886,0.21304671272357964,0.6925346435237071,50,20,20
1,9299,5.733457191059669e-06,0.09441291671258517,0.2130464278738234,0.6925349219563991,50,20,20
1,9300,5.652260513593069e-06,0.09395293344378189,0.2134630282575385,0.6925783860381651,50,20,20
1,9301,5.652260513592372e-06,0.09395293344378214,0.21346304445328826,0.6925783698424149,50,20,20
1,9302,5.6522605139538915e-06,0.0939529334437815,0.21346304633569524,0.6925783679600083,50,20,20
1,9303,5.652764004470572e-06,0.093952933127043,0.21416287249623797,0.6918785416127134,50,20,20
1,9304,5.652764004470569e-06,0.0939529331237165,0.2136529684717812,0.6923884456404967,50,20,20
1,9305,5.652764097027263e-06,0.08825150259034639,0.2193543653958158,0.6923884792497392,50,20,20
1,9306,0.014127043877284955,0.08825150115255305,0.20523294751133295,0.6923885074588274,50,20,20
1,9307,0.01412704387728495,0.08825150089177054,0.20473751318958633,0.6928839420413567,50,20,20
1,9308,0.014127043877284947,0.08825375565753785,0.20473525842378656,0.6928839420413891,50,20,20
1,9309,0.014127043877400767,0.08825375565754388,0.20491813022962152,0.6927010702354324,50,20,20
1,9310,0.014127043877400767,0.08825375565754415,0.20491966749571566,0.692699532969338,50,20,20
1,9311,0.014127043877400767,0.08825375565790136,0.20492021553665757,0.6926989849280387,50,20,20
1,9312,0.014127043877400769,0.08825643310380311,0.2049175380902081,0.6926989849285864,50,20,20
1,9313,0.014127023402922314,0.08825624489173756,0.20494992423971478,0.6926668074656237,50,20,20
1,9314,0.014127023402922299,0.08825624489168798,0.20494740128677638,0.6926693304186117,50,20,20
1,9315,0.014123550901162027,0.08825624487147284,0.20473897263116758,0.6928812315961962,50,20,20
1,9316,0.01412355090168177,0.08825624487293297,0.2047139435654673,0.692906260659917,50,20,20
1,9317,0.01412355090168177,0.08825624487293275,0.2047123528703488,0.6929078513550357,50,20,20
1,9318,0.014123550901681764,0.08825624487758177,0.20527639664292147,0.6923438075778142,50,20,20
1,9319,0.014292340735430842,0.08825624871029164,0.20510760758266666,0.6923438029716098,50,20,20
1,9320,0.014292340735431543,0.08824697000279004,0.20511688629017946,0.6923438029715979,50,20,20
1,9321,0.014292340735431543,0.08824697000278414,0.20511665373266247,0.6923440355291208,50,20,20
1,9322,0.01429234073543162,0.08824697000278298,0.20575744019812892,0.6917032490636557,50,20,20
1,9323,0.014292334674727332,0.08824697482416922,0.2054739364846361,0.6919867540164666,50,20,20
1,9324,0.014292329104011868,0.09180179511373092,0.2013931635991965,0.6925127121830602,50,20,20
1,9325,0.014292329104011868,0.09174409626975452,0.20145086244371607,0.6925127121825169,50,20,20
1,9326,0.014292329104011865,0.09174409626975452,0.2014464699541112,0.6925171046721219,50,20,20
1,9327,0.014292329104011865,0.09174409626975458,0.20144626610034672,0.6925173085258863,50,20,20
1,9328,0.014292329107005048,0.09174409834917979,0.20144930225851085,0.6925142702853039,50,20,20
1,9329,0.01429232910700505,0.09174409834917979,0.20145750559785935,0.6925060669459552,50,20,20
1,9330,0.01429232910700573,0.09174455437008751,0.20145704957585653,0.6925060669470504,50,20,20
1,9331,0.01429232910700503,0.0719565219161216,0.22124508202838622,0.6925060669484868,50,20,20
1,9332,0.014292461064545918,0.06781179454047756,0.22534229099387182,0.6925534534011045,50,20,20
1,9333,0.014292461064545918,0.0677936559566526,0.2253604295776959,0.6925534534011054,50,20,20
1,9334,0.014292461064545918,0.06779365595643197,0.22534672670654007,0.692567156272482,50,20,20
1,9335,0.014292461064545918,0.0677936559563953,0.2253464712604078,0.6925674117186509,50,20,20
1,9336,0.01429246106454592,0.06779365595639655,0.22534664616220024,0.6925672368168573,50,20,20
1,9337,0.014292461064545998,0.06779365595639936,0.22534963693356327,0.6925642460454913,50,20,20
1,9338,0.014292461064545991,0.06779365457817689,0.2247323510805159,0.6931815332767611,50,20,20
1,9339,0.014292461286396038,0.06779224793321706,0.22473375750335323,0.6931815332770336,50,20,20
1,9340,0.01429246128587502,0.054678681211304606,0.23784732422579094,0.6931815332770285,50,20,20
1,9341,0.014292461284732924,0.05467868121150718,0.237844449293582,0.693184408210177,50,20,20
1,9342,0.014292462668407068,0.05467868121150858,0.23791018328546745,0.6931186728346161,50,20,20
1,9343,0.014292462668407068,0.05467868121150858,0.237910269449635,0.6931185866704485,50,20,20
1,9344,0.01413124192549148,0.05477678589435466,0.23797352906878205,0.6931184431113709,50,20,20
1,9345,0.014131241925484815,0.05477678579861168,0.23797920641364534,0.6931127658622573,50,20,20
1,9346,0.014131241925484815,0.054776785798255796,0.23842588088417394,0.6926660913920847,50,20,20
1,9347,0.014131241925484815,0.05477678579825553,0.23842528189448253,0.6926666903817764,50,20,20
1,9348,0.01413124192548479,0.05477678579826371,0.23842537996903132,0.6926665923072194,50,20,20
1,9349,0.01413124192548479,0.05477678579827319,0.23843158825335845,0.6926603840228829,50,20,20
1,9350,0.01413124192548479,0.054776785798277015,0.23843156218153388,0.6926604100947035,50,20,20
1,9351,0.01413124192548479,0.05477678579827701,0.23843156143458188,0.6926604108416555,50,20,20
1,9352,0.014131241925484792,0.05477678579844713,0.23843190057659006,0.6926600716994773,50,20,20
1,9353,0.014131241925484714,0.05477678580237411,0.25761894952670306,0.6734730227454375,50,20,20
1,9354,0.014131241925533427,0.054776794981439184,0.2581140664612562,0.6729778966317704,50,20,20
1,9355,0.014131241925533427,0.05477679498110736,0.2581135341308165,0.6729784289625421,50,20,20
1,9356,0.014131241925484714,0.05477678580244403,0.25851014703868724,0.6725818252333835,50,20,20
1,9357,0.01413124192548472,0.05477678580243505,0.25869894650090963,0.67239302577117,50,20,20
1,9358,0.01413124192548472,0.05477678580250795,0.25927075160351326,0.6718212206684935,50,20,20
1,9359,0.01413124192548628,0.054776785802507985,0.25927315850295174,0.6718188137690534,50,20,20
1,9360,0.014131241925493795,0.054776785821054365,0.2592775908264297,0.6718143814270214,50,20,20
1,9361,0.014131241925493795,0.05477678582070964,0.25926240141630386,0.6718295708374921,50,20,20
1,9362,0.014131241925493804,0.05477678582070961,0.2592495552111911,0.6718424170426047,50,20,20
1,9363,0.014131241925532476,0.05477678604431485,0.2592751323794948,0.6718168396506572,50,20,20
1,9364,0.014131241925532476,0.054776786044314844,0.2592750791962869,0.671816892833865,50,20,20
1,9365,0.014131241925532468,0.054776786044314844,0.2592755443777122,0.6718164276524397,50,20,20
1,9366,0.014131241925532832,0.05477678604413037,0.2584610469574834,0.6726309250728525,50,20,20
1,9367,0.014131241925417011,0.05477678694021253,0.2583068022262485,0.6727851689081215,50,20,20
1,9368,0.014131241925417011,0.054776786939719296,0.25828928729423517,0.6728026838406279,50,20,20
1,9369,0.014131241925324466,0.060380717262314254,0.2526853905809755,0.6728026502313854,50,20,20
1,9370,0.014131241925324466,0.060380717264033,0.25269152145180535,0.6727965193588367,50,20,20
1,9371,0.014131241925324466,0.06038071726315941,0.24724727587352352,0.6782407649379918,50,20,20
1,9372,0.01412917615775871,0.060378235910229734,0.24725920835217505,0.6782333795798359,50,20,20
1,9373,0.014129176157720039,0.06037823568733822,0.24679101037043613,0.6787015777845049,50,20,20
1,9374,0.019895410581092902,0.06037823566546036,0.24102478075040892,0.6787015730030371,50,20,20
1,9375,0.019895410581092537,0.06037823566546113,0.2410247863688726,0.6787015673845731,50,20,20
1,9376,0.019895410581092544,0.060378235665452994,0.24102471439279885,0.678701639360655,50,20,20
1,9377,0.019895410581092555,0.06027037703316674,0.2411325730157473,0.6787016393699926,50,20,20
1,9378,0.019895410581092555,0.06027037703316538,0.2411376244577942,0.6786965879279472,50,20,20
1,9379,0.019902598457553048,0.06027207138794559,0.24113439934867234,0.6786909308058283,50,20,20
1,9380,0.019902598457553048,0.06027207144732691,0.2412541343991016,0.6785711956960178,50,20,20
1,9381,0.019902598457545533,0.0602720714287807,0.24124616470141613,0.6785791654122569,50,20,20
1,9382,0.019902599243142288,0.07429684530044857,0.22722138984261595,0.6785791656137925,50,20,20
1,9383,0.019902599243142277,0.07429684530044853,0.22722135217377373,0.6785792032826348,50,20,20
1,9384,0.019902599243143505,0.09358645150584645,0.20793174596981856,0.6785792032811909,50,20,20
1,9385,0.019895471774323256,0.09358476973760149,0.20794314658844523,0.6785766118996294,50,20,20
1,9386,0.01989547177432326,0.09358476884151319,0.20791457779817452,0.6786051815859885,50,20,20
1,9387,0.019895471774378698,0.09358476884146918,0.20791519532709837,0.6786045640570534,50,20,20
1,9388,0.019895471774378698,0.093584768843128,0.2202321271512704,0.6662876322312224,50,20,20
1,9389,0.019895471774378694,0.09358476884312719,0.2202320413558817,0.666287718026612,50,20,20
1,9390,0.019895471774378833,0.09358476884343941,0.22042012162498467,0.6660996377571968,50,20,20
1,9391,0.019895471774378892,0.0935847688434473,0.22042151659536485,0.6660982427868086,50,20,20
1,9392,0.019895471707625293,0.09358476855023501,0.22003277499187401,0.6664869847502652,50,20,20
1,9393,0.019895470323951153,0.09358476855003767,0.2199628576821081,0.6665569034439026,50,20,20
1,9394,0.019895470323951083,0.09358476855013659,0.21932218556870475,0.6671975755572074,50,20,20
1,9395,0.019895470323950858,0.09358476855012116,0.21898233949592236,0.6675374216300054,50,20,20
1,9396,0.019895470323950858,0.09358476855012116,0.2189965800601298,0.6675231810657979,50,20,20
1,9397,0.01989547032395103,0.09358476855012698,0.21899773910165654,0.6675220220242651,50,20,20
1,9398,0.01989547032395103,0.09358476855012712,0.21899650093085765,0.667523260195064,50,20,20
1,9399,0.01989547032395103,0.09358476854826295,0.21899010033403457,0.6675296607937511,50,20,20
1,9400,0.01989547032395103,0.09358476854899432,0.21900523358572285,0.6675145275413316,50,20,20
1,9401,0.01989547032395103,0.09358476854899556,0.21900528185268783,0.6675144792743652,50,20,20
1,9402,0.019895470323951062,0.09358476854898777,0.21900394968445538,0.6675158114426055,50,20,20
1,9403,0.01989547032417331,0.09358476854881773,0.21901210629153364,0.6675076548354753,50,20,20
1,9404,0.0035557573638555274,0.09358477294451356,0.2353518186570435,0.6675076510345869,50,20,20
1,9405,0.0035557573638555274,0.0935847729445187,0.23535201519264054,0.6675074544989849,50,20,20
1,9406,4.1106938569100616e-05,0.09358480215228558,0.23886664391833748,0.6675074469908076,50,20,20
1,9407,4.110693856909207e-05,0.0937015968966291,0.23874984917396677,0.6675074469908349,50,20,20
1,9408,4.110693856909207e-05,0.09370159689662896,0.23874984028957433,0.6675074558752273,50,20,20
1,9409,4.110696769027689e-05,0.09370184229014866,0.23955948751410602,0.6666975632280545,50,20,20
1,9410,4.110696769027689e-05,0.09370184229014869,0.2395596089701611,0.6666974417719993,50,20,20
1,9411,4.110696769027691e-05,0.09370184229014883,0.23955967333461448,0.6666973774075459,50,20,20
1,9412,4.11069680092111e-05,0.09370184228850313,0.2455906886892241,0.6606663620542628,50,20,20
1,9413,4.1106182412459014e-05,0.0994314477125747,0.23986108425228234,0.6606663618527296,50,20,20
1,9414,4.11061824129089e-05,0.0994314477123575,0.23978384902524255,0.6607435970799862,50,20,20
1,9415,4.11061824129039e-05,0.09943144771225584,0.23978349405817645,0.660743952047154,50,20,20
1,9416,4.110618241295299e-05,0.09943999826956128,0.23977494350086365,0.6607439520471613,50,20,20
1,9417,4.1106182412946614e-05,0.09943999826956121,0.2395858346061657,0.6609330609418593,50,20,20
1,9418,4.1105826184107713e-05,0.09944316223369853,0.23986648655656914,0.6606492453835471,50,20,20
1,9419,4.110582618410769e-05,0.09944316223402577,0.2398619679926523,0.6606537639471365,50,20,20
1,9420,4.110582618411919e-05,0.09944316223421602,0.23986477780414936,0.6606509541354494,50,20,20
1,9421,4.110582618411346e-05,0.09944316223421616,0.23986494813135903,0.6606507838082395,50,20,20
1,9422,4.1105826184113494e-05,0.09944316223422912,0.23986431453126664,0.6606514174083189,50,20,20
1,9423,4.110582618411258e-05,0.0994442747234926,0.23986320204200556,0.6606514174083165,50,20,20
1,9424,4.100528132278122e-05,0.09944393259717305,0.24043681088565677,0.6600782512358461,50,20,20
1,9425,4.1005281322784896e-05,0.09944393253779397,0.24361582945057694,0.6568992327303047,50,20,20
1,9426,4.1005281322784896e-05,0.09944393253779259,0.24361578800538702,0.656899274175496,50,20,20
1,9427,4.1005281323424427e-05,0.09944393253707806,0.24361132079739808,0.6569037413841988,50,20,20
1,9428,4.1005281323283473e-05,0.0994439325419482,0.24343383751680953,0.6570812246599175,50,20,20
1,9429,4.100528132328162e-05,0.09944393252002415,0.24334528380736897,0.6571697783912822,50,20,20
1,9430,4.100528132328162e-05,0.09944393252003333,0.24335144474885223,0.6571636174497898,50,20,20
1,9431,4.100528132328402e-05,0.09944393252005979,0.2436859856482406,0.6568290765503751,50,20,20
1,9432,4.100528132328371e-05,0.09944393252005974,0.2436859664113359,0.6568290957872798,50,20,20
1,9433,4.100528132327426e-05,0.09956918586720566,0.24356071307352853,0.6568290957779414,50,20,20
1,9434,4.100528132326269e-05,0.0995691858670239,0.24430545399036505,0.6560843548612867,50,20,20
1,9435,4.100528132326269e-05,0.0995691858670255,0.24430545533314985,0.6560843535185001,50,20,20
1,9436,4.1005281321703276e-05,0.09956918586702546,0.24430444224137599,0.6560853666102758,50,20,20
1,9437,4.100528132170325e-05,0.09956918586700299,0.24429886932061756,0.6560909395310567,50,20,20
1,9438,4.100528132170325e-05,0.09956918586704719,0.2442917635778441,0.656098045273786,50,20,20
1,9439,4.1005281321703256e-05,0.09956918586748893,0.24429751934917499,0.6560922895020134,50,20,20
1,9440,4.1005281321708826e-05,0.09956918586748881,0.2442972324132251,0.6560925764379634,50,20,20
1,9441,4.1005285617833744e-05,0.09956918586748455,0.24429878237112454,0.6560910264757722,50,20,20
1,9442,4.1005285617833744e-05,0.09956918586283557,0.24373468254188654,0.6566551263096595,50,20,20
1,9443,4.1005285617833744e-05,0.09956918586283557,0.24373468382562472,0.6566551250259213,50,20,20
1,9444,4.1005285617833744e-05,0.09956918586249978,0.24373799510892283,0.6566518137429589,50,20,20
1,9445,4.1005285617831345e-05,0.09956918586249505,0.24340352411409305,0.6569862847377934,50,20,20
1,9446,4.1005285617831345e-05,0.09911722337433472,0.24385548660225317,0.6569862847377936,50,20,20
1,9447,4.1005287956149036e-05,0.09912147736811892,0.24385123256730037,0.6569862847766238,50,20,20
1,9448,4.100552413382846e-05,0.09912148521503898,0.24385104131655877,0.6569864679442674,50,20,20
1,9449,4.1005524133828446e-05,0.0991214852143076,0.24383549081684272,0.6570020184447146,50,20,20
1,9450,4.10055241336545e-05,0.09912148521430217,0.2438343442372644,0.6570031650242987,50,20,20
1,9451,9.178791783260981e-06,0.09949002062560865,0.2434968341740356,0.6570039664085716,50,20,20
1,9452,9.178794443864986e-06,0.09949002084815066,0.24350789675605367,0.6569929036013504,50,20,20
1,9453,9.178495914381148e-06,0.09955700515603744,0.24344074842133245,0.6569930679267142,50,20,20
1,9454,9.178495914381397e-06,0.08117201236309249,0.26182574121274976,0.6569930679282419,50,20,20
1,9455,9.178495913180494e-06,0.06543051043510975,0.2775672403361779,0.6569930707327981,50,20,20
1,9456,9.178454874390207e-06,0.06532057714338521,0.25787727962347384,0.6767929647782654,50,20,20
1,9457,9.178455102122746e-06,0.06532057714539112,0.2547023250993135,0.6799679193001922,50,20,20
1,9458,1.6092837145308597e-06,0.06522259516386908,0.25480788193322007,0.6799679136191954,50,20,20
1,9459,1.608826020900946e-06,0.06522258666456328,0.24011732833911167,0.6946584761703031,50,20,20
1,9460,1.6088260208504167e-06,0.06522111708287841,0.24011879792083132,0.6946584761702684,50,20,20
1,9461,1.6088208100945291e-06,0.0652235288883989,0.24011638338692926,0.6946584789038607,50,20,20
1,9462,1.6088208520178965e-06,0.06522352888919823,0.24011959901334698,0.6946552632766019,50,20,20
1,9463,2.5947914643003224e-07,0.06485496504697365,0.24049032891665034,0.6946544465572285,50,20,20
1,9464,2.5947903704714103e-07,0.06571533957142722,0.23963008877065092,0.6946543121788835,50,20,20
1,9465,2.594790376713453e-07,0.0657153395709956,0.23962624078370046,0.694658160166265,50,20,20
1,9466,1.9906711792952262e-07,0.06571584667747392,0.23962579416945912,0.6946581600859482,50,20,20
1,9467,1.9906711792916695e-07,0.06572056762547807,0.23962107322145487,0.6946581600859482,50,20,20
1,9468,1.9906707600576472e-07,0.06572056762484492,0.23962989940044782,0.6946493339076304,50,20,20
1,9469,1.9906707600577597e-07,0.06572056762484567,0.2396299756222804,0.694649257685797,50,20,20
1,9470,1.9906707519245083e-07,0.06572056762484556,0.239630061313488,0.6946491719945904,50,20,20
1,9471,1.9906707519238373e-07,0.06572056762475785,0.23905362748870007,0.6952256058194659,50,20,20
1,9472,1.9906707519238312e-07,0.06572056762475746,0.23905353543777813,0.6952256978703883,50,20,20
1,9473,1.9906707753051164e-07,0.0657205676252794,0.23905873800776856,0.6952204952998735,50,20,20
1,9474,1.9906707753064328e-07,0.06572056762536459,0.23906783834266288,0.6952113949648941,50,20,20
1,9475,1.9906707753064436e-07,0.06572056762535615,0.23833819514991395,0.6959410381576514,50,20,20
1,9476,1.990670775306567e-07,0.06572056762536369,0.23833835764565428,0.6959408756619035,50,20,20
1,9477,1.9906853304621742e-07,0.061970573650373645,0.24208835442374452,0.6959408728573478,50,20,20
1,9478,1.9906853304626972e-07,0.06197057365037361,0.24208450763284556,0.6959447196482469,50,20,20
1,9479,1.6908096684693992e-07,0.06197057325296958,0.24208470372231197,0.6959445539437508,50,20,20
1,9480,1.6908096684768954e-07,0.06197057325296958,0.24208873808903433,0.6959405195770282,50,20,20
1,9481,1.690809668475579e-07,0.061970573252884395,0.2420796356504067,0.695949622015741,50,20,20
1,9482,1.6909048992738767e-07,0.06197057573821845,0.24210047558058162,0.6959287795907088,50,20,20
1,9483,1.6909048992739122e-07,0.06242246908681756,0.24164858223198268,0.6959287795907086,50,20,20
1,9484,1.6909048996981846e-07,0.06242246908681767,0.24165011675843356,0.6959272450642575,50,20,20
1,9485,1.6909048996984194e-07,0.06242246908684234,0.24163796735794335,0.6959393944647232,50,20,20
1,9486,1.6909048996984197e-07,0.06242246908683471,0.24163196544481813,0.6959453963778559,50,20,20
1,9487,1.690904345716162e-07,0.06242246908683462,0.24163246587560894,0.6959448959471207,50,20,20
1,9488,1.6909043457161383e-07,0.06242246908683479,0.24163231877681302,0.6959450430459165,50,20,20
1,9489,1.690904345332669e-07,0.06242246908683479,0.24163093104058275,0.6959464307821467,50,20,20
1,9490,1.690904345331561e-07,0.06242246908168629,0.24162681811951228,0.6959505437083657,50,20,20
1,9491,1.6909094867913946e-07,0.06242246909203948,0.24171002898570693,0.6958673328313039,50,20,20
1,9492,1.6909094863862868e-07,0.06242246909203939,0.24170851469068072,0.6958688471263302,50,20,20
1,9493,1.6909043454506327e-07,0.062422469081694354,0.24162545487686204,0.695951906951008,50,20,20
1,9494,1.690904345441568e-07,0.06242246910386794,0.24186484800621905,0.6957125137994774,50,20,20
1,9495,1.6909043454417274e-07,0.06242246910386945,0.24187739690004686,0.695699964905648,50,20,20
1,9496,1.690904345441712e-07,0.06242246910386945,0.2418775147332929,0.6956998470724021,50,20,20
1,9497,1.6744311279337223e-07,0.06242247612263767,0.2418769993524252,0.6957003570818233,50,20,20
1,9498,1.6744311279335145e-07,0.0624224761226131,0.24187132108986947,0.6957060353444036,50,20,20
1,9499,1.6743881665335996e-07,0.06242247612273798,0.2418812434086864,0.6956961130297579,50,20,20
1,9500,1.6743881671189325e-07,0.06242247612273773,0.2425670645279136,0.6950102919105309,50,20,20
1,9501,1.6743881671248628e-07,0.062422476122737554,0.24258269048141956,0.6949946659570249,50,20,20
1,9502,1.6743881671712108e-07,0.06242247612269344,0.24257659084631808,0.6950007655921704,50,20,20
1,9503,1.674385944741271e-07,0.06242247612354066,0.24257290276280108,0.6950044536750625,50,20,20
1,9504,1.674385944739084e-07,0.062422476101367266,0.24233638853763043,0.6952409679224064,50,20,20
1,9505,1.6743859447390837e-07,0.062422476101367357,0.24233663710878456,0.6952407193512523,50,20,20
1,9506,1.6743859447390456e-07,0.06242247610136707,0.2423366082810851,0.6952407481789521,50,20,20
1,9507,1.6743859447391393e-07,0.06242247610136686,0.24233659583706424,0.6952407606229731,50,20,20
1,9508,1.6743859447391417e-07,0.06242247610136682,0.2423365901261803,0.695240766333857,50,20,20
1,9509,1.674178774203041e-07,0.07946255794244267,0.2252965110394679,0.6952407636002107,50,20,20
1,9510,1.674178774203041e-07,0.07946255794244257,0.2252965658058644,0.6952407088338143,50,20,20
1,9511,1.67417877419865e-07,0.0794625579424424,0.22529705314085324,0.6952402214988256,50,20,20
1,9512,5.585476911666163e-10,0.07946259941330973,0.22529717721830017,0.6952402228098411,50,20,20
1,9513,1.5983074864009622e-09,0.07946703724356455,0.22524641363711556,0.695286547521011,50,20,20
1,9514,1.4857980885671815e-07,0.0794667918461196,0.20860127094889122,0.7119317886251786,50,20,20
1,9515,1.4857980885671698e-07,0.07946679184611799,0.2086010883524637,0.7119319712216078,50,20,20
1,9516,1.4857980885671828e-07,0.07946679184620656,0.2086046597235216,0.7119283998504616,50,20,20
1,9517,1.4857980885114946e-07,0.07946679184655517,0.20860520165995167,0.711927857913683,50,20,20
1,9518,1.4857980879264326e-07,0.0794667918465524,0.20792164947592714,0.7126114100977102,50,20,20
1,9519,1.4857980876911763e-07,0.07946679184654815,0.2077362873840317,0.71279677218961,50,20,20
1,9520,1.4864436480377724e-07,0.07946703492541644,0.209369861827024,0.7111629546031932,50,20,20
1,9521,1.4864436470970576e-07,0.08242372610012236,0.20641317065219122,0.7111629546033201,50,20,20
1,9522,1.4902578608796074e-07,0.0838801012317335,0.20495679646618,0.7111629532762989,50,20,20
1,9523,1.490257860879601e-07,0.08388010123170002,0.20495062882515455,0.711169120917358,50,20,20
1,9524,1.490257860879601e-07,0.08388010123169626,0.20495040420827695,0.7111693455342393,50,20,20
1,9525,1.490254512154902e-07,0.08388009692946577,0.19970690189024048,0.7164128521548411,50,20,20
1,9526,1.4902545121547986e-07,0.08388009692946577,0.19970214420022678,0.7164176098448549,50,20,20
1,9527,1.490254512155526e-07,0.08388009695698634,0.20065819344324265,0.7154615605743184,50,20,20
1,9528,1.4902545121494652e-07,0.08388009695699049,0.2006427086311648,0.7154770453863922,50,20,20
1,9529,1.49025451212979e-07,0.08388009695706429,0.20065132244385164,0.7154684315736317,50,20,20
1,9530,2.0148286578691707e-09,0.08388009695706324,0.1972968505150073,0.7188230505130997,50,20,20
1,9531,2.0148286578751608e-09,0.08388010965169537,0.19729683782037497,0.7188230505130998,50,20,20
1,9532,2.0148286578029078e-09,0.0838213523981354,0.1973555950740625,0.7188230505129724,50,20,20
1,9533,2.0148286602309314e-09,0.08382135239813544,0.197351600545277,0.7188270450417577,50,20,20
1,9534,2.01482866046955e-09,0.0838213523981355,0.19735390172372788,0.7188247438633069,50,20,20
1,9535,2.5893433925793415e-07,0.08382114457555088,0.1973720747445442,0.7188065217455645,50,20,20
1,9536,2.5893433925802034e-07,0.08372718639572907,0.19746603292436693,0.7188065217455636,50,20,20
1,9537,2.5893433925803553e-07,0.08372718639564393,0.197462751835305,0.7188098028347106,50,20,20
1,9538,2.585443937845884e-07,0.08227356064632155,0.19891637810172072,0.7188098027075628,50,20,20
1,9539,2.585443937842119e-07,0.08227356064632078,0.19892100700899795,0.7188051738002865,50,20,20
1,9540,2.585443938198773e-07,0.08227356064632138,0.19890872283242825,0.7188174579768556,50,20,20
1,9541,2.585443938198651e-07,0.0822735606463139,0.19892135924214266,0.7188048215671486,50,20,20
1,9542,2.585443937283862e-07,0.08227356064632102,0.1989375275480317,0.7187886532612526,50,20,20
1,9543,2.585443937283734e-07,0.08227356064631858,0.1989373943180515,0.7187887864912352,50,20,20
1,9544,2.5854439372830295e-07,0.08227356064631565,0.19894873667944232,0.7187774441298472,50,20,20
1,9545,2.5854441757000676e-07,0.08227356064548061,0.19894956327063093,0.7187766175394699,50,20,20
1,9546,2.5854447565746006e-07,0.08227356067224895,0.1989584329831429,0.7187677478001313,50,20,20
1,9547,2.5854447565754116e-07,0.08227356067233453,0.19895866650969546,0.7187675142734932,50,20,20
1,9548,2.5854447501834855e-07,0.08227356067233853,0.1989588558721321,0.7187673249110531,50,20,20
1,9549,2.5854447502561477e-07,0.08227356067234164,0.1989615198810541,0.718764660902128,50,20,20
1,9550,2.585444750256128e-07,0.0822735606722679,0.19895289191886611,0.7187732888643897,50,20,20
1,9551,2.585445321200426e-07,0.08229525886810124,0.1989311936998863,0.7187732888874793,50,20,20
1,9552,2.585445321200429e-07,0.0822952588681019,0.198931332429877,0.7187731501574879,50,20,20
1,9553,2.585445321200467e-07,0.08229525886815597,0.19942987807269358,0.7182746045146172,50,20,20
1,9554,2.585445321200623e-07,0.08229525886815582,0.19943490574847206,0.7182695768388387,50,20,20
1,9555,2.585445333878106e-07,0.08184015676375235,0.1998900078512232,0.7182695768404896,50,20,20
1,9556,2.585445333880098e-07,0.08184015676362413,0.1998869985048061,0.7182725861870348,50,20,20
1,9557,2.5854453338799653e-07,0.08184015676362418,0.19988612214250095,0.71827346254934,50,20,20
1,9558,2.5854454807181687e-07,0.08184015676377063,0.1999545842230859,0.7182050004685939,50,20,20
1,9559,2.585445526717677e-07,0.0818373681077664,0.19995737288000764,0.7182050004676719,50,20,20
1,9560,2.585445526715785e-07,0.08183736810776625,0.19995255555868124,0.7182098177889985,50,20,20
1,9561,2.685628592032071e-07,0.0818383706096209,0.19995139077591506,0.7182099700516035,50,20,20
1,9562,2.681323360954524e-07,0.08623674423241683,0.19551323185228564,0.7182497557829599,50,20,20
1,9563,2.6813233609537137e-07,0.08623674423233137,0.19551329382273352,0.7182496938125975,50,20,20
1,9564,2.6813233609542177e-07,0.08623674423232462,0.19549718644426978,0.7182658011910681,50,20,20
1,9565,2.681323361233591e-07,0.08619724867167734,0.19553668200491714,0.718265801191068,50,20,20
1,9566,2.6813233614838377e-07,0.08464512308832918,0.19708879754831352,0.7182658112310196,50,20,20
1,9567,2.681323361484016e-07,0.08464512308998132,0.19709624083443011,0.718258367943251,50,20,20
1,9568,2.6813233488065105e-07,0.08510095559791449,0.1966404083281488,0.7182583679416003,50,20,20
1,9569,2.767671141990687e-07,0.08073248084478818,0.20108933846959404,0.7181779039185021,50,20,20
1,9570,2.767670560847685e-07,0.08073248081801875,0.2010816003987556,0.7181856420161682,50,20,20
1,9571,2.7676705608013336e-07,0.08073248081802056,0.20108074278920793,0.718186499625714,50,20,20
1,9572,2.7676705605457134e-07,0.08073248081801361,0.20108413228509778,0.7181831101298312,50,20,20
1,9573,2.7676705602660644e-07,0.08077069069378749,0.20104592240750438,0.7181831101316507,50,20,20
1,9574,2.7676705602845456e-07,0.08077069069400916,0.20104680928080587,0.7181822232581275,50,20,20
1,9575,2.7676705602847817e-07,0.08077069069400906,0.20104216872667713,0.7181868638122565,50,20,20
1,9576,2.7676705602847875e-07,0.08077069069400945,0.20104228638947216,0.7181867461494611,50,20,20
1,9577,2.767670559927703e-07,0.08077069069401459,0.20103985549089132,0.7181891770480369,50,20,20
1,9578,2.767670560247363e-07,0.08077069070635456,0.2010421169212936,0.7181869156052947,50,20,20
1,9579,2.767670560247362e-07,0.08077069070682748,0.2010590305017933,0.7181700020243221,50,20,20
1,9580,2.7676705602486933e-07,0.08077069070794693,0.20134578969896583,0.71788324282603,50,20,20
1,9581,2.767670560247511e-07,0.08077069070682741,0.20104615197816486,0.7181828805479507,50,20,20
1,9582,2.767714783333875e-07,0.08077069070726761,0.20562447338130618,0.7136045591399467,50,20,20
1,9583,2.7677147833338685e-07,0.08077069070726545,0.2056242907605796,0.7136047417606755,50,20,20
1,9584,2.7677125059699564e-07,0.08077069070525728,0.20549525710383398,0.7137337754196571,50,20,20
1,9585,2.7677125059698066e-07,0.08077069070526187,0.20549543502272752,0.713733597500759,50,20,20
1,9586,2.7677125602485985e-07,0.08077069069314813,0.20554844538531303,0.7136805871502818,50,20,20
1,9587,2.767668337160494e-07,0.08077069069270668,0.2013504824124159,0.7178785501280427,50,20,20
1,9588,2.7676683371604307e-07,0.08077069069270822,0.2013505376140497,0.7178784949264074,50,20,20
1,9589,2.767668337160433e-07,0.08077069069270822,0.2013506585719879,0.7178783739684691,50,20,20
1,9590,2.7676683139987997e-07,0.08077069069219778,0.20134562936304065,0.7178834031779292,50,20,20
1,9591,2.767668313998777e-07,0.08077069069219757,0.20134116510556754,0.7178878674354024,50,20,20
1,9592,2.76766831474242e-07,0.07915159517230247,0.20296026062537806,0.7178878674354872,50,20,20
1,9593,2.767668314795727e-07,0.07915159514443332,0.2020037279256573,0.718844400163077,50,20,20
1,9594,2.7676683147945617e-07,0.07915159514443175,0.202000148827793,0.7188479792609432,50,20,20
1,9595,2.767668314776119e-07,0.07915159514426476,0.2019993617920964,0.7188487662968066,50,20,20
1,9596,2.7676683147762134e-07,0.07908374051290842,0.20206721642527248,0.718848766294987,50,20,20
1,9597,2.6754301369550044e-07,0.07904958682915407,0.2020603671494699,0.7188897784783616,50,20,20
1,9598,2.675430136966349e-07,0.07904958683827591,0.2020646024886613,0.7188855431300483,50,20,20
1,9599,2.675430301696872e-07,0.07904960144560638,0.2026286289411225,0.7183215020702401,50,20,20
1,9600,2.6754303016968786e-07,0.07904960144560372,0.20263947670234667,0.7183106543090186,50,20,20
1,9601,2.6754303016967844e-07,0.07904960144561259,0.20265698586846906,0.7182931451428876,50,20,20
1,9602,2.6754303016975854e-07,0.07904960144561259,0.20265698434080742,0.7182931466705491,50,20,20
1,9603,2.6754302954910743e-07,0.07904960144560239,0.20265830338129817,0.7182918276300693,50,20,20
1,9604,2.675430295491168e-07,0.07904960144558888,0.2026581961389372,0.7182919348724437,50,20,20
1,9605,2.6754302954929896e-07,0.07885386423897126,0.2028539333451249,0.7182919348728737,50,20,20
1,9606,2.6754301307712483e-07,0.07885384963164052,0.20228908493271391,0.7188567978926319,50,20,20
1,9607,1.6084613541466973e-08,0.0788574279417586,0.20228576658914033,0.7188567893844862,50,20,20
1,9608,1.6084613541464426e-08,0.07885742794175857,0.20228590626240897,0.718856649711218,50,20,20
1,9609,1.6084613542250803e-08,0.07885742804707148,0.20228461740432763,0.7188579384639864,50,20,20
1,9610,1.6084613520368044e-08,0.07885742805020836,0.21450743116488158,0.7066351247002955,50,20,20
1,9611,1.6084613520364388e-08,0.07885742805020751,0.21452376284727856,0.7066187930178995,50,20,20
1,9612,1.6084613520364974e-08,0.07885742805020683,0.2145236227018288,0.7066189331633498,50,20,20
1,9613,1.6084613520364944e-08,0.07885742804972978,0.2145064771274981,0.7066360787381575,50,20,20
1,9614,1.608461352036505e-08,0.07885742804972978,0.2145063975304961,0.7066361583351595,50,20,20
1,9615,1.6084614150941305e-08,0.07885742807436787,0.21818891857160122,0.7029536372694157,50,20,20
1,9616,1.608461415123216e-08,0.07885742823404081,0.21819933503723254,0.7029432206441115,50,20,20
1,9617,1.6084614169884125e-08,0.07885743332522897,0.21584103364336665,0.7053015169467892,50,20,20
1,9618,1.6084614164515342e-08,0.07885743332522897,0.21584097442585076,0.7053015761643051,50,20,20
1,9619,1.60846135332214e-08,0.07885743330060721,0.2121606314271696,0.7089819191876086,50,20,20
1,9620,1.6084613533205166e-08,0.07885743330060734,0.21177212780636842,0.7093704228084097,50,20,20
1,9621,1.6084613533025453e-08,0.07903590823967993,0.21159365271982736,0.7093704229558782,50,20,20
1,9622,1.6084613532981374e-08,0.07903590823967793,0.21159347740856746,0.7093705982671402,50,20,20
1,9623,1.608461353415176e-08,0.0790359082380258,0.21158609890572513,0.7093779767716347,50,20,20
1,9624,1.6084613534255428e-08,0.07903590823803948,0.21158622666848662,0.7093778490088596,50,20,20
1,9625,1.634662409464388e-08,0.09375462272292738,0.19686749854185034,0.7093778623885971,50,20,20
1,9626,1.6346624094610884e-08,0.09375462272292737,0.19686754839220644,0.7093778125382412,50,20,20
1,9627,1.6346624094611082e-08,0.09375462272291864,0.19685004965057862,0.7093953112798775,50,20,20
1,9628,1.6346624094611307e-08,0.09375462272291864,0.1968530174045853,0.7093923435258708,50,20,20
1,9629,1.634662405812127e-08,0.09375462272291893,0.19679272030282058,0.7094526406276355,50,20,20
1,9630,1.636353085932728e-08,0.0937554173851321,0.19679192562365003,0.7094526406276858,50,20,20
1,9631,1.6363530859036188e-08,0.09375541722545916,0.19678174439183801,0.7094628220191708,50,20,20
1,9632,1.636350991507205e-08,0.09375581078447116,0.19675183622675668,0.7094923366252616,50,20,20
1,9633,1.6363509915071457e-08,0.09375581078447093,0.19675183066234067,0.7094923421896777,50,20,20
1,9634,1.6363504458996858e-08,0.09375581078424464,0.19669402151235538,0.7095501513398946,50,20,20
1,9635,3.1415568567913874e-06,0.0937558107937977,0.1966865720196192,0.7095544756297251,50,20,20
1,9636,3.1415568567913108e-06,0.09375581079379774,0.19668657786812765,0.7095544697812166,50,20,20
1,9637,3.1415568421074767e-06,0.09375581079365056,0.19661794429697121,0.7096231033525351,50,20,20
1,9638,3.14155681826118e-06,0.0937558107936383,0.19661246481175434,0.709628582837788,50,20,20
1,9639,3.141556818260562e-06,0.09375581068832345,0.19660266350911468,0.7096383842457424,50,20,20
1,9640,3.1415568182606477e-06,0.09375581068832345,0.1978637832416522,0.7083772645132049,50,20,20
1,9641,3.1415568182606756e-06,0.093755810688324,0.19786718704533704,0.7083738607095197,50,20,20
1,9642,3.6810486278434723e-06,0.09376740230482224,0.19785985161706027,0.7083690650294885,50,20,20
1,9643,3.681048627843306e-06,0.09376740230483764,0.1978767655978431,0.7083521510486903,50,20,20
1,9644,3.6810486278433055e-06,0.0937674023047835,0.19738484328893793,0.7088440733576497,50,20,20
1,9645,3.681048750079381e-06,0.09376749162362726,0.20987998306203015,0.696348844265592,50,20,20
1,9646,3.6810487500793822e-06,0.0937674916234392,0.20987198330159046,0.6963568440262198,50,20,20
1,9647,3.681048750079378e-06,0.09376749162343917,0.20987216546534665,0.6963566618624636,50,20,20
1,9648,3.6810487501271257e-06,0.09376792010735394,0.22278076400985378,0.6834476348340414,50,20,20
1,9649,3.6810487501274408e-06,0.09378296484470647,0.22276571942039725,0.6834476346861453,50,20,20
1,9650,3.681048753115537e-06,0.09378296484681421,0.22845477388957122,0.6777585802148607,50,20,20
1,9651,3.681048753115537e-06,0.09378296484681213,0.22844352237488078,0.6777698317295533,50,20,20
1,9652,3.681048753115916e-06,0.09378296484681217,0.22844039337053382,0.6777729607339001,50,20,20
1,9653,3.6810487531159166e-06,0.09378296486098618,0.2284548358166404,0.6777585182736197,50,20,20
1,9654,3.6810487533355857e-06,0.09378296486157735,0.23341829119437263,0.6727950628952961,50,20,20
1,9655,0.010748833107547744,0.09378288650806292,0.2224269445754496,0.673041335808939,50,20,20
1,9656,0.010748833107547744,0.09378288650804922,0.22243995751339324,0.6730283228710091,50,20,20
1,9657,0.010748833107547744,0.09378288650804922,0.222435785389223,0.6730324949951794,50,20,20
1,9658,0.010748823091166043,0.09380787601971954,0.22241095815652354,0.6730323427325898,50,20,20
1,9659,0.010748823091166053,0.0938078760197196,0.22241361237258903,0.6730296885165242,50,20,20
1,9660,0.010748823091166053,0.09380787601973531,0.2226898068161064,0.6727534940729911,50,20,20
1,9661,0.010748823091166053,0.09380787601969276,0.22269179964530056,0.6727515012438395,50,20,20
1,9662,0.010749662930321617,0.09380769871376778,0.2227377959344943,0.6727048424214146,50,20,20
1,9663,0.01074966293032163,0.09380769871376778,0.22273778184130155,0.6727048565146074,50,20,20
1,9664,0.01074966293032163,0.09380769871375237,0.2227208724684846,0.6727217658874397,50,20,20
1,9665,0.01074966293032163,0.09380769872554882,0.22365010688763187,0.6717925314564961,50,20,20
1,9666,0.010749662930335468,0.09380769872555325,0.22363374252929785,0.671808895814812,50,20,20
1,9667,0.010749662930332481,0.09380769872359183,0.2179449046130112,0.6774977337330632,50,20,20
1,9668,0.010749662930333114,0.09380769934202632,0.2181813089568841,0.6772613287707552,50,20,20
1,9669,0.010749662930333114,0.09367238545091881,0.2183166228479776,0.677261328770769,50,20,20
1,9670,0.010749662930333104,0.09367238545091876,0.21831396299204847,0.6772639886266981,50,20,20
1,9671,0.010749662928003384,0.09366807387926483,0.21831809893079288,0.677264164261937,50,20,20
1,9672,0.010749662956001738,0.09366961921382355,0.21831655356787294,0.6772641642622999,50,20,20
1,9673,4.6546245593921315e-06,0.0936979314252773,0.2243197927362595,0.6819776212139018,50,20,20
1,9674,4.654624559391754e-06,0.09369793144318311,0.22516126149918242,0.6811361524330731,50,20,20
1,9675,3.937503238116261e-06,0.09369973624066107,0.2251575354314918,0.6811387908246069,50,20,20
1,9676,3.9375032386600675e-06,0.09369973624066144,0.22515763630055174,0.6811386899555463,50,20,20
1,9677,3.937503238660057e-06,0.09369973624066136,0.22515716484158055,0.6811391614145177,50,20,20
1,9678,3.931977253286993e-06,0.09370451150941238,0.22515227563997642,0.6811392808733565,50,20,20
1,9679,3.931977253285858e-06,0.0937045115002904,0.22514774051844896,0.6811438160040059,50,20,20
1,9680,3.9319772533049126e-06,0.09370451150029036,0.2254279273214177,0.6808636292010373,50,20,20
1,9681,3.931977426443725e-06,0.09370703172578645,0.22545544304480594,0.6808335932519798,50,20,20
1,9682,3.931977426908971e-06,0.09370703172578645,0.22545554143995752,0.6808334948568278,50,20,20
1,9683,3.9319774269147565e-06,0.0937070317302342,0.22562692695450387,0.6806621093378337,50,20,20
1,9684,3.931977426914755e-06,0.09370703173008789,0.22562652573938224,0.6806625105531016,50,20,20
1,9685,3.931949428594094e-06,0.09398545778653145,0.2253480997113138,0.6806625105527248,50,20,20
1,9686,3.931949428731174e-06,0.0939854577865349,0.22534912777057037,0.6806614824934648,50,20,20
1,9687,3.9319498224317845e-06,0.09398545779956619,0.220402444177476,0.6856081660731342,50,20,20
1,9688,3.931949822406055e-06,0.09371818600479223,0.2206697159722411,0.6856081660731432,50,20,20
1,9689,3.931949822406371e-06,0.09371818600480061,0.22067415814449085,0.685603723900885,50,20,20
1,9690,3.931949822269291e-06,0.09371818600479719,0.22067329551363862,0.6856045865317408,50,20,20
1,9691,3.931949822269173e-06,0.09371818600480561,0.22066815514897278,0.6856097268963981,50,20,20
1,9692,3.931949822268709e-06,0.0937181860048011,0.22066783137390064,0.6856100506714747,50,20,20
1,9693,3.931949649058513e-06,0.1135534953071982,0.20083252472171648,0.6856100480214348,50,20,20
1,9694,3.931949649066448e-06,0.11355349530719827,0.20083377464231422,0.6856087981008369,50,20,20
1,9695,3.931949684267366e-06,0.11355349530721875,0.20083798613572174,0.6856045866073737,50,20,20
1,9696,3.931949684267359e-06,0.11355349530721917,0.20083810689170623,0.6856044658513889,50,20,20
1,9697,3.931949684250757e-06,0.11355349530724312,0.20083826866654914,0.685604304076522,50,20,20
1,9698,3.931949684250767e-06,0.11355349530722901,0.20097500713444827,0.6854675656086369,50,20,20
1,9699,3.931949684240881e-06,0.11355349530743286,0.20892821395024325,0.6775143587926382,50,20,20
1,9700,3.931947007443433e-06,0.1135274809552659,0.2089542282513172,0.6775143588464079,50,20,20
1,9701,3.4973972084710457e-07,0.11351595360345498,0.20896921686976794,0.6775144797870554,50,20,20
1,9702,3.4973972084710457e-07,0.11351595360345497,0.20896921662749715,0.6775144800293265,50,20,20
1,9703,3.4973932692665965e-07,0.11351595358981639,0.20894633038584534,0.6775373662850106,50,20,20
1,9704,3.4973932629326446e-07,0.11351595297138188,0.2087098351168895,0.6777738621724017,50,20,20
1,9705,3.4973934306276684e-07,0.11351595297140671,0.20843561862316892,0.6780480786660807,50,20,20
1,9706,3.4973934306276806e-07,0.11351595297139791,0.20843531225961104,0.6780483850296474,50,20,20
1,9707,3.4973934306276795e-07,0.11351595297139778,0.20843530511726183,0.6780483921719965,50,20,20
1,9708,2.3136397165412562e-07,0.11351413995773756,0.19597740425758173,0.6905082244207082,50,20,20
1,9709,2.3136397165406604e-07,0.11351413995771358,0.19597718732247515,0.6905084413558388,50,20,20
1,9710,2.3136412673302008e-07,0.11351413488663038,0.18986050760194725,0.6966251261472951,50,20,20
1,9711,2.3136412673308138e-07,0.11351413488663069,0.18859939333848177,0.6978862404107603,50,20,20
1,9712,2.313641128942822e-07,0.11351413488662616,0.18859945553267668,0.6978861782165837,50,20,20
1,9713,2.3136411289430428e-07,0.11351413488662919,0.1885996246582394,0.6978860090910181,50,20,20
1,9714,2.3136411289430412e-07,0.11351413488663166,0.1885998093169499,0.6978858244323051,50,20,20
1,9715,2.313641124290678e-07,0.11351413488663166,0.18859971600438696,0.6978859177448684,50,20,20
1,9716,2.3136412274643722e-07,0.11350574608467622,0.18860822455532097,0.6978857979958794,50,20,20
1,9717,2.3136412274760046e-07,0.11350574609475132,0.1886210790199696,0.6978729435211557,50,20,20
1,9718,2.269887582714919e-07,0.11350574589093736,0.18108847176787296,0.7054055553524305,50,20,20
1,9719,2.2698875827157607e-07,0.11350574589093732,0.1810883054847206,0.7054057216355829,50,20,20
1,9720,2.269887582715559e-07,0.11350574589093426,0.18108801550411274,0.7054060116161939,50,20,20
1,9721,2.269887582704267e-07,0.11350574589093419,0.18110838329577786,0.7053856438245291,50,20,20
1,9722,2.2698875826687908e-07,0.11350574589093436,0.1811056174995569,0.70538840962075,50,20,20
1,9723,2.2698875826909995e-07,0.11350574589105189,0.18110968939597444,0.7053843377242148,50,20,20
1,9724,1.4404633650916007e-07,0.11574168234349705,0.17860285886254057,0.7056553147476251,50,20,20
1,9725,1.4404633649036777e-07,0.1157416823434969,0.17832258676371066,0.7059355868464552,50,20,20
1,9726,1.4404635908012325e-07,0.11574168234349701,0.1783273865919542,0.705930787018189,50,20,20
1,9727,1.4404636051289412e-07,0.11574168234349715,0.17832749046434349,0.7059306831457981,50,20,20
1,9728,1.4404634374322667e-07,0.11574168234345661,0.17832552123568923,0.7059326523745096,50,20,20
1,9729,1.4405016148038986e-07,0.11706933928254273,0.17699786429049247,0.7059326523768026,50,20,20
1,9730,1.4405016148304184e-07,0.11706933926463683,0.17615295162634015,0.7067775650588609,50,20,20
1,9731,1.4379604063845287e-07,0.12120151096899633,0.17202079752821778,0.7067775477067445,50,20,20
1,9732,1.437960406366839e-07,0.12120151096899633,0.172020872235217,0.7067774729997452,50,20,20
1,9733,1.4379603969819121e-07,0.12120151096899967,0.1720245691147739,0.7067737761201859,50,20,20
1,9734,1.4379603969822864e-07,0.12120151096899953,0.17202822172182575,0.7067701235131342,50,20,20
1,9735,1.4379603969832608e-07,0.12120151094302906,0.17108460325336472,0.7077137420075659,50,20,20
1,9736,8.862228184840372e-11,0.12117318780347752,0.18188788112301896,0.6969389309848804,50,20,20
1,9737,8.862227608589676e-11,0.12117318779903019,0.1817166160678958,0.6971101960444508,50,20,20
1,9738,8.79188854144689e-11,0.12117915765678294,0.1817106462319025,0.6971101960233945,50,20,20
1,9739,1.0884777708757854e-10,0.12117916482472697,0.1939124008594929,0.6849084342069309,50,20,20
1,9740,1.0884779982957585e-10,0.12117916482472943,0.1939010359996744,0.6849197990667473,50,20,20
1,9741,1.0884777498913027e-10,0.12117916482472704,0.1939002370147053,0.6849205980517188,50,20,20
1,9742,1.0884777484149029e-10,0.12117916482472676,0.19390011305131438,0.6849207220151099,50,20,20
1,9743,1.0884777981106073e-10,0.12117916492194393,0.205511515377359,0.6733093195918483,50,20,20
1,9744,1.0884777978288219e-10,0.12117916492194639,0.20552346993433257,0.6732973650348723,50,20,20
1,9745,1.0884777945557746e-10,0.12117916492195085,0.2053822800280022,0.6734385549411982,50,20,20
1,9746,1.0884777945565926e-10,0.12117916492195085,0.20538227629037903,0.6734385586788215,50,20,20
1,9747,1.0806528159604537e-07,0.11896268997790432,0.20786938902395524,0.6731678129328583,50,20,20
1,9748,1.0806528159604574e-07,0.11896268997790432,0.2078562470441454,0.6731809549126683,50,20,20
1,9749,1.0806528159598675e-07,0.11896268997790947,0.20783614368344377,0.6732010582733647,50,20,20
1,9750,1.0806527062101206e-07,0.11896269089510884,0.20783599807079622,0.6732012029688242,50,20,20
1,9751,1.0804835964842153e-07,0.13881246381430482,0.18798619497278357,0.6732012331645514,50,20,20
1,9752,1.0804835964867601e-07,0.13881246381430498,0.1879861724703314,0.6732012556670034,50,20,20
1,9753,1.0804454183713596e-07,0.13910236182130967,0.1876962744695221,0.6732012556646256,50,20,20
1,9754,1.0802361294948318e-07,0.13910235466837417,0.17572255301203946,0.6851749842959727,50,20,20
1,9755,1.0802361297778802e-07,0.13910239352121048,0.1764301240620045,0.6844673743931713,50,20,20
1,9756,1.080236129798256e-07,0.13910239352121048,0.17643401712207726,0.6844634813330985,50,20,20
1,9757,1.0802362516667941e-07,0.13910239352109774,0.17643007137634506,0.6844674270789314,50,20,20
1,9758,1.0802362518083468e-07,0.13910239352110054,0.17643266162280496,0.6844648368324687,50,20,20
1,9759,1.0802362518084256e-07,0.1391023935211012,0.17643278136499452,0.6844647170902783,50,20,20
1,9760,1.080236251807957e-07,0.13910239352110124,0.17642866658565917,0.6844688318696136,50,20,20
1,9761,1.0802362517361494e-07,0.13500729780805543,0.1805237622987139,0.6844688318696047,50,20,20
1,9762,1.080236251741105e-07,0.13500729797269412,0.18054003818504163,0.6844525558186382,50,20,20
1,9763,1.0802362517401504e-07,0.13500729797269415,0.18053998264833265,0.6844526113553472,50,20,20
1,9764,1.0802362515986928e-07,0.1350072979726916,0.18054209291280823,0.6844505010908741,50,20,20
1,9765,1.0802362513451244e-07,0.13516766860547513,0.18038172227818675,0.6844505010927122,50,20,20
1,9766,1.0802395897131948e-07,0.1351676686054828,0.18038341792188578,0.6844488054486717,50,20,20
1,9767,1.0801737228564992e-07,0.13481225632216137,0.18073882752667086,0.6844488081337949,50,20,20
1,9768,1.0801737228564043e-07,0.13481225632216112,0.18073412691571467,0.6844535087447514,50,20,20
1,9769,1.0801734969591172e-07,0.13481225632218277,0.18073466038025973,0.6844529752802074,50,20,20
1,9770,1.080173491454179e-07,0.1349342179806302,0.1806127289164977,0.6844529450855226,50,20,20
1,9771,1.0801734935150852e-07,0.13493421970802588,0.18061273719633023,0.6844529350782941,50,20,20
1,9772,1.0801734943273627e-07,0.13493421970802588,0.18061392386075578,0.6844517484138684,50,20,20
1,9773,1.0801734943293068e-07,0.13493421974431302,0.18143455357853758,0.6836311186597993,50,20,20
1,9774,1.0801735001310232e-07,0.13493421974431316,0.18143459543657584,0.6836310768017603,50,20,20
1,9775,1.0801735002077802e-07,0.134934219744109,0.17365369509971743,0.6914119771388226,50,20,20
1,9776,1.0801735002074333e-07,0.1349342197440872,0.17364831868508218,0.6914173535534798,50,20,20
1,9777,1.0801701617600077e-07,0.13493421974454292,0.17366233935307482,0.6914033328853653,50,20,20
1,9778,1.080170343903662e-07,0.13493421964732585,0.16204648037640812,0.7030191919592309,50,20,20
1,9779,2.5505418634756727e-10,0.13571418809761368,0.16126300730560014,0.7030228043417311,50,20,20
1,9780,2.550541863247113e-10,0.13571418809761338,0.16126319343566847,0.7030226182116631,50,20,20
1,9781,2.5505413872685013e-10,0.1357137596174858,0.14836411953207837,0.7159221205953805,50,20,20
1,9782,2.55054138719244e-10,0.1357131988795999,0.14836468027105656,0.7159221205942882,50,20,20
1,9783,2.5505413859522057e-10,0.13571319887960137,0.14837282812687724,0.7159139727384661,50,20,20
1,9784,9.638696464142091e-05,0.1357131974266386,0.13928838842830107,0.724902027180418,50,20,20
1,9785,9.638696464141889e-05,0.1357131974266386,0.13928466795350122,0.7249057476552179,50,20,20
1,9786,9.638701734936432e-05,0.13571753795405672,0.13928025809968395,0.7249058169289084,50,20,20
1,9787,9.638701734936432e-05,0.1357175379540694,0.1401702309405272,0.7240158440880526,50,20,20
1,9788,9.638701735641222e-05,0.13571753795406605,0.14017025453547943,0.7240158204930967,50,20,20
1,9789,9.638701735641247e-05,0.1380228241205026,0.13786496836904288,0.7240158204930967,50,20,20
1,9790,9.63870173564849e-05,0.13802282412051148,0.13803901238313102,0.7238417764789996,50,20,20
1,9791,9.638701735594109e-05,0.13802282413401387,0.1387770724005852,0.7231037164480437,50,20,20
1,9792,2.982327319815982e-07,0.13802466412144024,0.1474586206134472,0.7145164170323794,50,20,20
1,9793,2.9823273198159874e-07,0.13802466412142964,0.14680249407632812,0.715172543569509,50,20,20
1,9794,2.982327319004191e-07,0.13802466412754325,0.1468122345030262,0.7151628031366974,50,20,20
1,9795,2.982327319096786e-07,0.1380246641275433,0.14681227840336145,0.7151627592363622,50,20,20
1,9796,2.985143345993661e-07,0.13809215883972187,0.14674470570762613,0.7151628369383163,50,20,20
1,9797,2.985143345993796e-07,0.13809215883972,0.14651153893315455,0.7153960037127897,50,20,20
1,9798,2.98514181967756e-07,0.13809217020819292,0.15356430593169784,0.7083432253459262,50,20,20
1,9799,2.985141819697993e-07,0.13809217020820988,0.1535707835323888,0.7083367477452184,50,20,20
1,9800,2.985145543398013e-07,0.13809217020944328,0.15357630572600325,0.7083312255499981,50,20,20
1,9801,2.985145542677117e-07,0.13809217021150055,0.1593621113109915,0.7025454199629526,50,20,20
1,9802,2.9851455426756224e-07,0.13809217020772568,0.15936839276713063,0.7025391385105882,50,20,20
1,9803,2.9851324580495114e-07,0.1387328520812785,0.15872771641465275,0.7025391329908218,50,20,20
1,9804,2.9851323363313444e-07,0.13873285208133457,0.15888507420305578,0.7023817752023749,50,20,20
1,9805,2.985132338204135e-07,0.13857126140991652,0.15904666487447341,0.702381775202375,50,20,20
1,9806,2.9851323382156824e-07,0.13857126140991766,0.15904649507841653,0.7023819449984308,50,20,20
1,9807,2.9899233001415296e-07,0.1385752897256934,0.1607319060512172,0.7006925052307583,50,20,20
1,9808,2.9899233010818896e-07,0.1383965207713564,0.16091067500555442,0.7006925052307582,50,20,20
1,9809,1.0675238416648155e-09,0.1384220003964925,0.16091017156997825,0.7006678269660044,50,20,20
1,9810,1.0675236555788663e-09,0.13858345213889303,0.1607487198274901,0.7006678269660922,50,20,20
1,9811,1.067523655818201e-09,0.13858345213889303,0.16074871641042462,0.7006678303831579,50,20,20
1,9812,1.0675236555997737e-09,0.13858345213889295,0.16074869664646865,0.700667850147114,50,20,20
1,9813,1.0675236555756649e-09,0.13858345213889045,0.1607368337301353,0.7006797130634499,50,20,20
1,9814,1.067505436213063e-09,0.13858345213888973,0.1607349185316888,0.7006816282619153,50,20,20
1,9815,1.0675048557792878e-09,0.13858345213889384,0.16073508510373893,0.7006814616898616,50,20,20
1,9816,1.0675048554665337e-09,0.13858219375072792,0.16073634349190746,0.7006814616898589,50,20,20
1,9817,1.0675048554305733e-09,0.13858219375072786,0.16073629300865167,0.7006815121731148,50,20,20
1,9818,8.350940879921201e-10,0.1428790138505418,0.15644341534805475,0.7006775699663079,50,20,20
1,9819,8.350940878462764e-10,0.1428790138143806,0.15562660870293155,0.7014943766475926,50,20,20
1,9820,8.35094085802995e-10,0.14287901381435916,0.15562010204114826,0.7015008833093974,50,20,20
1,9821,5.534913975245691e-10,0.1428115181518922,0.150410706098963,0.7067777751956522,50,20,20
1,9822,5.534913967645707e-10,0.14281151815189072,0.15040251312648123,0.7067859681681357,50,20,20
1,9823,5.534914054817333e-10,0.14281151815558826,0.1504119419794341,0.7067765393114853,50,20,20
1,9824,6.942897414565843e-11,0.14280854483392175,0.15041491571826326,0.706776539378385,50,20,20
1,9825,6.947219421262104e-11,0.14224900291450043,0.15097434516783284,0.7067766518481935,50,20,20
1,9826,6.947219422906489e-11,0.1422490029145006,0.15097440919693794,0.7067765878190881,50,20,20
1,9827,6.947216495327713e-11,0.14224896405159934,0.15055442822557782,0.7071966076533497,50,20,20
1,9828,6.947214780626186e-11,0.1422489640515387,0.15040266736561178,0.7073483685133765,50,20,20
1,9829,6.851448754767161e-11,0.13740247625734525,0.15524919997300915,0.70734832370113,50,20,20
1,9830,6.839341367199246e-11,0.13737519002491141,0.15564877457986626,0.706976035326828,50,20,20
1,9831,6.84023421430033e-11,0.1373716206132047,0.1556523439915408,0.706976035326851,50,20,20
1,9832,7.335061572465394e-11,0.13926966833492588,0.15375429616472658,0.7069760354269958,50,20,20
1,9833,7.335061565845094e-11,0.13926966833492568,0.153748571317127,0.7069817602745957,50,20,20
1,9834,7.336259617460011e-11,0.13927893739198555,0.1537394779341337,0.7069815846005164,50,20,20
1,9835,7.336259612671133e-11,0.13927893738587266,0.15372847779033422,0.7069925847504289,50,20,20
1,9836,7.336259612684867e-11,0.13927893738587394,0.1537286260966526,0.7069924364441091,50,20,20
1,9837,7.336259662295341e-11,0.13927893738587527,0.15372874518534346,0.706992317355417,50,20,20
1,9838,7.33625968783914e-11,0.13927893738587535,0.1537287917466014,0.706992270794159,50,20,20
1,9839,3.214812832673476e-06,0.13928258803096422,0.15372193132518056,0.706992265831021,50,20,20
1,9840,3.2148128326734764e-06,0.13928258803096422,0.1537358159090661,0.7069783812471354,50,20,20
1,9841,3.214812832673221e-06,0.1392825880309662,0.1537359479607588,0.7069782491954409,50,20,20
1,9842,3.2148124603715993e-06,0.13928258802973287,0.1537303990405372,0.706983798117268,50,20,20
1,9843,3.214812429195651e-06,0.1390327632815124,0.15398022588274135,0.7069837960233154,50,20,20
1,9844,3.2148124291956055e-06,0.13903276328151348,0.15398829806262845,0.7069757238434272,50,20,20
1,9845,3.21481242926381e-06,0.13903276328305292,0.15399398135832473,0.7069700405461914,50,20,20
1,9846,3.214812429260645e-06,0.13898502834480556,0.15404171629836821,0.7069700405443955,50,20,20
1,9847,3.214812397827988e-06,0.1389849954513256,0.15404553756374395,0.7069662521725312,50,20,20
1,9848,3.21481239781875e-06,0.1389849954528599,0.15405270474294494,0.7069590849917959,50,20,20
1,9849,3.214812398114887e-06,0.13897683346327752,0.15406086673250788,0.7069590849918153,50,20,20
1,9850,3.214812398113732e-06,0.13897683346328138,0.15406097995762186,0.7069589717666973,50,20,20
1,9851,3.2148074498567716e-06,0.13914244299675407,0.15389537052918448,0.7069589716666103,50,20,20
1,9852,3.2148074498567814e-06,0.1391424429967499,0.153895208644317,0.7069591335514819,50,20,20
1,9853,3.2148074498568292e-06,0.13914244299521553,0.1538880557411453,0.706966286456188,50,20,20
1,9854,3.2148095618612813e-06,0.13914244299399123,0.14826283381587793,0.7125915083805678,50,20,20
1,9855,3.2148095618612855e-06,0.13914244299352777,0.14824602362656808,0.7126083185703412,50,20,20
1,9856,3.2148095617929054e-06,0.13914244299352885,0.14825412143475156,0.7126002207621567,50,20,20
1,9857,3.2148095617939663e-06,0.139142442993528,0.1482460355446035,0.7126083066523056,50,20,20
1,9858,3.2148095617941086e-06,0.1391424429935158,0.14823030660605496,0.7126240355908664,50,20,20
1,9859,3.2148095617941086e-06,0.13914244299408554,0.1482307221903335,0.712623620006018,50,20,20
1,9860,3.2148095617941086e-06,0.13914244299408554,0.14821697792695004,0.7126373642694016,50,20,20
1,9861,3.214809561794106e-06,0.1391424429942277,0.14822780645724623,0.7126265357389633,50,20,20
1,9862,4.110258801525365e-05,0.13916000899912112,0.14817234439290822,0.7126265440199543,50,20,20
1,9863,4.1102588016681496e-05,0.1391600090345128,0.14800069189092757,0.7127981964865416,50,20,20
1,9864,4.110258801661331e-05,0.1391600090329683,0.14799480622817388,0.7128040821508401,50,20,20
1,9865,4.1102588016613686e-05,0.13916000901946557,0.14725965887443937,0.7135392295180771,50,20,20
1,9866,4.110258801660966e-05,0.13916000923716035,0.160908398469036,0.6998904897057864,50,20,20
1,9867,4.1102588016657386e-05,0.13916000923716731,0.16112738701107537,0.69967150116374,50,20,20
1,9868,4.1102588030287115e-05,0.1338744578939889,0.16641293835425938,0.6996715011637208,50,20,20
1,9869,4.1102728228691407e-05,0.13388061519001426,0.16640656273533996,0.6996717193464158,50,20,20
1,9870,4.1102728228691407e-05,0.1338806151900126,0.16640649358427154,0.6996717884974859,50,20,20
1,9871,4.110272822914253e-05,0.1338806151900075,0.16656561329401595,0.6995126687877462,50,20,20
1,9872,4.110272823383965e-05,0.13404149295717105,0.166404594461679,0.6995128098529149,50,20,20
1,9873,4.110272823382497e-05,0.13404232640874775,0.1664037610101585,0.6995128098528588,50,20,20
1,9874,4.11027282518814e-05,0.13404232640860797,0.1664596029500897,0.6994569679130492,50,20,20
1,9875,4.11027282543847e-05,0.13404232641044522,0.16646853450560578,0.6994480363556935,50,20,20
1,9876,4.1102728269466224e-05,0.13396836716510582,0.1665424920703777,0.699448038036246,50,20,20
1,9877,4.110272826948916e-05,0.1307762023450188,0.169734646506588,0.699448048420123,50,20,20
1,9878,4.587165877509478e-05,0.13077657724101976,0.1745814622375411,0.6945960888626637,50,20,20
1,9879,4.5871669836624246e-05,0.1307501061767956,0.17460794367436897,0.6945960784789983,50,20,20
1,9880,4.587166983185029e-05,0.13075010587134145,0.17400257132129485,0.6952014511375313,50,20,20
1,9881,4.587166983178648e-05,0.1307501058712992,0.1739978608470668,0.6952061616118016,50,20,20
1,9882,4.587166982424432e-05,0.13075010587129932,0.17399429097656754,0.6952097314823084,50,20,20
1,9883,4.587166982540348e-05,0.13075010587129934,0.1740803003924287,0.6951237220664459,50,20,20
1,9884,4.58716698254031e-05,0.13075010587129954,0.17407754338142237,0.6951264790774521,50,20,20
1,9885,4.5871669825403085e-05,0.13075010587130023,0.17407760728798347,0.6951264151708902,50,20,20
1,9886,4.5871669825403106e-05,0.13075010587148012,0.17408948733714896,0.6951145351215449,50,20,20
1,9887,4.587167156426313e-05,0.13075010612633828,0.17427162830578077,0.6949323938963158,50,20,20
1,9888,4.587167156426264e-05,0.13075010596169961,0.174255355724941,0.6949486666417944,50,20,20
1,9889,4.5871671546207154e-05,0.13075010596169725,0.174188673794243,0.6950153485725127,50,20,20
1,9890,4.587167156719145e-05,0.13075010596169728,0.1741886344511444,0.6950153879155905,50,20,20
1,9891,4.587167156719145e-05,0.13075010596169748,0.17419494584546086,0.6950090765212739,50,20,20
1,9892,4.5871671614188554e-05,0.13075147923932706,0.17478729972014712,0.6944153493689107,50,20,20
1,9893,4.587167161418762e-05,0.13075147923977867,0.17478781707845165,0.6944148320101547,50,20,20
1,9894,4.587166987532758e-05,0.13075147898600278,0.1861514379133764,0.6830512114307449,50,20,20
1,9895,4.587166987532758e-05,0.1307514789860015,0.1861514381178048,0.6830512112263177,50,20,20
1,9896,4.5871669875327695e-05,0.13075147898607273,0.18634120573014198,0.6828614436139094,50,20,20
1,9897,4.587166987389161e-05,0.1307514789506782,0.18633793138123644,0.6828647179982107,50,20,20
1,9898,4.587166987384339e-05,0.13075147895066994,0.1861189801592772,0.6830836692201784,50,20,20
1,9899,4.587166987134105e-05,0.1307514789488417,0.18611510965640093,0.6830875397248853,50,20,20
1,9900,4.587166987134121e-05,0.13075147894884093,0.1866018338266752,0.6826008155546118,50,20,20
1,9901,4.587166987134122e-05,0.1307514789488409,0.18660175936674886,0.6826008900145382,50,20,20
1,9902,4.587166987134122e-05,0.1307514789527036,0.18661015299940367,0.6825924963780207,50,20,20
1,9903,4.5871669871341226e-05,0.13075147895271158,0.18662749155890043,0.682575157818516,50,20,20
1,9904,4.5871855407951634e-05,0.14312972600379534,0.17424924261771385,0.6825751595230822,50,20,20
1,9905,4.5871856139156126e-05,0.14312972600379542,0.1742504598917333,0.6825739422483315,50,20,20
1,9906,4.5871854028473776e-05,0.14312972600295593,0.17391809962720484,0.6829063025158102,50,20,20
1,9907,4.769327111102371e-06,0.1432950152844305,0.17379392118745673,0.6829062942010014,50,20,20
1,9908,4.769422422228731e-06,0.14312738522367374,0.17396155101544772,0.6829062943384561,50,20,20
1,9909,4.769422387027687e-06,0.14312738522365354,0.17396353993280136,0.682904305421158,50,20,20
1,9910,4.769917379316763e-06,0.1400362946752744,0.177054370494502,0.6829045649128441,50,20,20
1,9911,1.0152848557577101e-09,0.14003591982004085,0.16270799932034624,0.6972560798443277,50,20,20
1,9912,1.0152849606586324e-09,0.1400359198164006,0.16270582788984414,0.6972582512784701,50,20,20
1,9913,1.0152849606462284e-09,0.14003591981639982,0.16270306285589892,0.6972610163124162,50,20,20
1,9914,1.015284960626818e-09,0.14003591981621966,0.16269108061034654,0.6972729985581486,50,20,20
1,9915,1.0152849596601404e-09,0.140035919816216,0.1626862026377232,0.6972778765307756,50,20,20
1,9916,1.0166753257040672e-09,0.1400359256937797,0.17281021109078165,0.687153862198763,50,20,20
1,9917,1.0166753255275644e-09,0.1400359256937797,0.1728169933966863,0.6871470798928584,50,20,20
1,9918,1.0662600161372602e-09,0.1400359256939275,0.17273332510867984,0.6872307481311323,50,20,20
1,9919,1.0662600161387235e-09,0.1400359256939268,0.17273324215222555,0.6872308310875873,50,20,20
1,9920,1.066493984115948e-09,0.14003593361555924,0.18191618563767453,0.6780478796802712,50,20,20
1,9921,4.933523739003944e-08,0.1398690543107022,0.18147751087064887,0.6786533854834107,50,20,20
1,9922,4.909693517837436e-08,0.1474533693318299,0.17389326708917088,0.6786533144820638,50,20,20
1,9923,4.90969354572699e-08,0.14745336909932122,0.18000635963546166,0.6725402221682812,50,20,20
1,9924,4.909693545712821e-08,0.147453369099321,0.1800062887579371,0.6725402930458059,50,20,20
1,9925,4.909693545713674e-08,0.1474533690993327,0.18001044143274736,0.672536140370984,50,20,20
1,9926,4.909671426017561e-08,0.14745386700223245,0.1665320490003249,0.686014034900728,50,20,20
1,9927,4.909671433460841e-08,0.14745386700178106,0.16653455698525163,0.6860115269162526,50,20,20
1,9928,4.9096714702989874e-08,0.14745386700921045,0.16653450151846586,0.6860115823756086,50,20,20
1,9929,4.910319845177844e-08,0.14745250149724037,0.16654048129525897,0.6860069681043018,50,20,20
1,9930,4.9103198451778446e-08,0.14745250149724207,0.16654066354181718,0.6860067858577419,50,20,20
1,9931,4.9103198083397385e-08,0.14745250148981254,0.16653440847492498,0.6860130409320639,50,20,20
1,9932,4.910333101745422e-08,0.14745250148998718,0.17016278985538805,0.6823846595512932,50,20,20
1,9933,4.910432514651573e-08,0.14745250149045155,0.1702356502601302,0.6823117991450927,50,20,20
1,9934,4.9104301136517816e-08,0.14752132549337965,0.17016682793780183,0.6823117974645169,50,20,20
1,9935,4.9104301136522104e-08,0.14752132549337965,0.17065808268963298,0.6818205427126857,50,20,20
1,9936,4.910430113652796e-08,0.14752132549337965,0.1706581247909097,0.681820500611409,50,20,20
1,9937,4.9054715286759626e-08,0.1475213254932317,0.17065566141379176,0.6818229640382608,50,20,20
1,9938,4.9054715494240347e-08,0.14752132549323174,0.17071749521306356,0.6817611302389885,50,20,20
1,9939,4.9093242837584896e-08,0.14752167473509112,0.17089972833324812,0.6815785478384175,50,20,20
1,9940,4.909325511374488e-08,0.1475216747350914,0.17076376333765061,0.6817145128340024,50,20,20
1,9941,4.909325511373864e-08,0.1475216747350914,0.1707637247956469,0.6817145513760061,50,20,20
1,9942,4.9064899519900856e-08,0.14752167469446575,0.17237834477638908,0.6800999314642453,50,20,20
1,9943,4.906488428282375e-08,0.14752115747865802,0.16588434922024078,0.6865944442362166,50,20,20
1,9944,4.906488418884091e-08,0.1476510622013284,0.16575444449756874,0.6865944442362182,50,20,20
1,9945,4.906487191252707e-08,0.14765106220150337,0.1654163005598891,0.6869325881737351,50,20,20
1,9946,4.906487191251415e-08,0.14765106220132812,0.16540855945930807,0.6869403292744914,50,20,20
1,9947,4.9064871912656466e-08,0.14765106220134508,0.16540875575931252,0.6869401329744701,50,20,20
1,9948,4.906487484834503e-08,0.14765106220137333,0.16555376376737574,0.6867951249663757,50,20,20
1,9949,4.90634731909737e-08,0.1476510563238127,0.15557074398624113,0.696778150626473,50,20,20
1,9950,4.906347186855215e-08,0.1476510563238113,0.1555684583267417,0.6967804362859751,50,20,20
1,9951,4.906347187004833e-08,0.14765105632379985,0.15556428490813848,0.6967846097045897,50,20,20
1,9952,4.906347186854365e-08,0.14765105632379957,0.15556434855896392,0.6967845460537646,50,20,20
1,9953,4.906347186984664e-08,0.1476510563237996,0.1555642352424658,0.6967846593702628,50,20,20
1,9954,4.906347186984663e-08,0.1476510563237995,0.15556412032076966,0.6967847742919591,50,20,20
1,9955,4.906347193584184e-08,0.14765105632036163,0.155628525553312,0.6967203690628545,50,20,20
1,9956,4.9063471935788516e-08,0.14772778503803152,0.15555179683564352,0.6967203690628532,50,20,20
1,9957,4.906347193578844e-08,0.1477277850380263,0.15556832307765397,0.696703842820848,50,20,20
1,9958,4.906347244848344e-08,0.14772794306376485,0.1555681650149023,0.6967038428578602,50,20,20
1,9959,4.906347245189573e-08,0.1477279430631951,0.15556757898235923,0.6967044288909732,50,20,20
1,9960,4.857154930730033e-08,0.15242642781077673,0.15086934606245359,0.6967041775552203,50,20,20
1,9961,4.857154637161114e-08,0.15242642781074697,0.15072421516041182,0.6968493084572949,50,20,20
1,9962,4.857154637354113e-08,0.15242642781074708,0.15072512646923508,0.6968483971484715,50,20,20
1,9963,4.857154616598356e-08,0.152426427810747,0.15066329279231064,0.6969102308253962,50,20,20
1,9964,4.857154616598526e-08,0.15242642923113905,0.15158247670860533,0.6959910454887093,50,20,20
1,9965,4.857154618111596e-08,0.15242642923101332,0.15158044590260555,0.6959930762948348,50,20,20
1,9966,4.857154618110786e-08,0.1524264292310164,0.15158053878070876,0.6959929834167284,50,20,20
1,9967,4.8568463117572905e-08,0.15611277689014907,0.14789419928059228,0.6959929752607954,50,20,20
1,9968,4.85684631175729e-08,0.15611277689014907,0.14789439879542718,0.6959927757459604,50,20,20
1,9969,4.8568463120116115e-08,0.1561127768901677,0.14789442757434063,0.6959927469670284,50,20,20
1,9970,4.856846312011973e-08,0.15611277689016767,0.14790326512456622,0.6959839094168028,50,20,20
1,9971,4.856846311757193e-08,0.15611277689014813,0.14790317794105567,0.6959839966003329,50,20,20
1,9972,4.8568463120873574e-08,0.1561127768965867,0.1484685069760666,0.6954186675588834,50,20,20
1,9973,4.856849188316335e-08,0.1561127777205418,0.14191411582932215,0.701973057881644,50,20,20
1,9974,4.856849187675107e-08,0.15609434576168887,0.14193254778811942,0.7019730578816997,50,20,20
1,9975,4.856849187568992e-08,0.15609434576168868,0.14193246981804689,0.7019731358517726,50,20,20
1,9976,4.8568491875873754e-08,0.1560943457651509,0.14193259654931858,0.7019730091170385,50,20,20
1,9977,4.8567760671374584e-08,0.15609434576515085,0.1419313040001186,0.7019743016669697,50,20,20
1,9978,4.8567760671374194e-08,0.15610566112820284,0.14191998863706665,0.7019743016669697,50,20,20
1,9979,4.85677606760506e-08,0.1561056611328591,0.1424753150697791,0.7014189752296011,50,20,20
1,9980,4.85677606759355e-08,0.1561056611328705,0.14217703895760717,0.7017172513417614,50,20,20
1,9981,4.856767636147108e-08,0.15610566030865222,0.14189348420652775,0.7020008069171435,50,20,20
1,9982,4.8567676398606556e-08,0.15447102536265495,0.14352811537768007,0.7020008106919882,50,20,20
1,9983,4.856767670439129e-08,0.1544710239422629,0.14260880328772882,0.7029201242023313,50,20,20
1,9984,4.85676767063215e-08,0.15446976775464397,0.1426100594753477,0.7029201242023313,50,20,20
1,9985,4.856767670678587e-08,0.15446976775464397,0.14261005455267678,0.7029201291250022,50,20,20
1,9986,4.856767670680154e-08,0.15446976775462246,0.14260781190873853,0.7029223717689621,50,20,20
1,9987,4.860762530172644e-08,0.154469767754428,0.14261773996495222,0.7029124436729937,50,20,20
1,9988,4.860762530173161e-08,0.15446976775442575,0.14262497097832594,0.7029052126596222,50,20,20
1,9989,4.8866340538123034e-08,0.15446975961943277,0.12297241967104242,0.7225577718431835,50,20,20
1,9990,4.886634056764791e-08,0.1544697596194392,0.1230602676446903,0.7224699238695292,50,20,20
1,9991,4.886634056764797e-08,0.1544697596197587,0.12306060767098803,0.722469583842912,50,20,20
1,9992,4.8866340118410407e-08,0.15446975961978052,0.12290797312652499,0.7226222183873535,50,20,20
1,9993,4.886634040949063e-08,0.15446975962084555,0.12326265407001902,0.7222675374427943,50,20,20
1,9994,4.8866340409489785e-08,0.15446975962084586,0.12326297366311623,0.7222672178496967,50,20,20
1,9995,4.886634040949188e-08,0.1544697596203952,0.1232560990622902,0.7222740924509735,50,20,20
1,9996,4.886634042388018e-08,0.15446975962039544,0.1232561654387785,0.722274026074485,50,20,20
1,9997,4.886634058519892e-08,0.15446975961693218,0.12343246072601996,0.7220977307907066,50,20,20
1,9998,4.886634058473855e-08,0.15446975961698697,0.12343275001743739,0.7220974414992344,50,20,20
1,9999,4.886634058473457e-08,0.15446975961693227,0.12343246580749473,0.7220977257092318,50,20,20
1,10000,4.88663405828068e-08,0.15446975961693216,0.12343619954586776,0.7220939919708589,50,20,20
